# Data extracted from file  C:/_C_drev/SMS-git/Data_baltic/2022-data/VPA_Ca01_new.IN 
# Date  Sat Sep 24 17:24:48 2022 
#The file includes catch numbers at age 
# if catch number=0  is applied for all ages in a year-season Zero fishing is assumed 
# if catch number<0  is catch numbers are assumened unknown (NA) 
# HER year: 1974 
     0.000  35592.664 337969.627 261471.704 230434.357  94645.987  41418.817  20193.292  72119.625      0.000      0.000      0.000
     0.000  88555.832 715303.665 645532.929 692744.928 218043.927 131760.899 102765.201 192289.453      0.000      0.000      0.000
  1421.024 165289.187 214024.126 200429.006 158344.307 364695.474 125476.316  46668.155 232057.364      0.000      0.000      0.000
  3406.587 257760.708 355470.528 323913.069 315562.068 249868.349  96220.692  58187.322 177581.418      0.000      0.000      0.000
# HER year: 1975 
     0.000  57979.639 280179.506 217448.374 147574.661 143916.075  30532.894  22651.837  82430.380      0.000      0.000      0.000
     0.000  80883.687 685208.745 646759.460 422021.370 407848.716 111911.317  66896.305 225174.199      0.000      0.000      0.000
  3344.609 123822.590 181522.774 183684.839 136451.548 423417.894 136981.431  47597.253 253222.942      0.000      0.000      0.000
 73773.281 468469.270 269607.336 229112.050 149047.471 251517.817  74425.687  39071.430 126717.500      0.000      0.000      0.000
# HER year: 1976 
     0.000  87193.127  51845.449 146550.428 209487.626 114853.999 113601.510  64190.901 119411.978      0.000      0.000      0.000
     0.000 117148.904 346403.684 487037.803 536595.585 384736.905 460091.125 183351.607 414315.584      0.000      0.000      0.000
   464.713 180030.437 189976.557 334165.187 310299.596 258221.040 255841.300 127976.569 219384.971      0.000      0.000      0.000
  8253.446 390692.380 264060.736 302628.019 185193.837 128603.819 127332.890  49055.782  85297.682      0.000      0.000      0.000
# HER year: 1977 
     0.000  27855.470 183309.757 134770.670  91809.739 104548.807  35866.170  34069.428  49075.862      0.000      0.000      0.000
     0.000  42520.196 474424.880 418091.055 280793.199 339018.934 205082.698 192171.199 264043.933      0.000      0.000      0.000
 30509.413 246867.854 323278.314 160819.473  91494.832 119185.051  60220.243  71700.657 145051.203      0.000      0.000      0.000
  2794.115 235214.553 324192.719 131468.392  88092.064 113091.356  59453.624  60709.238  89122.414      0.000      0.000      0.000
# HER year: 1978 
     0.000  47201.945 202003.191 178342.457  74828.592  56984.557  45175.221  27135.705  48425.476      0.000      0.000      0.000
     0.000  87969.604 555119.488 493470.933 219101.859 141883.763 108342.720  83803.529 181217.715      0.000      0.000      0.000
 67800.000 262114.368 185295.465 132199.303  46826.242  32418.664  55037.344  29302.078  74530.529      0.000      0.000      0.000
 37103.336 217980.533 187896.633 143696.753  48538.374  38755.913  35462.320  24193.685  43151.062      0.000      0.000      0.000
# HER year: 1979 
     0.000   5814.406 171501.240 130145.622  71945.200  22009.934  16837.302  25019.981  41704.762      0.000      0.000      0.000
     0.000  14763.022 318779.335 359663.360 334076.819 118783.041  67261.348 101173.012 180192.603      0.000      0.000      0.000
   400.000  66754.683 146642.619 129165.899 151749.571  50980.436  54558.305  62790.261 156115.917      0.000      0.000      0.000
 27400.000  76582.061 128321.076  90480.720  95039.560  27194.501  34229.752  38905.837 102983.356      0.000      0.000      0.000
# HER year: 1980 
     0.000 207066.423 151567.457 168744.757  96277.562  90316.940  22805.734  23446.365  82184.794      0.000      0.000      0.000
     0.000 292032.278 557902.242 522678.046 266465.383 413789.519  88486.771 100964.484 272734.266      0.000      0.000      0.000
 23875.904 185780.688 153985.583 151490.810 110178.370 119288.461  48717.653  37819.788 120500.034      0.000      0.000      0.000
140891.487 415806.519 168135.509 147254.410  75915.079  98111.622  30813.692  30044.615  66883.742      0.000      0.000      0.000
# HER year: 1981 
     0.000  48966.316 232765.456 125920.219 108918.006  57263.676  70808.460  31859.387  98792.581      0.000      0.000      0.000
     0.000 161685.199 730386.388 412875.989 307928.682 183718.064 258030.138  50996.500 206759.364      0.000      0.000      0.000
  2725.731 381379.826 247539.352 112260.881 120965.833  79374.197  87792.192  35964.735 149525.051      0.000      0.000      0.000
145520.717 437872.017 256136.944  80178.758  81837.749  45691.726  42979.115  15943.975  59274.148      0.000      0.000      0.000
# HER year: 1982 
      0.000   67943.601  399144.783  199274.259   46937.784   42849.243   23208.569   32298.186   54968.787       0.000       0.000       0.000
      0.000  167905.450 1239380.956  729129.468  270091.922  226857.637  112284.840  162617.110  187552.528       0.000       0.000       0.000
    700.000  197843.135  358432.992  108557.939   60785.508   58476.727   43039.449   43643.379   82331.287       0.000       0.000       0.000
 100512.190  422596.726  390686.159  119536.225   60883.697   54616.163   43399.839   35469.326   65163.492       0.000       0.000       0.000
# HER year: 1983 
     0.000 109998.259 384860.834 473859.736 150467.652  58880.347  60834.824  42429.647 106938.840      0.000      0.000      0.000
     0.000 375500.270 785153.623 953251.165 396499.786 136938.039 148128.347  80294.119 200129.619      0.000      0.000      0.000
  3833.518 158988.046 314659.483 343902.552 113318.521  52766.039  45657.065  45215.623 123613.371      0.000      0.000      0.000
241613.656 393003.857 415189.079 253973.025  98918.327  36882.296  35090.114  17524.218  46481.403      0.000      0.000      0.000
# HER year: 1984 
     0.000 111336.416 263853.893 258419.642 214402.384  52161.489  24914.172  24329.802  55784.630      0.000      0.000      0.000
     0.000 293850.226 620896.501 778985.657 629867.118 224621.162  89733.744 106740.921 177629.347      0.000      0.000      0.000
  4436.195 199787.471 195917.471 198991.697 181908.652  62063.468  34456.796  27802.203 100444.804      0.000      0.000      0.000
184487.022 436647.968 303606.411 299041.407 182950.144  61193.431  29149.141  18803.256  39290.864      0.000      0.000      0.000
# HER year: 1985 
     0.000 172642.192 165637.962 125036.019  86326.439  50107.188  15137.447   5257.604   7613.256      0.000      0.000      0.000
     0.000 103080.768 994339.942 667193.147 581734.176 475460.687 170502.382  78195.940 185163.459      0.000      0.000      0.000
  7209.727 226170.452 354581.418 218737.691 164898.699 117267.306  48526.180  33160.352 106541.388      0.000      0.000      0.000
 60987.606 787937.983 714556.764 235512.728 150161.733  86325.115  34216.910  20815.031  41503.701      0.000      0.000      0.000
# HER year: 1986 
     0.000  82345.906 232337.005 274913.275 128411.038  93169.376  39420.362   7752.304  12124.184      0.000      0.000      0.000
     0.000 179351.753 878185.252 967179.234 516262.168 363447.270 185976.136  58089.915  85881.354      0.000      0.000      0.000
  7180.000  66059.115 344996.971 283628.112 193197.688 152712.861  83969.213  39185.172  94278.497      0.000      0.000      0.000
115920.556 234266.821 384797.666 323093.197 111572.101  71877.993  30454.989  17744.937  22417.238      0.000      0.000      0.000
# HER year: 1987 
     0.000  38163.007  53462.444  89801.430  76848.554  44766.601  35684.251   8773.355  11832.456      0.000      0.000      0.000
     0.000 125475.815 291431.774 732342.412 619386.387 301405.507 205712.055 111855.201  75679.903      0.000      0.000      0.000
  1441.447 212312.734 185441.794 209138.703 209393.316 138455.568  88139.766  37944.525  41255.102      0.000      0.000      0.000
 16411.432 443966.399 134805.233 244040.765 231907.276  77578.791  54550.309  32285.862  17421.993      0.000      0.000      0.000
# HER year: 1988 
      0.000  172527.535  233564.514   91435.986  136269.549  111147.374   48622.879   31153.168   25578.992       0.000       0.000       0.000
      0.000   68697.241 1043978.749  449993.004  578447.179  516074.154  206780.896  152936.496  107597.360       0.000       0.000       0.000
   7060.504   70654.558  293183.985  134912.408  134981.570  122240.918   67292.841   51628.186   47009.714       0.000       0.000       0.000
  80856.458  116529.261  633597.965  148128.657  132719.453  122942.480   44366.932   19444.609   16920.946       0.000       0.000       0.000
# HER year: 1989 
     0.000  84593.934 139607.900 758459.954 183028.655 211435.919 159016.491  44864.751  44834.819      0.000      0.000      0.000
     0.000  71028.848 210609.084 961751.782 277212.592 334172.317 306036.321 103746.537 125972.143      0.000      0.000      0.000
 26391.832 240346.770 108615.386 231111.681 108057.334 116160.576  99817.385  44450.923  65609.461      0.000      0.000      0.000
 83847.511 370295.451 102979.945 404088.757 105385.866 151185.806 101716.205  46508.856  52177.387      0.000      0.000      0.000
# HER year: 1990 
     0.000  67746.957 433059.611 165431.667 432078.445 114140.574 112846.161  79225.080  39758.740      0.000      0.000      0.000
     0.000  30442.791 397519.667 212581.252 647207.467 168080.903 229923.814 138008.338 111892.106      0.000      0.000      0.000
  3667.481 229805.344 363267.076 200844.648 192195.912 147570.932  95589.589  34020.699  30129.067      0.000      0.000      0.000
 17440.680 294963.189 399392.339 242920.468 497230.137 166207.115 157377.966  71511.707  47403.454      0.000      0.000      0.000
# HER year: 1991 
     0.000  40547.916 408591.125 279059.938 117390.503 228964.969  79227.862  76074.827  66491.089      0.000      0.000      0.000
     0.000  26247.786 540229.695 475699.451 199864.131 444781.887 104156.994 128887.210 127007.237      0.000      0.000      0.000
  6200.122  97130.341 281557.874 217791.643  86135.739 104017.371  44188.311  35311.094  31909.761      0.000      0.000      0.000
105510.564 312273.651 531998.658 360071.718 118151.615 177466.146  72720.223  45678.822  36785.709      0.000      0.000      0.000
# HER year: 1992 
     0.000 124250.034 459946.915 667798.624 222454.047  91261.191 180018.746  55420.533  68324.389      0.000      0.000      0.000
     0.000  71971.000 419256.000 788661.000 360701.000 123810.000 257200.000  64560.000 138210.000      0.000      0.000      0.000
 13989.000 236458.000 144230.000 160926.000  92090.000  41370.000  34680.000  18660.000  16420.000      0.000      0.000      0.000
136351.000 733182.000 272860.000 225234.000 122790.000  42190.000  48980.000  15050.000  11890.000      0.000      0.000      0.000
# HER year: 1993 
     0.000 140973.513 559690.801 488764.905 420668.662 141387.305  46329.239  57680.276  30381.365      0.000      0.000      0.000
     0.000 201108.644 773236.110 639977.700 769923.517 282260.999 130887.811 150923.636 103376.843      0.000      0.000      0.000
 57760.605 143306.159 235248.576 212713.545 188476.440 103377.748  53955.680  32098.768  18210.981      0.000      0.000      0.000
 59023.013 533114.367 665781.990 459608.972 318767.949 155486.425  61869.823  35569.215  14949.275      0.000      0.000      0.000
# HER year: 1994 
     0  80300 176600 257100 252900 341000 181600  86800  65000      0      0      0
     0 134500 554900 787300 587400 571600 240900  80100 209500      0      0      0
 22300  82700 194200 305400 190000 133900  52800  28300  29200      0      0      0
148500 352800 499700 574800 294800 191500  60200  25400  33900      0      0      0
# HER year: 1995 
     0 264300 453800 861100 794600 253100 152100  50700  53000      0      0      0
     0 208700 376400 620300 598200 356100 246300 125500 139100      0      0      0
  2100 164700 141200 231000 221100 140400 103500  32400  32300      0      0      0
 67600 415100 305700 393400 368400 173300 109500  36000  39200      0      0      0
# HER year: 1996 
     0.000 288627.496 359379.062 266098.575 286426.618 204850.160 141012.359  74027.072  52347.428      0.000      0.000      0.000
     0.000 142626.056 670133.559 572297.153 642212.705 499547.517 334720.029 228711.275 178210.145      0.000      0.000      0.000
  5960.000 213844.314 283680.969 197799.622 208243.656 175217.190 104504.776  52756.757  31000.913      0.000      0.000      0.000
 72475.603 769480.451 578236.133 341058.172 327334.149 209519.783  95515.630  51219.367  19208.339      0.000      0.000      0.000
# HER year: 1997 
     0.000 106525.894 589481.248 577994.563 369477.659 259689.752 126884.516  53476.036  38842.645      0.000      0.000      0.000
     0.000 170055.255 716110.092 683358.459 496436.279 407833.830 270785.798 144603.773 119904.894      0.000      0.000      0.000
 24671.239  95937.193 241829.018 299118.987 194095.026 153231.041  89891.555  46321.186  32996.985      0.000      0.000      0.000
132483.036 380871.837 733577.520 737893.826 459301.505 326885.356 191692.450  90373.427  55443.609      0.000      0.000      0.000
# HER year: 1998 
      0  488181  355153  695147  831302  408741  200377  106457   78200       0       0       0
      0  245300  335800  640900  605500  333900  227900  131000  219500       0       0       0
  13727  345500  196000  396200  238600   87100   65000   34000   31400       0       0       0
  78600 1058500  356454  594714  390400  157100  104777   30450   24500       0       0       0
# HER year: 1999 
     0.000 319187.033 843455.990 259692.305 644743.205 451415.732 157695.212  86279.354  57900.000      0.000      0.000      0.000
     0.000 142943.855 498062.120 378075.041 472695.557 287211.616 132563.455  84994.608  93500.000      0.000      0.000      0.000
 55096.224 181986.215 203324.426 138590.306 103916.941  78778.000  38107.194  20789.979  16100.000      0.000      0.000      0.000
190168.921 346586.013 561987.669 329982.575 402899.620 289946.938  95543.314  54552.697  33800.000      0.000      0.000      0.000
# HER year: 2000 
     0.000 572535.785 667931.467 765385.209 341718.866 405925.448 258309.433  72963.303  62992.743      0.000      0.000      0.000
     0.000 284102.069 363497.171 524051.777 259765.754 314074.246 156292.790  59307.273  86360.101      0.000      0.000      0.000
 19142.314 355318.657 152313.769 190985.739  69285.822  75212.717  49008.683  25024.751  23529.133      0.000      0.000      0.000
179631.386 889292.921 308574.500 561136.289 271944.393 327379.900 187548.066  69102.291  65570.140      0.000      0.000      0.000
# HER year: 2001 
     0.000 489461.012 724395.488 274285.138 463791.514 185345.129 184881.521 147867.931  86306.994      0.000      0.000      0.000
     0.000 317197.764 586396.467 302987.711 357641.641 113628.306 144918.652  81281.226  93455.859      0.000      0.000      0.000
 74490.003 456685.841 392056.025 172637.868 173471.230  58562.672  93451.248  62136.855  43530.675      0.000      0.000      0.000
220075.265 608601.107 688789.054 233304.112 276795.681  99467.679  88850.807  68000.965  47073.134      0.000      0.000      0.000
# HER year: 2002 
     0 229600 285000 489100 146100 216200  75200  70900  65300      0      0      0
     0 254300 274300 353000 165500 146000  61300  57800  99300      0      0      0
 73200 198700  76000 115200  38500  51700  13900  20100  32300      0      0      0
382100 352000 377900 382700 106600 108600  29200  21000  33100      0      0      0
# HER year: 2003 
     0 340200 161300 152900 237900  80600  71100  31400  67900      0      0      0
     0 199900 275400 261300 245300  92400  67900  33500  84200      0      0      0
 52200 113500  69100  56300  68900  23400  29100  11200  26800      0      0      0
186600 693800 276800 216900 134500  65000  58600  13700  23800      0      0      0
# HER year: 2004 
     0 139000 391800 216500 189000 121700  56400  39400  33700      0      0      0
     0  80900 218100 187200 178700  93400  50100  34100  47300      0      0      0
  8100  54800  83800  55600  57300  55100  22300  19400  24000      0      0      0
 37500 382000 549200 214300 143200 114200  33700  26800  24800      0      0      0
# HER year: 2005 
     0  70800 294000 453600 210800 141600  79800  20100  31000      0      0      0
     0 149500 218200 312500 159900 122300  81600  40400 101500      0      0      0
 23000  26100  38000  77200  48500  31400  20700   9200  12200      0      0      0
130400  79700 203300 343700 137800  83400  37700  12800  14500      0      0      0
# HER year: 2006 
     0 164700 109500 289300 437400 172100 119000  82900  79600      0      0      0
     0 156200 133400 228500 269400 114700  68200  37500  43400      0      0      0
 31500  69400  46300  50500  83200  34100  27500  10300   9400      0      0      0
141000 418000 216300 185700 315000  88000  50100  23700  15200      0      0      0
# HER year: 2007 
     0 127100 362000 221500 286000 275500  86400  40200  32100      0      0      0
     0  83700 216900 148400 131300 200100  66400  37800  33400      0      0      0
 36600  31300  35000  35400  51100  86400  34700  18700  13600      0      0      0
201700 215400 306500 224900 234600 261500  81300  39400  32600      0      0      0
# HER year: 2008 
     0 156300 313600 414500 175400 203000 265000  54800  72900      0      0      0
     0  83000 154000 237800 130100 102400 224600  53200  88200      0      0      0
 13700  84200  39100  58100  34800  50800  67200  17400  17300      0      0      0
168000 465900 228600 257800 121400 129600 154100  40300  37200      0      0      0
# HER year: 2009 
     0 235000 584200 346400 380500 151300 173400 234000 104300      0      0      0
     0  97300 330900 197400 208300  61800  53900 119700  65900      0      0      0
 34300  56500  94000  44500  62100  26900  41100  47900  28700      0      0      0
125100 267500 355000 133600 194400  59500  72200  85200  40600      0      0      0
# HER year: 2010 
   100  85100 221000 543400 258100 231000  85500 111500 149500      0      0      0
   500  61400 187500 403200 156800 182700  80100  45100 113700      0      0      0
 11700  65000  48100 100100  61500  55300  26000  19200  16200      0      0      0
194800 334800 188800 310600 185600 161100  92200 108000  83000      0      0      0
# HER year: 2011 
     0  74400 176900 287500 494900 178500 134300  58200  93000      0      0      0
     0  59100 169500 266000 380100 139700 106100  38200  84300      0      0      0
 40300  30100  63100  54900  86900  33800  26000  13600  22600      0      0      0
124400 129500 159400 162300 168500  63400  46400  19100  35300      0      0      0
# HER year: 2012 
     0 165100 129800 194600 255300 304800 105600  68200  81700      0      0      0
     0  27500  93300 136600 142900 154900  57300  38200  67200      0      0      0
  5800  23300  23600  23400  45500  80300  35600  18400  15900      0      0      0
 43900 115800  68300  56400  61100  81800  26900  28900  34700      0      0      0
# HER year: 2013 
     0 155400 378400 107000 201500 254000 215800  69600  90400      0      0      0
     0  48800 134000  94700 140300 113400  81300  55500  69100      0      0      0
  9500  36200  26800  14800  19200  58200  71400  37400  45200      0      0      0
 56900 229900 116200  43600  49400  41900  35100  10400  19000      0      0      0
# HER year: 2014 
     0 159800 463800 529800 207100 256800 212100 142600 119700      0      0      0
     0 129500 178700 233500  84900 130900 104200  67700  72500      0      0      0
 23600  31900  19600  41600  20300  21900  28900  27800  23700      0      0      0
200000 149000 240500 198900  73100  78700  64700  47100  35000      0      0      0
# HER year: 2015 
     0 973000 318900 560900 670700 169300 171400 160800 213000      0      0      0
     0 119300 199300 298200 216700  84600  96400  88600 116700      0      0      0
  3200  53200  41000  67400  77000  26600  29000  40700  52900      0      0      0
 89900 270300 185800 338300 288500  97500  88100  80100  90900      0      0      0
# HER year: 2016 
      0  235500 1917400  383600  533700  435700  171200  251500  266100       0       0       0
      0  132500  367500  304300  355400  219000   88100  119200  218500       0       0       0
  10000   26100   79900   64100  110200   68500   19000   28300   75600       0       0       0
 311800  208000  650200  183000  189700  115000   53600   66800   69000       0       0       0
# HER year: 2017 
    100  336000  336000 1513700  358200  436800  227100  124200  171200       0       0       0
      0   87200  116700  450700  159500  179800  112300   38000  103200       0       0       0
  18600   66600   67400  252000   92900   79700   66900   26500   43100       0       0       0
 447700  493800  303400  682200  230100  227300  121200   59700   94100       0       0       0
# HER year: 2018 
      0  537900  439100  434900 1320500  361400  296800  212700  142900       0       0       0
    200  119200  255300  336200  540200  167900  154300   84000   88100       0       0       0
  12500   89700   47400   58100  131500   52800   39200   21300   26400       0       0       0
 197700  990800  538500  344800  645300  207100  173800   80800   77800       0       0       0
# HER year: 2019 
      0  175903  705925  486500  370156 1045711  231923  165172  110141       0       0       0
      0   45150  375697  264059  222621  383813  121408  131797   68592       0       0       0
 104217   46045   80954   67044   55536   80428   32591   28487   19173       0       0       0
 224178  149747  398846  309971  243468  447186   99381   71100   41449       0       0       0
# HER year: 2020 
     0.0000 729473.5457 256474.0021 626566.9537 304881.1020 234056.7878 418170.7531  70274.4827  87437.2499      0.0000      0.0000      0.0000
     0.0000 175990.2650 101099.5724 306696.0007 113629.3434 141228.3529 151142.6172  37382.0457  57885.6947      0.0000      0.0000      0.0000
  3627.3569  93830.2845  53322.6909  91252.7219  69451.5906  59051.4705 107884.9222  20370.9203  20115.5491      0.0000      0.0000      0.0000
359749.8937 645624.7724 370411.2571 399297.6214 300713.7891 228151.2437 403402.9319  71793.4395  63032.1421      0.0000      0.0000      0.0000
# HER year: 2021 
     0.0000 397866.9031 931131.8209 344008.4290 368266.3377 197286.1069 168061.5540 194976.9992  48412.9151      0.0000      0.0000      0.0000
     0.0000 110761.1165 342867.7558 197177.3694 187276.2380 144823.0003  81326.3046  67098.0325  35118.6024      0.0000      0.0000      0.0000
  7692.2584  50493.8803  78171.5969  42862.3245  57142.3579  32927.0454  29277.0883  23467.6567  16414.0093      0.0000      0.0000      0.0000
 50691.5161 132315.5738 453000.2771 247858.0914 254550.9188 144619.1756  99266.6463  87466.3673  30030.1224      0.0000      0.0000      0.0000
# SPR year: 1974 
      0.000  128150.789 1695967.172 3297727.161 1378903.237  198131.929  154349.600  145368.384       0.000       0.000       0.000       0.000
      0.000  545350.277 1228683.637 2710808.654 1101411.829  259147.232  215380.436  115744.174       0.000       0.000       0.000       0.000
   6424.515   24527.529  467561.174 1216291.381  400373.717   99085.874   55750.790   50482.450       0.000       0.000       0.000       0.000
 168982.356 1118371.261  943827.361 2310125.754  441911.582  237629.039  145413.218  137297.505       0.000       0.000       0.000       0.000
# SPR year: 1975 
      0.000  162244.017 2322244.729 2140759.809 1389053.302  451943.081  278105.399  171025.228       0.000       0.000       0.000       0.000
      0.000  509768.324  568985.090 1208578.152 1068724.849  306882.867  165626.401   98495.003       0.000       0.000       0.000       0.000
      0.000     800.000  558657.495 1012423.471  995002.122  296987.523  151582.372   87087.910       0.000       0.000       0.000       0.000
      0.000   26596.778  543147.150 1031329.942  482560.917  158657.335  165902.568  132761.168       0.000       0.000       0.000       0.000
# SPR year: 1976 
      0.000  781146.996  763750.913 1537073.703  772777.986   94842.151   64366.529   71752.321       0.000       0.000       0.000       0.000
      0.000 1015330.201  482588.649 1205584.555  655390.959  111759.752  100884.352   71733.381       0.000       0.000       0.000       0.000
  35257.114  388835.787  151962.887  488306.386  265067.211   57370.505   35955.613   42110.305       0.000       0.000       0.000       0.000
 338740.091 1220963.628  414665.287 1028790.997  438403.928  115906.056   37348.085   86129.784       0.000       0.000       0.000       0.000
# SPR year: 1977 
      0.000  436947.961 2817085.845  539916.807  529225.545 1141952.209  175778.821   91686.937       0.000       0.000       0.000       0.000
      0.000  227584.706 1824728.912  306408.771  611165.731  526084.693  159526.242  104152.175       0.000       0.000       0.000       0.000
    846.675  249162.778  837468.825  139697.352  324236.681  167206.008   62865.183   63648.695       0.000       0.000       0.000       0.000
  35864.130  788481.151 1285786.517  174642.644  320433.065  199618.551   26882.778   84042.255       0.000       0.000       0.000       0.000
# SPR year: 1978 
      0.000  132451.768  955714.956 1525632.435  108002.480  322202.204  247127.168   39031.631       0.000       0.000       0.000       0.000
      0.000   65070.783  774102.506 1848504.302  272401.223  413912.040  285178.057   28521.191       0.000       0.000       0.000       0.000
      0.000   38541.977  338050.411  473370.995   27907.671   74250.737   44741.390    6609.917       0.000       0.000       0.000       0.000
  71987.374  113912.426  197818.565  586419.255   18725.752   45856.933  118134.182    7403.009       0.000       0.000       0.000       0.000
# SPR year: 1979 
     0.000 152994.150  68338.811 268208.951 754722.740  25280.372  55595.415 105102.864      0.000      0.000      0.000      0.000
     0.000 126280.460 123027.523 337650.969 864568.000  72576.295  59604.243 113999.388      0.000      0.000      0.000      0.000
    38.594  53240.597  28445.377  88217.938 366849.169   6947.576  16899.973  52955.191      0.000      0.000      0.000      0.000
 43930.754 409434.260  78218.750 120736.520 536055.158  14921.731  42744.151  94325.355      0.000      0.000      0.000      0.000
# SPR year: 1980 
     0.000 156231.880 738772.522 192166.178 324149.645 575799.955  63900.405  40061.424      0.000      0.000      0.000      0.000
     0.000  20721.321 191320.692  60051.465  93615.813 324497.117  63755.572  11681.682      0.000      0.000      0.000      0.000
     0.000  63301.652  65909.648  34494.719  22490.416 114959.324  20019.962   6733.740      0.000      0.000      0.000      0.000
 42913.192 229086.643 126504.300  45955.457  37026.178 182773.440  15983.114  10066.347      0.000      0.000      0.000      0.000
# SPR year: 1981 
      0.000   73108.849  196246.592  107070.148   15064.078   31457.890  154857.597    2287.565       0.000       0.000       0.000       0.000
      0.000  167881.925  143512.488   76034.668   33733.527   28462.083  115997.661    4636.235       0.000       0.000       0.000       0.000
   1701.280  183711.741   90694.318   71821.647   17469.203   24634.271   88765.816    3537.149       0.000       0.000       0.000       0.000
  20653.184 1503962.142  193795.756  108350.978   27081.221   23116.625  145320.495    3649.653       0.000       0.000       0.000       0.000
# SPR year: 1982 
      0.000   87724.392 1859479.432  247126.574  176422.202   61470.225   44055.891   70211.333       0.000       0.000       0.000       0.000
      0.000   11972.471  192479.624   41890.720   30677.136    9456.910    9343.037   76696.259       0.000       0.000       0.000       0.000
      0.000   22821.785   87451.015   16822.285   13065.495    2395.607    3960.962   36964.860       0.000       0.000       0.000       0.000
  29997.582  105674.175  273010.107   48396.711   27198.431    6615.961    7614.685   60451.334       0.000       0.000       0.000       0.000
# SPR year: 1983 
      0.000   55957.151   74400.624  169994.764   33058.187   20860.755    5477.400   12995.854       0.000       0.000       0.000       0.000
      0.000   61109.488   22262.600   68203.649   12141.877    9009.281    3024.931    3775.727       0.000       0.000       0.000       0.000
   3267.329  159025.422   20900.132   35507.574    9109.045    5032.538    1745.696    2041.642       0.000       0.000       0.000       0.000
 135821.491 1128023.846  121041.339  240903.739   51875.435   30660.021    2670.853    6837.601       0.000       0.000       0.000       0.000
# SPR year: 1984 
      0.000   76272.337 1415390.538  218837.364  313182.191   58092.127   28650.677    6331.032       0.000       0.000       0.000       0.000
      0.000    5443.987  100594.670   20279.470   27911.873    6921.084    3271.721    1263.415       0.000       0.000       0.000       0.000
   1033.968  169942.139  115822.219   11054.204    8663.522    1338.342     421.053     205.263       0.000       0.000       0.000       0.000
  71998.618  493512.348  683570.656   90596.020   98260.910    8859.533    3916.669     426.567       0.000       0.000       0.000       0.000
# SPR year: 1985 
      0.000   55897.487  791885.323 1531453.966  237326.326  138502.959   11128.912    7490.909       0.000       0.000       0.000       0.000
      0.000   42865.153  165230.418  271655.877  108585.759   30108.566    5808.032    2926.878       0.000       0.000       0.000       0.000
    400.000   67566.277   45806.819   71436.516   12502.831    9955.194     612.766     508.115       0.000       0.000       0.000       0.000
  33328.900  281666.616  420314.736  489793.112   69555.922   47531.576    5548.504    4224.727       0.000       0.000       0.000       0.000
# SPR year: 1986 
      0.000  111067.315  471458.021  671335.920 1120413.358  154801.660   95565.283    3439.789       0.000       0.000       0.000       0.000
      0.000  101952.190  131168.162  351744.264  500926.250  120907.001   46515.794    5274.864       0.000       0.000       0.000       0.000
      0.000   11771.041   71101.991   71545.922  111094.522   24765.517   13306.173    1256.597       0.000       0.000       0.000       0.000
  17091.866   79071.571  291963.258  193850.622  314951.211   40715.253   28873.783    5408.455       0.000       0.000       0.000       0.000
# SPR year: 1987 
     0.000  20456.893 139388.394 533931.858 887191.169 893965.466 102899.210  57349.426      0.000      0.000      0.000      0.000
     0.000  73852.392  75451.993 428765.965 695891.884 699085.084  92839.748  58214.717      0.000      0.000      0.000      0.000
     0.000  60500.602  10069.147  36986.689  10043.107  15687.017   2293.358   6005.033      0.000      0.000      0.000      0.000
  4202.540 561113.391 106942.416 196641.021  91436.186  93311.535  11408.197  12675.360      0.000      0.000      0.000      0.000
# SPR year: 1988 
      0.000   46667.184 1828358.668  479429.480  720045.436  522366.993  495987.382   40402.998       0.000       0.000       0.000       0.000
      0.000   11574.599  483908.365  167289.260  222164.017  151540.858  107318.424    7912.983       0.000       0.000       0.000       0.000
  25623.331    3342.789   35398.590    9568.973   27261.947   11422.262   15424.200    1610.277       0.000       0.000       0.000       0.000
 123658.124   12359.715  332885.414   73275.023  131758.333   48763.979   98035.713    7736.476       0.000       0.000       0.000       0.000
# SPR year: 1989 
     0.000 166838.376 503585.411 328609.442 242694.105 253137.393 243330.761  65221.620      0.000      0.000      0.000      0.000
     0.000  23608.971 121873.642 179051.970  93723.059 116897.375  98659.890  36825.703      0.000      0.000      0.000      0.000
 14886.676   9197.310  15528.382  36638.892  14593.633  35540.323  22205.443  15227.713      0.000      0.000      0.000      0.000
 49193.843 153458.695 194888.220 123084.296  49679.799  60813.075  33104.746  23031.968      0.000      0.000      0.000      0.000
# SPR year: 1990 
     0.000 293427.699 631040.359 169663.320 278813.215 100085.302  95655.909  46832.441      0.000      0.000      0.000      0.000
     0.000  65027.245 771753.703  90114.244 249884.906  66263.513  98775.102  41630.692      0.000      0.000      0.000      0.000
     6.964 173963.218 112698.604   9041.045  49053.316   2015.650  20966.178    520.735      0.000      0.000      0.000      0.000
 16201.815 172479.895 260946.083  46156.623  81760.334  20355.850  20943.376   3136.924      0.000      0.000      0.000      0.000
# SPR year: 1991 
      0.000  276881.776 1097924.015 1111905.424  211296.918  254160.762   51918.878   63579.888       0.000       0.000       0.000       0.000
      0.000  148198.817  663499.264  688044.286   79892.657  132761.849   40285.458   40340.960       0.000       0.000       0.000       0.000
  51064.472   36376.155   38106.144   28293.120    1101.737    7467.522     450.514    3733.817       0.000       0.000       0.000       0.000
 661264.603  380468.196  492174.745  278752.362   19327.455   62080.704   19100.472   59753.883       0.000       0.000       0.000       0.000
# SPR year: 1992 
      0.000  607556.560 2309070.985 2749905.695 1676853.294  327431.365  263560.897   93615.458       0.000       0.000       0.000       0.000
      0.000   55821.956  931996.739 1156469.566  559199.524  161386.338  116050.312   59780.365       0.000       0.000       0.000       0.000
  18829.972  273517.918  148298.277  174738.108  113480.703   25092.959   16160.686    4171.909       0.000       0.000       0.000       0.000
 187507.445 1299587.194  672851.454  654264.619  360738.386  103864.449   79379.956   24057.999       0.000       0.000       0.000       0.000
# SPR year: 1993 
      0.000  472163.800 2423634.000 1519396.000  758975.400  417755.000   77538.000   88384.190       0.000       0.000       0.000       0.000
      0.000  183151.900 1246108.000  735266.000  488059.600  219817.400   88125.290   69560.680       0.000       0.000       0.000       0.000
   8700.000   57030.830  272586.000  111455.800   74059.560   28613.550    5700.194    6481.673       0.000       0.000       0.000       0.000
  52817.610  936986.100 1389022.000  662071.700  455151.900  215045.300   45498.960   52850.090       0.000       0.000       0.000       0.000
# SPR year: 1994 
      0.000  184988.049 2550390.754 3602528.311 1662029.342 1053593.519  375516.831   91817.151       0.000       0.000       0.000       0.000
      0.000  166439.377 2781715.777 2490472.373 1102853.454  692362.921  275882.524   47183.871       0.000       0.000       0.000       0.000
   4996.813   98985.734  459050.145  399228.243  132320.399   64555.625   23353.957    6974.271       0.000       0.000       0.000       0.000
 220419.534  452301.410 1662156.837 1350830.528  519500.713  310474.318   90436.541   37435.538       0.000       0.000       0.000       0.000
# SPR year: 1995 
      0 1175400  495700 2453600 2496800 1318800  656500  293100       0       0       0       0
      0  700300  636400 1848300 2077500  977000  674300  205500       0       0       0       0
  11600  191100  179600  374200  228000   57800   47300   20700       0       0       0       0
 518800 3589800  696900 1499100 1370600  778100  384700   63800       0       0       0       0
# SPR year: 1996 
       0  4803600 14926300  2404800  3334400  1630900   634600   296600        0        0        0        0
       0   979000  5905000   947900  1460700   953200   418800   232500        0        0        0        0
    8700   411800  1139600   229700   279000   188300    93000    32800        0        0        0        0
   62500  2072200  5203200  1076200  1411700   531500   347700   124800        0        0        0        0
# SPR year: 1997 
       0.000   308665.922 10549843.683  9984762.721  3678008.389  2228149.905   961214.943   362148.641        0.000        0.000        0.000        0.000
       0.000   119971.295  5459671.697  5463338.726  1631765.860  1047644.269   365627.764   171026.077        0.000        0.000        0.000        0.000
   31449.455   119220.371  1050910.132  1083407.155   185796.382   173289.591    60969.210    27770.261        0.000        0.000        0.000        0.000
 1314149.996   882689.121  5938031.533  6685709.457   803310.139   635697.380   255143.748   117506.561        0.000        0.000        0.000        0.000
# SPR year: 1998 
       0.000  4208955.609  1338090.933  9093755.654 10434604.803  1280039.377   769141.497   987639.543        0.000        0.000        0.000        0.000
       0.000  1790871.360   980129.779  3748043.995  5069302.409   791189.755   738552.473   765337.383        0.000        0.000        0.000        0.000
   16146.091  1062263.005   366198.601  1126795.044   902282.617   152811.426    82616.076    54365.349        0.000        0.000        0.000        0.000
  206710.556  3955373.396  1118127.386  3719026.346  3211275.874   434571.118   187452.654   149880.654        0.000        0.000        0.000        0.000
# SPR year: 1999 
   4783.000  356778.581 9088398.406 2717052.270 5345008.132 4380690.101  688547.093  600322.748       0.000       0.000       0.000       0.000
   1220.000   41849.270 3699589.309 1126410.301 2569422.244 2680656.664  286337.155  371759.266       0.000       0.000       0.000       0.000
  15538.652  255750.699 1508033.175  389856.128  388564.930  469761.860   39898.553   65576.580       0.000       0.000       0.000       0.000
1435083.171 1404639.095 5586997.405 1597872.029 1684130.629 1319824.610  167179.223  166543.142       0.000       0.000       0.000       0.000
# SPR year: 2000 
      0.000 4019643.009 1264681.238 6955808.355 1353102.278 2115659.522 1988636.930  713623.941       0.000       0.000       0.000       0.000
    116.298 2089224.512  753087.846 4248274.706  846976.471 1147128.354  936523.694  427925.731       0.000       0.000       0.000       0.000
  25420.354 1039333.279  235534.736  804697.257  119578.057  187873.731  299133.310   63753.313       0.000       0.000       0.000       0.000
 357176.809 3386429.003  694869.890 2707931.299  550527.211  833480.240  852338.983  262756.037       0.000       0.000       0.000       0.000
# SPR year: 2001 
      0.000 1377148.281 7023179.788 1140794.056 5228877.786 1119031.796 1377257.737 1722368.211       0.000       0.000       0.000       0.000
      0.000  444342.147 2115524.338  893750.423 2225169.181  504800.888  594214.374  357507.626       0.000       0.000       0.000       0.000
  68660.189  220348.431  628039.383  149570.376  367098.056   66502.711   79361.326  130863.705       0.000       0.000       0.000       0.000
 583979.839  733762.374 1790453.085  486260.585 1431243.104  308461.283  600590.541  575312.143       0.000       0.000       0.000       0.000
# SPR year: 2002 
  61024.228 2759378.259 2210989.180 4447466.099 1478607.608 2039719.458  550645.927 1500251.367       0.000       0.000       0.000       0.000
  29102.325 1229961.835 1811671.585 3472831.234 1766694.244 1103935.826  260029.425  926693.731       0.000       0.000       0.000       0.000
 335975.508  890565.506  341536.579  702510.631  108783.336  298272.869   52391.210  511413.918       0.000       0.000       0.000       0.000
1919325.699 1967041.913 1127579.125 1761502.125  430245.870  715474.350  164421.230 1386475.924       0.000       0.000       0.000       0.000
# SPR year: 2003 
      0.000 3567863.147 3402681.837 2411392.302 2639063.810 1635519.564  834987.585 1230746.711       0.000       0.000       0.000       0.000
      0.000 1974195.669 2060921.332 1521709.394 1416170.608  375856.534  563856.829  415956.665       0.000       0.000       0.000       0.000
  48325.997  727932.810  449094.512  197616.529  271652.485   49532.705  111466.940   94687.709       0.000       0.000       0.000       0.000
3914331.365 3096119.170 1196024.573  674675.550  740593.819  335135.228  392220.203  475004.335       0.000       0.000       0.000       0.000
# SPR year: 2004 
       0.000 11060977.364  6469384.935  2660584.527  1540515.972  1728161.921   769462.438  1337366.456        0.000        0.000        0.000        0.000
       0.000  4213025.741  3004770.859  1529332.712   904717.303   997247.727   312368.387   665640.591        0.000        0.000        0.000        0.000
    1403.271  1437973.875   947794.991   324510.475    79814.824   151228.775    25605.140    73785.385        0.000        0.000        0.000        0.000
  212338.985  6551532.986  2672365.809   933132.268   561355.996   368955.159   226520.494   430667.817        0.000        0.000        0.000        0.000
# SPR year: 2005 
       0.000  1467097.614 15582847.111  5532771.386  1530531.858   989494.141   449688.526   864288.358        0.000        0.000        0.000        0.000
       0.000   478079.059  8092185.363  3082911.107   790444.572   648122.940   269604.125   499355.453        0.000        0.000        0.000        0.000
  295297.353   183434.881  1779326.518   593475.092   134826.590    37634.858    30638.384    49272.478        0.000        0.000        0.000        0.000
 1620922.204   713974.604  5513540.565  2044848.593   477786.353   193002.991    93033.878   201995.034        0.000        0.000        0.000        0.000
# SPR year: 2006 
       0.000  4175622.629  1528320.040 11638105.095  4001008.697   812714.815   401471.961   570396.448        0.000        0.000        0.000        0.000
       0.000  3461324.134   999197.837  5685186.332  1835042.427   347282.647   152181.292   256890.206        0.000        0.000        0.000        0.000
   64765.796   907193.402   213044.088  1116943.841   219076.344    43453.582    11183.449    28534.002        0.000        0.000        0.000        0.000
 1647354.608  2306987.403   524959.790  2657007.192   777111.506   176907.239    48795.284    79242.135        0.000        0.000        0.000        0.000
# SPR year: 2007 
      0.000 6509524.225 5931503.924 1899097.220 7360574.491 2159428.782  338499.755  491912.895       0.000       0.000       0.000       0.000
      0.000 2943472.038 3628924.675 1150735.851 4235871.521 1034243.583  136429.816  176495.211       0.000       0.000       0.000       0.000
 119973.675  617204.054  434007.036  128013.488  445942.933  132091.368   28621.641   24634.506       0.000       0.000       0.000       0.000
1377432.450 3725543.361 1973270.477  528475.186 1680234.508  529190.730  119581.919  146320.167       0.000       0.000       0.000       0.000
# SPR year: 2008 
      0.000 1540119.380 8058899.961 3673033.154 1883490.548 3205671.946 1268125.730  405383.172       0.000       0.000       0.000       0.000
      0.000 1288552.701 3630695.179 1636440.445  643365.354 1335662.000  567051.543  139539.604       0.000       0.000       0.000       0.000
 338116.900  760186.863  802853.596  360854.602   90676.063  295622.362   76460.307   44994.569       0.000       0.000       0.000       0.000
2158447.286 2801630.478 2984248.363 1012523.377  318275.571  880998.973  343533.243   71551.306       0.000       0.000       0.000       0.000
# SPR year: 2009 
       0.000 11598900.303  5765418.266  6591943.596  2595716.017  1200505.824  1783040.637   810344.479        0.000        0.000        0.000        0.000
       0.000  3033051.031  1455376.931  2089596.925   787217.427   349630.196   615230.677   293528.764        0.000        0.000        0.000        0.000
   68537.569   721093.653   272286.927   341675.331   114786.635    53959.229   139401.984    73742.898        0.000        0.000        0.000        0.000
 1267676.783  5734198.838  1387022.810  1140514.474   404138.511   189058.025   298931.968   183699.597        0.000        0.000        0.000        0.000
# SPR year: 2010 
       0.000  2510107.255 11016016.638  2728115.641  2349794.993   654900.067   451977.824   757727.743        0.000        0.000        0.000        0.000
       0.000   807524.587  5356534.825  1390888.175  1151646.373   388955.957   199543.980   402992.604        0.000        0.000        0.000        0.000
  100856.983   295717.837   721398.988   205629.866   156657.635    33143.950    35837.985    56173.227        0.000        0.000        0.000        0.000
 1675371.338   970400.597  4399143.795  1038480.981   576334.297   162446.723   193648.775   287672.515        0.000        0.000        0.000        0.000
# SPR year: 2011 
      0.000 5518715.358 2008880.944 6721952.513 1498158.703  841578.754  246772.726  438286.823       0.000       0.000       0.000       0.000
      0.000 1413340.501 1397353.796 3514348.128  796120.288  382169.968  157056.728  247458.595       0.000       0.000       0.000       0.000
 206653.953  319080.775  276621.196  412727.017   69206.222   59583.150   17979.517   38346.325       0.000       0.000       0.000       0.000
 996780.433 1502203.348  651787.998 1830127.289  329183.106  171570.941  111637.388  207431.634       0.000       0.000       0.000       0.000
# SPR year: 2012 
      0.000 2649545.815 3164737.415 1358067.991 3848677.924  723226.930  447075.181  454113.768       0.000       0.000       0.000       0.000
      0.000  748059.107 1533256.719 1001664.804 2310603.135  358846.603  179261.255  178718.788       0.000       0.000       0.000       0.000
  79730.553  335475.376  277292.160   85799.184  206745.578   35898.038   31698.114   22942.890       0.000       0.000       0.000       0.000
1056856.583 1485114.529  736946.782  281947.293  674517.282  127842.158   78428.007   79479.237       0.000       0.000       0.000       0.000
# SPR year: 2013 
   1068.7279 3028860.7617 5509234.3346 2532848.1862 1347475.9271 2225668.5897  345660.2287  402981.8496       0.0000       0.0000       0.0000       0.0000
    389.4572 1724613.9949 2730675.8200 1272352.3064  795779.0580 1115901.8454  217141.1498  126740.3177       0.0000       0.0000       0.0000       0.0000
   4199.4033  378921.3975  312767.1301  155828.9954   56511.2162  101169.7885   21985.3220   18137.9587       0.0000       0.0000       0.0000       0.0000
 499007.2195 1134902.3245 1060203.9150  540473.4960  198044.3566  404437.4575   98201.9221   79339.6078       0.0000       0.0000       0.0000       0.0000
# SPR year: 2014 
      0.000 2714365.785 5030186.287 4096854.155 1461308.132  909569.289  876047.575  423849.724       0.000       0.000       0.000       0.000
      0.000 1159829.888 1139202.554 1239203.007  417531.107  341779.453  247935.065  128089.846       0.000       0.000       0.000       0.000
 123211.635  181898.635  248537.560  177866.908   73060.488   19173.061   49585.281   18055.993       0.000       0.000       0.000       0.000
1473883.062  855114.060 1201081.216  984689.253  421659.643  188080.442  228583.637  154284.172       0.000       0.000       0.000       0.000
# SPR year: 2015 
       0.000 10426978.252  2586781.712  3142159.313  2094727.317   852820.116   438589.114   572985.600        0.000        0.000        0.000        0.000
       0.000  1506486.520  1104774.519  1188851.870   817641.305   252101.516   158301.997   195223.059        0.000        0.000        0.000        0.000
     621.246   751388.725   202027.894   168486.960    97744.500    22372.678    13384.754    29694.915        0.000        0.000        0.000        0.000
  382359.061  4372409.569   826731.464   621913.199   261955.229   117332.302    48796.540    79500.016        0.000        0.000        0.000        0.000
# SPR year: 2016 
   67652.166  1433744.275 11420841.353  2115785.722  1644866.817   847745.018   320063.972   571174.899        0.000        0.000        0.000        0.000
       0.000   665015.277  4226880.737  1188881.323   609640.271   196545.073    89321.566   112465.988        0.000        0.000        0.000        0.000
   20106.708    80905.072   583549.190   156776.814    95939.546    44793.992    18432.773    19798.909        0.000        0.000        0.000        0.000
  900088.125   794304.696  2289463.033   339844.599   197304.645   137365.482    80342.396   153452.019        0.000        0.000        0.000        0.000
# SPR year: 2017 
     896.782  1701793.576  3206759.782 10176790.229  1942742.583   911733.047   365431.676   278741.504        0.000        0.000        0.000        0.000
       0.000   702713.940  1753045.348  3150064.099   638053.854   254501.111   103878.326   101777.348        0.000        0.000        0.000        0.000
    2918.958   168936.665   246914.576   682836.056   181873.434   111417.256    31378.042    76596.331        0.000        0.000        0.000        0.000
  821744.816  1006439.580   934281.563  2534034.979   433041.378   285962.849   174814.000   182549.606        0.000        0.000        0.000        0.000
# SPR year: 2018 
      0.000 3375447.235 3658189.760 3786585.001 7419421.106 1186691.083  341129.392  230533.024       0.000       0.000       0.000       0.000
      0.000  929287.338 1441466.804 1451261.075 2857807.062  411224.191  151205.390   97300.338       0.000       0.000       0.000       0.000
  30109.091  207038.252  111615.545  132320.842  278200.819   36371.140   13413.501   19935.198       0.000       0.000       0.000       0.000
 749641.994 1766563.503 1285832.041 1103048.275 2239705.256  236981.366  104442.342  115330.178       0.000       0.000       0.000       0.000
# SPR year: 2019 
      0.0000 3551867.4725 5148246.7554 2953019.9612 3194158.7043 3852198.2250  368803.9292  261126.2726       0.0000       0.0000       0.0000       0.0000
      0.0000 1222919.6546 2863585.1061 1769161.2832 1614074.5829 2067907.3814  217271.5247  112534.0205       0.0000       0.0000       0.0000       0.0000
   6401.7739  312618.8097  581846.5361  136836.4773  138142.1658  276343.8239   35156.9660   25319.2207       0.0000       0.0000       0.0000       0.0000
 836278.8379  874686.1275 1669722.2672  701038.2749  597162.4566 1249237.8373  155964.0510  126869.9342       0.0000       0.0000       0.0000       0.0000
# SPR year: 2020 
      0.0000 2806498.3098 2794251.1498 3252601.1203 2377334.9580 1686928.1852 1526593.4906  226527.5919       0.0000       0.0000       0.0000       0.0000
      0.0000  928869.0131 1549520.8702 1440162.2605  852289.5817  721177.9721  913482.7879  161893.6582       0.0000       0.0000       0.0000       0.0000
   8363.6746  496157.8605  219513.1309  232541.6115   91828.4634   64926.9899  188826.2821   27763.2146       0.0000       0.0000       0.0000       0.0000
 856050.0109 2208312.3876 1092452.2115 1294331.3663  488056.9163  344469.1682  863607.1634  158554.0582       0.0000       0.0000       0.0000       0.0000
# SPR year: 2021 
      0.0000 2734286.8088 7308279.3370 3467400.6059 3313977.6871 1478022.5928 1029768.0429 1303187.1048       0.0000       0.0000       0.0000       0.0000
      0.0000  418789.1245 1758593.8237  784273.6048  886009.6397  278342.2425  354057.1464  341294.0325       0.0000       0.0000       0.0000       0.0000
   2062.8357  197452.7864  395257.1160  150142.1287  116919.5514  101987.4595   50257.4000  130647.0645       0.0000       0.0000       0.0000       0.0000
 192870.5997 1615471.6037 1768806.6413  800604.1944  589942.5161  260157.9674  217478.4855  341339.3136       0.0000       0.0000       0.0000       0.0000
-999 # Checksum