# Area 1 All 
# COD year: 1974 
      0.000       0.004       0.032       0.071       0.131       0.208       0.246       0.349       0.498       0.798       1.181       1.760
      0.000       0.004       0.030       0.061       0.109       0.179       0.179       0.254       0.362       0.581       0.859       1.280
      0.000       0.004       0.034       0.067       0.118       0.192       0.339       0.476       0.678       1.088       1.610       2.400
      0.000       0.004       0.025       0.068       0.120       0.192       0.361       0.507       0.724       1.161       1.717       2.560
# COD year: 1975 
      0.000       0.004       0.032       0.071       0.131       0.208       0.248       0.349       0.498       0.798       1.181       1.760
      0.000       0.004       0.030       0.061       0.108       0.179       0.181       0.254       0.364       0.581       0.859       1.276
      0.000       0.004       0.034       0.067       0.118       0.192       0.341       0.476       0.686       1.088       1.610       2.393
      0.000       0.004       0.024       0.068       0.120       0.192       0.364       0.507       0.731       1.166       1.717       2.552
# COD year: 1976 
      0.000       0.004       0.032       0.070       0.131       0.208       0.248       0.349       0.505       0.802       1.181       1.755
      0.000       0.004       0.030       0.061       0.106       0.179       0.181       0.254       0.368       0.586       0.862       1.276
      0.000       0.004       0.033       0.067       0.117       0.192       0.341       0.476       0.689       1.098       1.616       2.393
      0.000       0.004       0.024       0.068       0.120       0.192       0.361       0.507       0.735       1.176       1.724       2.552
# COD year: 1977 
      0.000       0.004       0.032       0.069       0.130       0.208       0.246       0.349       0.505       0.809       1.189       1.755
      0.000       0.004       0.030       0.060       0.105       0.177       0.179       0.254       0.368       0.588       0.865       1.280
      0.000       0.004       0.034       0.067       0.115       0.191       0.339       0.476       0.686       1.103       1.628       2.407
      0.000       0.004       0.025       0.068       0.119       0.191       0.356       0.507       0.728       1.181       1.736       2.576
# COD year: 1978 
      0.000       0.004       0.032       0.071       0.131       0.208       0.245       0.349       0.500       0.809       1.194       1.776
      0.000       0.004       0.030       0.061       0.108       0.177       0.179       0.254       0.362       0.588       0.871       1.296
      0.000       0.004       0.034       0.067       0.118       0.192       0.339       0.476       0.675       1.098       1.634       2.437
      0.000       0.004       0.025       0.068       0.120       0.192       0.361       0.507       0.720       1.171       1.743       2.615
# COD year: 1979 
      0.000       0.004       0.032       0.071       0.131       0.208       0.246       0.349       0.495       0.802       1.198       1.803
      0.000       0.004       0.030       0.061       0.109       0.179       0.181       0.254       0.362       0.581       0.868       1.315
      0.000       0.004       0.034       0.067       0.119       0.194       0.341       0.476       0.682       1.088       1.628       2.474
      0.000       0.004       0.024       0.068       0.120       0.192       0.364       0.507       0.728       1.161       1.730       2.647
# COD year: 1980 
      0.000       0.004       0.032       0.070       0.131       0.210       0.250       0.349       0.503       0.802       1.185       1.820
      0.000       0.004       0.030       0.061       0.106       0.179       0.182       0.254       0.368       0.583       0.862       1.323
      0.000       0.004       0.034       0.067       0.117       0.192       0.341       0.476       0.689       1.093       1.616       2.474
      0.000       0.004       0.025       0.068       0.119       0.192       0.361       0.507       0.739       1.171       1.724       2.639
# COD year: 1981 
      0.000       0.004       0.032       0.070       0.131       0.208       0.246       0.349       0.508       0.805       1.185       1.809
      0.000       0.004       0.030       0.061       0.107       0.179       0.179       0.254       0.368       0.588       0.865       1.311
      0.000       0.004       0.034       0.067       0.117       0.192       0.339       0.476       0.686       1.103       1.622       2.452
      0.000       0.004       0.025       0.068       0.120       0.192       0.361       0.507       0.731       1.181       1.730       2.615
# COD year: 1982 
      0.000       0.004       0.032       0.071       0.131       0.208       0.246       0.349       0.500       0.809       1.194       1.792
      0.000       0.004       0.030       0.061       0.109       0.179       0.181       0.254       0.364       0.588       0.868       1.308
      0.000       0.004       0.034       0.067       0.118       0.192       0.339       0.476       0.682       1.098       1.628       2.452
      0.000       0.004       0.025       0.068       0.120       0.192       0.361       0.507       0.728       1.171       1.736       2.623
# COD year: 1983 
      0.000       0.004       0.032       0.071       0.131       0.208       0.248       0.349       0.503       0.805       1.194       1.809
      0.000       0.004       0.030       0.061       0.109       0.179       0.181       0.254       0.366       0.586       0.868       1.315
      0.000       0.004       0.034       0.067       0.119       0.194       0.341       0.476       0.686       1.098       1.628       2.474
      0.000       0.004       0.025       0.068       0.120       0.192       0.364       0.507       0.735       1.171       1.736       2.639
# COD year: 1984 
      0.000       0.004       0.032       0.071       0.131       0.210       0.250       0.351       0.505       0.805       1.189       1.820
      0.000       0.004       0.030       0.061       0.108       0.179       0.182       0.254       0.370       0.586       0.865       1.323
      0.000       0.004       0.034       0.067       0.118       0.192       0.341       0.476       0.693       1.103       1.622       2.474
      0.000       0.004       0.025       0.068       0.120       0.192       0.364       0.511       0.739       1.176       1.736       2.639
# COD year: 1985 
      0.000       0.004       0.032       0.070       0.131       0.208       0.248       0.351       0.508       0.812       1.194       1.814
      0.000       0.004       0.030       0.061       0.107       0.179       0.181       0.254       0.370       0.591       0.868       1.319
      0.000       0.004       0.034       0.067       0.118       0.192       0.341       0.476       0.693       1.107       1.628       2.474
      0.000       0.004       0.024       0.068       0.120       0.192       0.361       0.507       0.735       1.181       1.736       2.639
# COD year: 1986 
      0.000       0.004       0.032       0.070       0.130       0.208       0.246       0.349       0.505       0.812       1.198       1.820
      0.000       0.004       0.030       0.061       0.106       0.179       0.181       0.254       0.368       0.591       0.871       1.323
      0.000       0.004       0.034       0.067       0.117       0.192       0.339       0.476       0.686       1.103       1.634       2.481
      0.000       0.004       0.025       0.068       0.119       0.191       0.359       0.507       0.731       1.176       1.743       2.655
# COD year: 1987 
      0.000       0.004       0.032       0.071       0.131       0.208       0.245       0.349       0.500       0.809       1.198       1.831
      0.000       0.004       0.030       0.061       0.109       0.179       0.179       0.254       0.364       0.586       0.871       1.331
      0.000       0.004       0.034       0.067       0.118       0.192       0.339       0.476       0.678       1.098       1.628       2.504
      0.000       0.004       0.025       0.068       0.120       0.192       0.361       0.507       0.720       1.166       1.736       2.671
# COD year: 1988 
      0.000       0.004       0.032       0.071       0.131       0.208       0.248       0.349       0.498       0.802       1.194       1.836
      0.000       0.004       0.030       0.061       0.109       0.179       0.181       0.254       0.362       0.581       0.865       1.335
      0.000       0.004       0.034       0.067       0.119       0.194       0.341       0.476       0.682       1.084       1.616       2.504
      0.000       0.004       0.025       0.068       0.120       0.192       0.364       0.507       0.728       1.161       1.724       2.663
# COD year: 1989 
      0.000       0.004       0.032       0.071       0.131       0.210       0.248       0.349       0.503       0.798       1.181       1.825
      0.000       0.004       0.030       0.061       0.108       0.179       0.181       0.254       0.366       0.583       0.859       1.319
      0.000       0.004       0.034       0.067       0.118       0.192       0.341       0.476       0.689       1.093       1.610       2.459
      0.000       0.004       0.025       0.068       0.120       0.192       0.361       0.507       0.735       1.171       1.717       2.607
# COD year: 1990 
      0.000       0.001       0.014       0.035       0.073       0.127       0.175       0.261       0.406       0.706       1.117       1.818
      0.000       0.001       0.014       0.033       0.065       0.117       0.158       0.237       0.367       0.639       1.010       1.633
      0.000       0.001       0.018       0.041       0.080       0.143       0.258       0.386       0.596       1.042       1.648       2.655
      0.000       0.001       0.012       0.042       0.082       0.143       0.241       0.361       0.557       0.975       1.549       2.475
# COD year: 1991 
      0.000       0.001       0.014       0.035       0.073       0.127       0.175       0.261       0.401       0.706       1.121       1.792
      0.000       0.001       0.014       0.032       0.062       0.117       0.158       0.237       0.363       0.635       1.015       1.622
      0.000       0.001       0.018       0.041       0.078       0.143       0.258       0.386       0.592       1.036       1.655       2.646
      0.000       0.001       0.013       0.042       0.081       0.141       0.239       0.361       0.554       0.970       1.549       2.475
# COD year: 1992 
      0.000       0.001       0.014       0.035       0.073       0.127       0.172       0.261       0.401       0.702       1.117       1.792
      0.000       0.001       0.014       0.033       0.064       0.116       0.155       0.237       0.363       0.635       1.010       1.622
      0.000       0.001       0.018       0.041       0.079       0.143       0.256       0.386       0.588       1.036       1.648       2.646
      0.000       0.001       0.013       0.042       0.082       0.143       0.239       0.361       0.547       0.970       1.542       2.484
# COD year: 1993 
      0.000       0.001       0.014       0.035       0.073       0.127       0.173       0.261       0.396       0.702       1.117       1.799
      0.000       0.001       0.014       0.033       0.065       0.117       0.157       0.237       0.358       0.632       1.010       1.627
      0.000       0.001       0.018       0.041       0.081       0.143       0.258       0.386       0.585       1.031       1.648       2.655
      0.000       0.001       0.013       0.042       0.083       0.143       0.241       0.361       0.550       0.965       1.542       2.484
# COD year: 1994 
      0.000       0.001       0.014       0.035       0.074       0.128       0.175       0.261       0.401       0.695       1.112       1.799
      0.000       0.001       0.014       0.033       0.065       0.117       0.158       0.237       0.363       0.629       1.006       1.622
      0.000       0.001       0.018       0.041       0.080       0.143       0.260       0.386       0.596       1.031       1.641       2.636
      0.000       0.001       0.013       0.042       0.082       0.143       0.243       0.361       0.561       0.970       1.535       2.466
# COD year: 1995 
      0.000       0.001       0.014       0.035       0.073       0.127       0.175       0.261       0.406       0.702       1.112       1.779
      0.000       0.001       0.014       0.033       0.065       0.117       0.158       0.237       0.370       0.639       1.006       1.604
      0.000       0.001       0.018       0.041       0.080       0.143       0.260       0.386       0.603       1.042       1.648       2.617
      0.000       0.001       0.013       0.042       0.082       0.143       0.241       0.361       0.561       0.980       1.542       2.448
# COD year: 1996 
      0.000       0.001       0.014       0.035       0.073       0.127       0.175       0.261       0.406       0.709       1.121       1.766
      0.000       0.001       0.014       0.033       0.066       0.117       0.158       0.237       0.367       0.642       1.015       1.598
      0.000       0.001       0.018       0.041       0.080       0.143       0.258       0.386       0.596       1.047       1.655       2.617
      0.000       0.001       0.012       0.042       0.082       0.143       0.241       0.361       0.557       0.980       1.549       2.448
# COD year: 1997 
      0.000       0.001       0.014       0.035       0.073       0.127       0.175       0.261       0.401       0.709       1.121       1.773
      0.000       0.001       0.014       0.032       0.063       0.116       0.158       0.237       0.363       0.639       1.015       1.610
      0.000       0.001       0.018       0.041       0.078       0.143       0.258       0.386       0.592       1.042       1.655       2.627
      0.000       0.001       0.013       0.042       0.080       0.141       0.239       0.361       0.554       0.970       1.549       2.457
# COD year: 1998 
      0.000       0.001       0.014       0.035       0.073       0.127       0.172       0.261       0.401       0.702       1.121       1.779
      0.000       0.001       0.014       0.033       0.064       0.116       0.155       0.237       0.363       0.635       1.010       1.610
      0.000       0.001       0.018       0.041       0.079       0.143       0.256       0.386       0.588       1.036       1.648       2.627
      0.000       0.001       0.013       0.042       0.081       0.143       0.239       0.361       0.544       0.965       1.542       2.457
# COD year: 1999 
      0.000       0.001       0.014       0.035       0.073       0.127       0.173       0.261       0.394       0.695       1.112       1.773
      0.000       0.001       0.014       0.033       0.064       0.116       0.157       0.237       0.354       0.626       1.006       1.598
      0.000       0.001       0.018       0.041       0.080       0.143       0.258       0.386       0.581       1.015       1.634       2.598
      0.000       0.001       0.013       0.042       0.082       0.143       0.241       0.361       0.544       0.950       1.529       2.422
# COD year: 2000 
      0.000       0.001       0.012       0.037       0.088       0.168       0.363       0.594       0.968       1.886       3.313       5.745
      0.000       0.000       0.007       0.020       0.045       0.091       0.181       0.297       0.487       0.943       1.648       2.848
      0.000       0.000       0.008       0.020       0.045       0.090       0.106       0.172       0.282       0.546       0.949       1.634
      0.000       0.001       0.011       0.049       0.109       0.213       0.309       0.500       0.821       1.588       2.761       4.713
# COD year: 2001 
      0.000       0.001       0.012       0.036       0.086       0.168       0.366       0.594       0.975       1.897       3.279       5.572
      0.000       0.000       0.007       0.020       0.044       0.090       0.183       0.297       0.491       0.943       1.639       2.761
      0.000       0.000       0.008       0.020       0.044       0.090       0.106       0.172       0.284       0.549       0.949       1.585
      0.000       0.001       0.012       0.049       0.108       0.213       0.309       0.500       0.827       1.598       2.761       4.589
# COD year: 2002 
      0.000       0.001       0.012       0.037       0.088       0.168       0.363       0.594       0.982       1.897       3.279       5.450
      0.000       0.000       0.007       0.020       0.045       0.090       0.181       0.297       0.491       0.955       1.648       2.713
      0.000       0.000       0.008       0.020       0.045       0.090       0.106       0.172       0.284       0.553       0.954       1.571
      0.000       0.001       0.012       0.049       0.109       0.213       0.309       0.500       0.821       1.608       2.775       4.569
# COD year: 2003 
      0.000       0.001       0.012       0.036       0.088       0.168       0.366       0.594       0.975       1.909       3.296       5.426
      0.000       0.000       0.007       0.020       0.044       0.091       0.183       0.297       0.487       0.955       1.648       2.713
      0.000       0.000       0.007       0.020       0.044       0.090       0.106       0.172       0.284       0.553       0.954       1.571
      0.000       0.001       0.011       0.049       0.108       0.213       0.309       0.500       0.827       1.608       2.775       4.589
# COD year: 2004 
      0.000       0.001       0.012       0.036       0.085       0.168       0.363       0.594       0.990       1.909       3.296       5.450
      0.000       0.000       0.007       0.019       0.043       0.090       0.181       0.297       0.495       0.955       1.648       2.725
      0.000       0.000       0.008       0.020       0.044       0.090       0.105       0.172       0.284       0.553       0.954       1.571
      0.000       0.001       0.012       0.049       0.108       0.210       0.305       0.500       0.827       1.608       2.775       4.569
# COD year: 2005 
      0.000       0.001       0.012       0.037       0.086       0.168       0.359       0.594       0.982       1.909       3.296       5.426
      0.000       0.000       0.007       0.020       0.045       0.090       0.179       0.297       0.487       0.955       1.648       2.713
      0.000       0.000       0.008       0.020       0.045       0.090       0.105       0.172       0.280       0.553       0.959       1.571
      0.000       0.001       0.012       0.049       0.109       0.213       0.309       0.500       0.815       1.608       2.790       4.569
# COD year: 2006 
      0.000       0.001       0.012       0.036       0.086       0.168       0.363       0.594       0.968       1.897       3.313       5.426
      0.000       0.000       0.007       0.019       0.044       0.090       0.181       0.297       0.484       0.943       1.648       2.701
      0.000       0.000       0.007       0.020       0.044       0.090       0.106       0.172       0.280       0.546       0.954       1.564
      0.000       0.001       0.012       0.049       0.108       0.213       0.309       0.500       0.821       1.588       2.775       4.549
# COD year: 2007 
      0.000       0.001       0.012       0.037       0.086       0.168       0.363       0.594       0.975       1.886       3.279       5.378
      0.000       0.000       0.007       0.020       0.045       0.090       0.181       0.297       0.487       0.943       1.639       2.689
      0.000       0.000       0.007       0.020       0.044       0.090       0.105       0.172       0.282       0.546       0.944       1.550
      0.000       0.001       0.012       0.049       0.108       0.213       0.305       0.500       0.821       1.588       2.747       4.488
# COD year: 2008 
      0.000       0.001       0.012       0.037       0.086       0.168       0.363       0.594       0.975       1.886       3.262       5.330
      0.000       0.000       0.007       0.020       0.045       0.090       0.181       0.297       0.487       0.943       1.631       2.653
      0.000       0.000       0.008       0.020       0.045       0.090       0.105       0.172       0.280       0.546       0.944       1.536
      0.000       0.001       0.012       0.049       0.108       0.213       0.309       0.500       0.815       1.588       2.747       4.448
# COD year: 2009 
      0.000       0.001       0.012       0.037       0.086       0.168       0.363       0.594       0.975       1.886       3.262       5.282
      0.000       0.000       0.007       0.020       0.045       0.090       0.181       0.297       0.487       0.943       1.631       2.629
      0.000       0.000       0.008       0.020       0.044       0.090       0.106       0.172       0.282       0.546       0.944       1.522
      0.000       0.001       0.012       0.049       0.108       0.213       0.309       0.500       0.821       1.588       2.747       4.428
# COD year: 2010 
      0.000       0.001       0.012       0.037       0.086       0.168       0.363       0.594       0.975       1.886       3.262       5.259
      0.000       0.000       0.007       0.020       0.045       0.090       0.181       0.297       0.487       0.943       1.622       2.618
      0.000       0.000       0.007       0.020       0.045       0.090       0.106       0.172       0.282       0.546       0.939       1.509
      0.000       0.001       0.012       0.049       0.108       0.213       0.309       0.500       0.821       1.588       2.733       4.389
# COD year: 2011 
      0.000       0.001       0.012       0.037       0.086       0.168       0.366       0.594       0.975       1.886       3.245       5.188
      0.000       0.000       0.007       0.020       0.045       0.090       0.181       0.297       0.487       0.943       1.622       2.594
      0.000       0.000       0.007       0.020       0.044       0.090       0.106       0.172       0.282       0.546       0.934       1.495
      0.000       0.001       0.012       0.048       0.108       0.213       0.309       0.500       0.821       1.588       2.718       4.330
# COD year: 2012 
      0.000       0.001       0.012       0.036       0.085       0.168       0.363       0.594       0.975       1.874       3.228       5.142
      0.000       0.000       0.007       0.019       0.044       0.090       0.181       0.297       0.484       0.937       1.606       2.559
      0.000       0.000       0.007       0.020       0.044       0.090       0.105       0.172       0.280       0.543       0.930       1.475
      0.000       0.001       0.012       0.048       0.106       0.213       0.305       0.500       0.815       1.569       2.690       4.291
# COD year: 2013 
      0.000       0.001       0.012       0.037       0.085       0.168       0.359       0.594       0.960       1.863       3.195       5.072
      0.000       0.000       0.007       0.020       0.045       0.090       0.179       0.297       0.480       0.926       1.589       2.525
      0.000       0.000       0.007       0.020       0.044       0.090       0.104       0.170       0.276       0.536       0.920       1.462
      0.000       0.001       0.013       0.049       0.106       0.213       0.302       0.495       0.803       1.559       2.676       4.233
# COD year: 2014 
      0.000       0.001       0.012       0.037       0.086       0.168       0.359       0.588       0.946       1.840       3.161       5.027
      0.000       0.000       0.007       0.020       0.045       0.090       0.179       0.294       0.473       0.920       1.581       2.513
      0.000       0.000       0.008       0.020       0.045       0.090       0.105       0.170       0.274       0.529       0.910       1.448
      0.000       0.001       0.012       0.049       0.109       0.213       0.305       0.495       0.790       1.540       2.648       4.214
# COD year: 2015 
      0.000       0.001       0.012       0.037       0.086       0.168       0.363       0.594       0.939       1.828       3.145       4.981
      0.000       0.000       0.007       0.020       0.045       0.090       0.181       0.297       0.469       0.909       1.564       2.490
      0.000       0.000       0.008       0.020       0.045       0.090       0.106       0.172       0.274       0.526       0.906       1.442
      0.000       0.001       0.012       0.049       0.109       0.213       0.309       0.500       0.796       1.530       2.620       4.194
# COD year: 2016 
      0.000       0.001       0.012       0.037       0.086       0.168       0.366       0.594       0.946       1.806       3.112       4.958
      0.000       0.000       0.007       0.020       0.045       0.090       0.183       0.297       0.477       0.903       1.556       2.479
      0.000       0.000       0.007       0.020       0.045       0.090       0.106       0.172       0.276       0.523       0.896       1.429
      0.000       0.001       0.012       0.049       0.109       0.213       0.309       0.500       0.803       1.521       2.607       4.156
# COD year: 2017 
      0.000       0.001       0.012       0.036       0.086       0.168       0.366       0.594       0.953       1.806       3.095       4.936
      0.000       0.000       0.007       0.019       0.044       0.090       0.183       0.297       0.477       0.903       1.540       2.468
      0.000       0.000       0.007       0.020       0.044       0.090       0.106       0.172       0.276       0.523       0.891       1.422
      0.000       0.001       0.012       0.048       0.106       0.213       0.309       0.500       0.803       1.521       2.593       4.137
# COD year: 2018 
      0.000       0.001       0.012       0.037       0.085       0.168       0.363       0.594       0.953       1.806       3.079       4.913
      0.000       0.000       0.007       0.020       0.045       0.090       0.181       0.297       0.477       0.903       1.540       2.457
      0.000       0.000       0.007       0.020       0.045       0.090       0.104       0.172       0.276       0.519       0.887       1.422
      0.000       0.001       0.013       0.049       0.108       0.213       0.302       0.500       0.803       1.511       2.579       4.118
# COD year: 2019 
      0.000       0.001       0.012       0.037       0.086       0.168       0.359       0.588       0.946       1.794       3.063       4.891
      0.000       0.000       0.007       0.020       0.046       0.090       0.179       0.294       0.473       0.897       1.531       2.445
      0.000       0.000       0.007       0.020       0.045       0.090       0.105       0.170       0.272       0.519       0.887       1.416
      0.000       0.001       0.012       0.049       0.109       0.213       0.305       0.495       0.790       1.511       2.579       4.118
# COD year: 2020 
      0.000       0.001       0.012       0.036       0.086       0.168       0.363       0.594       0.939       1.783       3.047       4.891
      0.000       0.000       0.007       0.019       0.045       0.091       0.183       0.297       0.469       0.892       1.523       2.445
      0.000       0.000       0.007       0.020       0.044       0.090       0.106       0.172       0.272       0.516       0.882       1.416
      0.000       0.001       0.013       0.049       0.108       0.213       0.309       0.500       0.796       1.502       2.566       4.118
# COD year: 2021 
      0.000       0.001       0.012       0.037       0.086       0.168       0.363       0.594       0.946       1.783       3.047       4.891
      0.000       0.000       0.007       0.020       0.046       0.090       0.181       0.297       0.477       0.892       1.523       2.445
      0.000       0.000       0.007       0.020       0.045       0.090       0.105       0.172       0.276       0.516       0.882       1.416
      0.000       0.001       0.011       0.049       0.109       0.213       0.305       0.500       0.803       1.502       2.566       4.118
-999 # Checksum