# file incl_stom_master.in 
# A value >=1 indicate that the stomach sample is used in SMS. Default number is no. of hauls
##############################################################
# Area: All 
##############################################################
# Predator: COD 
##############################################################
# Quarter: 1 
##############################################################
# 1974   1975   1976   1977   1978   1979   1980   1981   1982   1983   1984   1985   1986   1987   1988   1989   1990   1991   1993   1994   1995   1996   1997   1998   1999   2000   2001   2002   2003   2004   2005   2006   2007   2008   2009   2010   2011   2012   2013   2014   
   -77     21      0     74     81     73      0     44     29     10     31      0      0      0      0      0      0      0      0      0      0      0      0      0      0     18      0     14      0      0     40     25     60    116      0     23     22     27     98     35
  -167     15      0     42    253     51      0     23     39      0     15     16      0      0    -28      0      0      0      0      0      0      0      0      0     53     85      0     39      0      0     58     21     92    161     90     37     32     53    173     65
  -264     69     22    202    465    196     13     28    281     41     11     26     29     12    145      0     56      0     19      0     57     16      0      0     58     92     12     25      0      0     57     40     86    142     72     55     40     57    206     95
  -196    199     45    253    203    324     84     52    269    161     67    150     73     44    299     35    274     97     63      0     72     76      0      0     42     15     11     22      0      0     59     52     53    125    102     64     38     68    192     82
  -114    212     87    240     92    279    186     87    160    255    124    129     79     72    160    119    221    210     49      0     43     53      0      0     37     16     22     12      0     29    -34     57     80    150    112     58     36     69    197    106
  -387    220     80    516    154    301    263    270    237    359    424    319    181    227    413    446    179    274     49      0     38     71      0      0    104     54     30      0     10     69     58     84    129    221    164    129     61    102    450    237
  -227     74     22    192    101    -85     91     65    121    116    234    181    159    139    181    263    248    271     45      0     45     56      0      0     41     13     10      0      0     39      0     22     22     89    101    115     60     83    129     30
   -84     23      0     84     40     37     30     17     42     31     57     58     60     48     45    111    156     43     11      0     29     31      0      0     12      0      0      0      0     13      0      0      0     31     50     78     55     29     12      0
   -29     11      0     38      0     20      0      0     15      0     13     17     11      0     27     38     65     24      0      0     17      0      0      0     11      0      0      0      0      0      0      0      0     18     39     81     35     20     12      0
# Quarter: 2 
##############################################################
# 1974   1975   1976   1977   1978   1979   1980   1981   1982   1983   1984   1985   1986   1987   1988   1989   1990   1991   1993   1994   1995   1996   1997   1998   1999   2000   2001   2002   2003   2004   2005   2006   2007   2008   2009   2010   2011   2012   2013   2014   
     0     21     82    122     25      0      0      0     12      0     21      0      0      0      0      0      0      0      0      0      0      0      0      0      0      0      0      0      0      0      0      0      0      0      0      0      0      0      0      0
     0     62     20     61    149      0      0      0     18      0      0      0      0     31      0      0      0      0      0      0      0      0      0    -39    -12      0      0      0      0      0      0      0      0      0      0      0      0      0      0      0
     0   -148     88     69   -164      0     38      0   -145     24      0     29    116    251    -46      0     10      0      0     25      0      0      0    -33    -13      0      0      0      0      0      0      0      0      0      0      0      0      0      0      0
  -345   -264    188    140    124      0    172     12    187    109     22    161    207    388    -76     14     81      0    -20     83      0      0      0      0    -10      0      0      0      0      0      0      0      0      0      0      0      0      0      0      0
  -270   -303    273    162     84    -78    282     35    170    148     45    130    199    212    -42     66    112    -14      0     64      0      0      0      0      0      0      0      0      0      0      0      0      0      0      0      0      0     22      0      0
  -386    417   -475   -425    168    -88    336   -250    464    293    140    450    536    584    221    402     97    -13      0     19      0      0      0    -15    -17      0      0      0      0      0      0      0      0      0      0      0      0     12      0      0
  -187     99    207    245     95    -19     99    146    226    128     55    282    580    370    175    348    162      0    -11     15      0      0      0      0    -10      0      0      0      0      0      0      0      0      0      0      0      0      0      0      0
   -56     24     71    114     28      0     22     20     55     45     23    102    303    143     72    202    106      0    -11     12      0      0      0      0      0      0      0      0      0      0      0      0      0      0      0      0      0      0      0      0
   -30     12     15     52     18      0      0      0     13     11      0     27     76     68     35     79     38      0    -15      0      0      0      0      0      0      0      0      0      0      0      0      0      0      0      0      0      0      0      0      0
# Quarter: 3 
##############################################################
# 1974   1975   1976   1977   1978   1979   1980   1981   1982   1983   1984   1985   1986   1987   1988   1989   1990   1991   1993   1994   1995   1996   1997   1998   1999   2000   2001   2002   2003   2004   2005   2006   2007   2008   2009   2010   2011   2012   2013   2014   
     0      0     37      0      0      0      0     18     44      0      0      0      0      0      0      0      0      0      0      0      0      0      0      0      0      0      0      0      0      0      0      0      0      0      0      0      0      0      0      0
     0     39     46      0      0      0      0     21      0      0      0      0      0      0      0      0     24     12      0      0      0      0      0      0      0      0      0      0      0      0      0      0      0      0      0      0      0      0      0      0
     0     18     73     21      0     51      0     16     55      0    -11      0      0      0      0      0     78     30      0      0      0      0      0      0      0      0      0      0      0      0      0      0      0      0      0      0      0      0      0      0
     0     62    121     18      0    105     50     27    185      0      0      0      0      0      0      0     17      0      0      0      0      0      0      0      0      0      0      0      0      0      0      0      0      0      0      0      0    -30      0      0
     0     64     98     14      0    124     46     31    350      0     17      0      0      0      0      0     15      0      0      0      0      0      0      0      0      0      0      0      0      0      0      0      0      0      0      0      0    -62      0      0
     0     88    174      0      0    107    113     68    420     18     38      0      0      0      0      0    196     27      0      0      0      0      0      0      0      0      0      0      0      0      0      0      0      0      0      0      0    -91      0      0
     0     38     69      0      0     37     37     53    171     12     23      0      0      0      0      0     68     31      0      0      0      0      0      0      0      0      0      0      0      0      0      0      0      0      0      0      0      0      0      0
     0     21     12      0      0      0      0     14     51      0      0      0      0      0      0      0     28     10      0      0      0      0      0      0      0      0      0      0      0      0      0      0      0      0      0      0      0      0      0      0
     0      0      0      0      0      0      0      0     21      0      0      0      0      0      0      0     19     16      0      0      0      0      0      0      0      0      0      0      0      0      0      0      0      0      0      0      0      0      0      0
# Quarter: 4 
##############################################################
# 1974   1975   1976   1977   1978   1979   1980   1981   1982   1983   1984   1985   1986   1987   1988   1989   1990   1991   1993   1994   1995   1996   1997   1998   1999   2000   2001   2002   2003   2004   2005   2006   2007   2008   2009   2010   2011   2012   2013   2014   
     0     18      0      0      0      0      0     19      0     46      0      0      0      0      0      0      0      0      0      0      0      0      0      0     72      0     46     31     38     22     44     52     83     73     42      0     29    116    118      0
    19     12    -39     73     37     75     24     17     19     32      0     14     10      0      0      0      0      0      0      0      0      0      0      0     26      0     35     36     65     32     17    105    100     83     36      0     35    124    133      0
    49      0   -196    110    131    128     25    109     42     83     27     56     75     24      0     61      0      0      0      0      0      0     13      0     15      0     35     21     49     40     19    104    134    110     37      0     38    143    137      0
    84     22    156     38    208    338     31    113     77    155     77     57     93     31      0    134      0      0      0      0      0      0      0      0      0     24     20     19     52     26     17    109    112    123     39      0     49    135    158      0
    75     50     84     21    147    546    105     81    116    306     75     38    107     20     37     75      0      0      0      0      0      0     19      0    -11     31    -27     15     50     53     25    100    108     99     43      0     42    114    141      0
   102     75    189     35    205    598    329    159    132    778    167    104    280     61    148     53      0      0      0      0      0      0    129      0     39    113    -29      0     59     78     96    134    172    154     70      0     81    190    171      0
    14     20     95     22     55    113    131     72     37    366     85     60     77      0     18     65      0      0      0      0      0      0     25      0     23     35      0      0      0     41     46     39    121     93     70      0     61     64     43      0
     0      0     31     15     16     29     25     16      0     62     16     31     24      0      0     44      0      0      0      0      0      0     13      0     13      0      0      0     12      0     11     11     84     46     69      0     22     24      0      0
     0      0      0     10      0      0      0      0      0     14      0      0      0      0      0      0      0      0      0      0      0      0     19      0     11      0      0      0      0      0      0      0     76     26     61      0     29     15      0      0
-999 # Checksum