# file incl_stom_master.in 
# A value >=1 indicate that the stomach sample is used in SMS. Default number is no. of hauls
##############################################################
# Area: All 
##############################################################
# Predator: COD 
##############################################################
# Quarter: 1 
##############################################################
# 1974   1975   1976   1977   1978   1979   1980   1981   1982   1983   1984   1985   1986   1987   1988   1989   1990   1991   1993   1994   1995   1996   1997   1998   1999   2000   2001   2002   2003   2004   2005   2006   2007   2008   2009   2010   2011   2012   2013   2014   
    77     21      0     74     81     73      0     43     29     10     31      0      0      0      0      0      0      0      0      0      0      0      0      0      0     17      0     14      0      0     40     25     60    109      0     13     19     27     90     29
   167     15      0     42    251     51      0     23     39      0     15     16      0      0     28      0      0      0      0      0      0      0      0      0     53     84      0     39      0      0     58     21     92    154     87     31     31     51    143     57
   264     69     22    201    465    196     13     28    281     41     11     26     29     12    145      0     56      0     19      0     57     16      0      0     56     89     12     25      0      0     57     40     86    134     69     39     38     56    174     85
   196    199     45    253    203    324     84     52    268    161     67    150     72     44    296     35    272     97     63      0     72     74      0      0     42     15     11     22      0      0     59     52     53    122    101     53     37     62    161     77
   114    212     87    240     92    279    186     87    160    255    124    129     79     72    160    119    221    209     49      0     43     47      0      0     37     12     22     12      0     29     34     57     80    147    111     50     36     66    162     94
   387    219     80    515    154    301    263    269    236    358    424    319    180    227    413    440    179    273     49      0     38     66      0      0    101     44     30      0     10     66     57     84    128    220    163    120     61     92    393    221
   227     74     22    192    101     85     91     65    121    114    232    181    159    138    181    263    248    271     45      0     43     55      0      0     39     11     10      0      0     39      0     22     22     87     95    101     58     77    107     30
    84     23      0     84     40     37     30     17     42     30     57     58     60     48     45    108    155     43     11      0     29     30      0      0     10      0      0      0      0     13      0      0      0     28     47     68     52     27     10      0
    29     11      0     37      0     20      0      0     15      0     13     16     11      0     27     38     65     24      0      0     17      0      0      0     10      0      0      0      0      0      0      0      0     17     38     76     35     20     10      0
# Quarter: 2 
##############################################################
# 1974   1975   1976   1977   1978   1979   1980   1981   1982   1983   1984   1985   1986   1987   1988   1989   1990   1991   1993   1994   1995   1996   1997   1998   1999   2000   2001   2002   2003   2004   2005   2006   2007   2008   2009   2010   2011   2012   2013   2014   
     0     21     82    122     25      0      0      0     12      0     21      0      0      0      0      0      0      0      0      0      0      0      0      0      0      0      0      0      0      0      0      0      0      0      0      0      0      0      0      0
     0     62     20     61    149      0      0      0     18      0      0      0      0     31      0      0      0      0      0      0      0      0      0     39     10      0      0      0      0      0      0      0      0      0      0      0      0      0      0      0
     0    148     88     69    163      0     38      0    145     24      0     29    116    251     46      0     10      0      0     24      0      0      0     33     12      0      0      0      0      0      0      0      0      0      0      0      0      0      0      0
   345    264    188    140    124      0    170     12    187    109     22    161    207    388     76     14     81      0     20     83      0      0      0      0      0      0      0      0      0      0      0      0      0      0      0      0      0      0      0      0
   270    303    273    162     84     78    277     35    169    148     45    130    199    212     41     66    112     14      0     63      0      0      0      0      0      0      0      0      0      0      0      0      0      0      0      0      0     22      0      0
   386    417    473    425    168     88    334    250    463    293    140    450    536    583    221    401     97     13      0     19      0      0      0     15     16      0      0      0      0      0      0      0      0      0      0      0      0     12      0      0
   187     99    207    245     95     19     98    146    226    128     55    282    579    370    175    347    162      0     11     14      0      0      0      0     10      0      0      0      0      0      0      0      0      0      0      0      0      0      0      0
    56     24     71    114     28      0     22     20     55     45     23    100    302    143     72    201    106      0     11     11      0      0      0      0      0      0      0      0      0      0      0      0      0      0      0      0      0      0      0      0
    30     12     15     52     18      0      0      0     13     11      0     27     76     68     35     79     38      0     15      0      0      0      0      0      0      0      0      0      0      0      0      0      0      0      0      0      0      0      0      0
# Quarter: 3 
##############################################################
# 1974   1975   1976   1977   1978   1979   1980   1981   1982   1983   1984   1985   1986   1987   1988   1989   1990   1991   1993   1994   1995   1996   1997   1998   1999   2000   2001   2002   2003   2004   2005   2006   2007   2008   2009   2010   2011   2012   2013   2014   
     0      0     37      0      0      0      0     18     44      0      0      0      0      0      0      0      0      0      0      0      0      0      0      0      0      0      0      0      0      0      0      0      0      0      0      0      0      0      0      0
     0     39     46      0      0      0      0     21      0      0      0      0      0      0      0      0     24     12      0      0      0      0      0      0      0      0      0      0      0      0      0      0      0      0      0      0      0      0      0      0
     0     18     73     21      0     50      0     16     55      0     11      0      0      0      0      0     78     30      0      0      0      0      0      0      0      0      0      0      0      0      0      0      0      0      0      0      0      0      0      0
     0     62    121     17      0    104     50     27    185      0      0      0      0      0      0      0     17      0      0      0      0      0      0      0      0      0      0      0      0      0      0      0      0      0      0      0      0     24      0      0
     0     64     98     14      0    124     46     31    349      0     17      0      0      0      0      0     15      0      0      0      0      0      0      0      0      0      0      0      0      0      0      0      0      0      0      0      0     56      0      0
     0     88    174      0      0    107    113     68    420     18     38      0      0      0      0      0    195     27      0      0      0      0      0      0      0      0      0      0      0      0      0      0      0      0      0      0      0     77      0      0
     0     38     69      0      0     37     37     53    171     12     23      0      0      0      0      0     68     31      0      0      0      0      0      0      0      0      0      0      0      0      0      0      0      0      0      0      0      0      0      0
     0     21     12      0      0      0      0     14     50      0      0      0      0      0      0      0     28     10      0      0      0      0      0      0      0      0      0      0      0      0      0      0      0      0      0      0      0      0      0      0
     0      0      0      0      0      0      0      0     21      0      0      0      0      0      0      0     18     16      0      0      0      0      0      0      0      0      0      0      0      0      0      0      0      0      0      0      0      0      0      0
# Quarter: 4 
##############################################################
# 1974   1975   1976   1977   1978   1979   1980   1981   1982   1983   1984   1985   1986   1987   1988   1989   1990   1991   1993   1994   1995   1996   1997   1998   1999   2000   2001   2002   2003   2004   2005   2006   2007   2008   2009   2010   2011   2012   2013   2014   
     0     18      0      0      0      0      0     19      0     46      0      0      0      0      0      0      0      0      0      0      0      0      0      0     71      0     45     31     38     22     44     52     58     67     28      0     26     97     99      0
    19     12     39     73     37     75     24     17     19     32      0     14     10      0      0      0      0      0      0      0      0      0      0      0     25      0     35     36     65     32     17    105     75     64     25      0     33     93    111      0
    49      0    196    110    131    128     25    108     42     83     27     55     75     24      0     61      0      0      0      0      0      0     13      0     15      0     35     21     49     40     19    104    111     92     26      0     36    108    119      0
    84     22    156     38    208    335     31    113     77    155     77     57     93     31      0    134      0      0      0      0      0      0      0      0      0     24     20     19     51     26     17    109     84    102     33      0     47    102    142      0
    75     50     84     21    147    544    104     80    116    305     75     37    107     20     37     75      0      0      0      0      0      0     19      0     11     31     27     15     49     53     25    100     82     86     33      0     35     85    119      0
   102     75    189     35    204    596    329    157    132    777    167    102    279     61    148     53      0      0      0      0      0      0    129      0     39    113     29      0     59     78     96    133    131    138     42      0     70    140    149      0
    14     20     95     22     55    113    131     72     37    366     85     59     77      0     18     63      0      0      0      0      0      0     25      0     23     34      0      0      0     41     45     38     87     79     53      0     50     56     36      0
     0      0     31     15     16     29     25     16      0     62     16     31     24      0      0     44      0      0      0      0      0      0     13      0     13      0      0      0     12      0     11     11     62     37     56      0     15     19      0      0
     0      0      0     10      0      0      0      0      0     14      0      0      0      0      0      0      0      0      0      0      0      0     19      0     10      0      0      0      0      0      0      0     60     20     42      0     27     15      0      0
-999 # Checksum