# HER year: 1974 
     0.0500      0.1082      0.0768      0.0628      0.0583      0.0550      0.0548      0.0512      0.0440     -1.0000     -1.0000     -1.0000
     0.0500      0.1082      0.0768      0.0628      0.0583      0.0550      0.0548      0.0512      0.0440     -1.0000     -1.0000     -1.0000
     0.0500      0.1082      0.0768      0.0628      0.0583      0.0550      0.0548      0.0512      0.0440     -1.0000     -1.0000     -1.0000
     0.0500      0.1082      0.0768      0.0628      0.0583      0.0550      0.0548      0.0512      0.0440     -1.0000     -1.0000     -1.0000
# HER year: 1975 
     0.0500      0.1190      0.0850      0.0695      0.0643      0.0608      0.0610      0.0573      0.0488     -1.0000     -1.0000     -1.0000
     0.0500      0.1190      0.0850      0.0695      0.0643      0.0608      0.0610      0.0573      0.0488     -1.0000     -1.0000     -1.0000
     0.0500      0.1190      0.0850      0.0695      0.0643      0.0608      0.0610      0.0573      0.0488     -1.0000     -1.0000     -1.0000
     0.0500      0.1190      0.0850      0.0695      0.0643      0.0608      0.0610      0.0573      0.0488     -1.0000     -1.0000     -1.0000
# HER year: 1976 
     0.0500      0.1030      0.0757      0.0645      0.0600      0.0573      0.0570      0.0540      0.0468     -1.0000     -1.0000     -1.0000
     0.0500      0.1030      0.0757      0.0645      0.0600      0.0573      0.0570      0.0540      0.0468     -1.0000     -1.0000     -1.0000
     0.0500      0.1030      0.0757      0.0645      0.0600      0.0573      0.0570      0.0540      0.0468     -1.0000     -1.0000     -1.0000
     0.0500      0.1030      0.0757      0.0645      0.0600      0.0573      0.0570      0.0540      0.0468     -1.0000     -1.0000     -1.0000
# HER year: 1977 
     0.0500      0.1163      0.0800      0.0675      0.0628      0.0595      0.0592      0.0555      0.0478     -1.0000     -1.0000     -1.0000
     0.0500      0.1163      0.0800      0.0675      0.0628      0.0595      0.0592      0.0555      0.0478     -1.0000     -1.0000     -1.0000
     0.0500      0.1163      0.0800      0.0675      0.0628      0.0595      0.0592      0.0555      0.0478     -1.0000     -1.0000     -1.0000
     0.0500      0.1163      0.0800      0.0675      0.0628      0.0595      0.0592      0.0555      0.0478     -1.0000     -1.0000     -1.0000
# HER year: 1978 
     0.0500      0.1690      0.0963      0.0855      0.0805      0.0755      0.0695      0.0655      0.0583     -1.0000     -1.0000     -1.0000
     0.0500      0.1690      0.0963      0.0855      0.0805      0.0755      0.0695      0.0655      0.0583     -1.0000     -1.0000     -1.0000
     0.0500      0.1690      0.0963      0.0855      0.0805      0.0755      0.0695      0.0655      0.0583     -1.0000     -1.0000     -1.0000
     0.0500      0.1690      0.0963      0.0855      0.0805      0.0755      0.0695      0.0655      0.0583     -1.0000     -1.0000     -1.0000
# HER year: 1979 
     0.0500      0.2120      0.1050      0.0895      0.0875      0.0838      0.0813      0.0727      0.0610     -1.0000     -1.0000     -1.0000
     0.0500      0.2120      0.1050      0.0895      0.0875      0.0838      0.0813      0.0727      0.0610     -1.0000     -1.0000     -1.0000
     0.0500      0.2120      0.1050      0.0895      0.0875      0.0838      0.0813      0.0727      0.0610     -1.0000     -1.0000     -1.0000
     0.0500      0.2120      0.1050      0.0895      0.0875      0.0838      0.0813      0.0727      0.0610     -1.0000     -1.0000     -1.0000
# HER year: 1980 
     0.0500      0.2172      0.1335      0.1080      0.0965      0.0985      0.0860      0.0792      0.0707     -1.0000     -1.0000     -1.0000
     0.0500      0.2172      0.1335      0.1080      0.0965      0.0985      0.0860      0.0792      0.0707     -1.0000     -1.0000     -1.0000
     0.0500      0.2172      0.1335      0.1080      0.0965      0.0985      0.0860      0.0792      0.0707     -1.0000     -1.0000     -1.0000
     0.0500      0.2172      0.1335      0.1080      0.0965      0.0985      0.0860      0.0792      0.0707     -1.0000     -1.0000     -1.0000
# HER year: 1981 
     0.0500      0.1983      0.1302      0.1022      0.0890      0.0813      0.0818      0.0725      0.0630     -1.0000     -1.0000     -1.0000
     0.0500      0.1983      0.1302      0.1022      0.0890      0.0813      0.0818      0.0725      0.0630     -1.0000     -1.0000     -1.0000
     0.0500      0.1983      0.1302      0.1022      0.0890      0.0813      0.0818      0.0725      0.0630     -1.0000     -1.0000     -1.0000
     0.0500      0.1983      0.1302      0.1022      0.0890      0.0813      0.0818      0.0725      0.0630     -1.0000     -1.0000     -1.0000
# HER year: 1982 
     0.0500      0.2052      0.1285      0.1057      0.0895      0.0800      0.0752      0.0752      0.0605     -1.0000     -1.0000     -1.0000
     0.0500      0.2052      0.1285      0.1057      0.0895      0.0800      0.0752      0.0752      0.0605     -1.0000     -1.0000     -1.0000
     0.0500      0.2052      0.1285      0.1057      0.0895      0.0800      0.0752      0.0752      0.0605     -1.0000     -1.0000     -1.0000
     0.0500      0.2052      0.1285      0.1057      0.0895      0.0800      0.0752      0.0752      0.0605     -1.0000     -1.0000     -1.0000
# HER year: 1983 
     0.0500      0.1828      0.1390      0.0990      0.0938      0.0828      0.0747      0.0707      0.0628     -1.0000     -1.0000     -1.0000
     0.0500      0.1828      0.1390      0.0990      0.0938      0.0828      0.0747      0.0707      0.0628     -1.0000     -1.0000     -1.0000
     0.0500      0.1828      0.1390      0.0990      0.0938      0.0828      0.0747      0.0707      0.0628     -1.0000     -1.0000     -1.0000
     0.0500      0.1828      0.1390      0.0990      0.0938      0.0828      0.0747      0.0707      0.0628     -1.0000     -1.0000     -1.0000
# HER year: 1984 
     0.0500      0.1540      0.1220      0.0965      0.0782      0.0780      0.0703      0.0645      0.0583     -1.0000     -1.0000     -1.0000
     0.0500      0.1540      0.1220      0.0965      0.0782      0.0780      0.0703      0.0645      0.0583     -1.0000     -1.0000     -1.0000
     0.0500      0.1540      0.1220      0.0965      0.0782      0.0780      0.0703      0.0645      0.0583     -1.0000     -1.0000     -1.0000
     0.0500      0.1540      0.1220      0.0965      0.0782      0.0780      0.0703      0.0645      0.0583     -1.0000     -1.0000     -1.0000
# HER year: 1985 
     0.0500      0.1298      0.1060      0.0810      0.0700      0.0625      0.0615      0.0580      0.0528     -1.0000     -1.0000     -1.0000
     0.0500      0.1298      0.1060      0.0810      0.0700      0.0625      0.0615      0.0580      0.0528     -1.0000     -1.0000     -1.0000
     0.0500      0.1298      0.1060      0.0810      0.0700      0.0625      0.0615      0.0580      0.0528     -1.0000     -1.0000     -1.0000
     0.0500      0.1298      0.1060      0.0810      0.0700      0.0625      0.0615      0.0580      0.0528     -1.0000     -1.0000     -1.0000
# HER year: 1986 
     0.0500      0.1207      0.0945      0.0840      0.0668      0.0612      0.0568      0.0532      0.0475     -1.0000     -1.0000     -1.0000
     0.0500      0.1207      0.0945      0.0840      0.0668      0.0612      0.0568      0.0532      0.0475     -1.0000     -1.0000     -1.0000
     0.0500      0.1207      0.0945      0.0840      0.0668      0.0612      0.0568      0.0532      0.0475     -1.0000     -1.0000     -1.0000
     0.0500      0.1207      0.0945      0.0840      0.0668      0.0612      0.0568      0.0532      0.0475     -1.0000     -1.0000     -1.0000
# HER year: 1987 
     0.0500      0.1227      0.0795      0.0678      0.0640      0.0558      0.0517      0.0488      0.0442     -1.0000     -1.0000     -1.0000
     0.0500      0.1227      0.0795      0.0678      0.0640      0.0558      0.0517      0.0488      0.0442     -1.0000     -1.0000     -1.0000
     0.0500      0.1227      0.0795      0.0678      0.0640      0.0558      0.0517      0.0488      0.0442     -1.0000     -1.0000     -1.0000
     0.0500      0.1227      0.0795      0.0678      0.0640      0.0558      0.0517      0.0488      0.0442     -1.0000     -1.0000     -1.0000
# HER year: 1988 
     0.0500      0.1245      0.0935      0.0675      0.0648      0.0610      0.0548      0.0505      0.0450     -1.0000     -1.0000     -1.0000
     0.0500      0.1245      0.0935      0.0675      0.0648      0.0610      0.0548      0.0505      0.0450     -1.0000     -1.0000     -1.0000
     0.0500      0.1245      0.0935      0.0675      0.0648      0.0610      0.0548      0.0505      0.0450     -1.0000     -1.0000     -1.0000
     0.0500      0.1245      0.0935      0.0675      0.0648      0.0610      0.0548      0.0505      0.0450     -1.0000     -1.0000     -1.0000
# HER year: 1989 
     0.0500      0.1037      0.0725      0.0725      0.0608      0.0548      0.0520      0.0475      0.0428     -1.0000     -1.0000     -1.0000
     0.0500      0.1037      0.0725      0.0725      0.0608      0.0548      0.0520      0.0475      0.0428     -1.0000     -1.0000     -1.0000
     0.0500      0.1037      0.0725      0.0725      0.0608      0.0548      0.0520      0.0475      0.0428     -1.0000     -1.0000     -1.0000
     0.0500      0.1037      0.0725      0.0725      0.0608      0.0548      0.0520      0.0475      0.0428     -1.0000     -1.0000     -1.0000
# HER year: 1990 
     0.0500      0.0703      0.0522      0.0472      0.0488      0.0425      0.0408      0.0392      0.0372     -1.0000     -1.0000     -1.0000
     0.0500      0.0703      0.0522      0.0472      0.0488      0.0425      0.0408      0.0392      0.0372     -1.0000     -1.0000     -1.0000
     0.0500      0.0703      0.0522      0.0472      0.0488      0.0425      0.0408      0.0392      0.0372     -1.0000     -1.0000     -1.0000
     0.0500      0.0703      0.0522      0.0472      0.0488      0.0425      0.0408      0.0392      0.0372     -1.0000     -1.0000     -1.0000
# HER year: 1991 
     0.0500      0.0573      0.0482      0.0420      0.0380      0.0405      0.0360      0.0367      0.0345     -1.0000     -1.0000     -1.0000
     0.0500      0.0573      0.0482      0.0420      0.0380      0.0405      0.0360      0.0367      0.0345     -1.0000     -1.0000     -1.0000
     0.0500      0.0573      0.0482      0.0420      0.0380      0.0405      0.0360      0.0367      0.0345     -1.0000     -1.0000     -1.0000
     0.0500      0.0573      0.0482      0.0420      0.0380      0.0405      0.0360      0.0367      0.0345     -1.0000     -1.0000     -1.0000
# HER year: 1992 
     0.0500      0.0600      0.0493      0.0437      0.0372      0.0352      0.0375      0.0343      0.0335     -1.0000     -1.0000     -1.0000
     0.0500      0.0600      0.0493      0.0437      0.0372      0.0352      0.0375      0.0343      0.0335     -1.0000     -1.0000     -1.0000
     0.0500      0.0600      0.0493      0.0437      0.0372      0.0352      0.0375      0.0343      0.0335     -1.0000     -1.0000     -1.0000
     0.0500      0.0600      0.0493      0.0437      0.0372      0.0352      0.0375      0.0343      0.0335     -1.0000     -1.0000     -1.0000
# HER year: 1993 
     0.0500      0.0745      0.0618      0.0530      0.0490      0.0445      0.0420      0.0440      0.0388     -1.0000     -1.0000     -1.0000
     0.0500      0.0745      0.0618      0.0530      0.0490      0.0445      0.0420      0.0440      0.0388     -1.0000     -1.0000     -1.0000
     0.0500      0.0745      0.0618      0.0530      0.0490      0.0445      0.0420      0.0440      0.0388     -1.0000     -1.0000     -1.0000
     0.0500      0.0745      0.0618      0.0530      0.0490      0.0445      0.0420      0.0440      0.0388     -1.0000     -1.0000     -1.0000
# HER year: 1994 
     0.0500      0.0770      0.0643      0.0575      0.0503      0.0475      0.0445      0.0410      0.0408     -1.0000     -1.0000     -1.0000
     0.0500      0.0770      0.0643      0.0575      0.0503      0.0475      0.0445      0.0410      0.0408     -1.0000     -1.0000     -1.0000
     0.0500      0.0770      0.0643      0.0575      0.0503      0.0475      0.0445      0.0410      0.0408     -1.0000     -1.0000     -1.0000
     0.0500      0.0770      0.0643      0.0575      0.0503      0.0475      0.0445      0.0410      0.0408     -1.0000     -1.0000     -1.0000
# HER year: 1995 
     0.0500      0.0678      0.0585      0.0545      0.0503      0.0475      0.0462      0.0432      0.0425     -1.0000     -1.0000     -1.0000
     0.0500      0.0678      0.0585      0.0545      0.0503      0.0475      0.0462      0.0432      0.0425     -1.0000     -1.0000     -1.0000
     0.0500      0.0678      0.0585      0.0545      0.0503      0.0475      0.0462      0.0432      0.0425     -1.0000     -1.0000     -1.0000
     0.0500      0.0678      0.0585      0.0545      0.0503      0.0475      0.0462      0.0432      0.0425     -1.0000     -1.0000     -1.0000
# HER year: 1996 
     0.0500      0.0587      0.0535      0.0488      0.0465      0.0448      0.0428      0.0415      0.0388     -1.0000     -1.0000     -1.0000
     0.0500      0.0587      0.0535      0.0488      0.0465      0.0448      0.0428      0.0415      0.0388     -1.0000     -1.0000     -1.0000
     0.0500      0.0587      0.0535      0.0488      0.0465      0.0448      0.0428      0.0415      0.0388     -1.0000     -1.0000     -1.0000
     0.0500      0.0587      0.0535      0.0488      0.0465      0.0448      0.0428      0.0415      0.0388     -1.0000     -1.0000     -1.0000
# HER year: 1997 
     0.0500      0.0538      0.0500      0.0455      0.0432      0.0412      0.0398      0.0388      0.0375     -1.0000     -1.0000     -1.0000
     0.0500      0.0538      0.0500      0.0455      0.0432      0.0412      0.0398      0.0388      0.0375     -1.0000     -1.0000     -1.0000
     0.0500      0.0538      0.0500      0.0455      0.0432      0.0412      0.0398      0.0388      0.0375     -1.0000     -1.0000     -1.0000
     0.0500      0.0538      0.0500      0.0455      0.0432      0.0412      0.0398      0.0388      0.0375     -1.0000     -1.0000     -1.0000
# HER year: 1998 
     0.0500      0.0555      0.0482      0.0450      0.0415      0.0395      0.0378      0.0375      0.0348     -1.0000     -1.0000     -1.0000
     0.0500      0.0555      0.0482      0.0450      0.0415      0.0395      0.0378      0.0375      0.0348     -1.0000     -1.0000     -1.0000
     0.0500      0.0555      0.0482      0.0450      0.0415      0.0395      0.0378      0.0375      0.0348     -1.0000     -1.0000     -1.0000
     0.0500      0.0555      0.0482      0.0450      0.0415      0.0395      0.0378      0.0375      0.0348     -1.0000     -1.0000     -1.0000
# HER year: 1999 
     0.0500      0.0632      0.0535      0.0478      0.0455      0.0423      0.0395      0.0388      0.0360     -1.0000     -1.0000     -1.0000
     0.0500      0.0632      0.0535      0.0478      0.0455      0.0423      0.0395      0.0388      0.0360     -1.0000     -1.0000     -1.0000
     0.0500      0.0632      0.0535      0.0478      0.0455      0.0423      0.0395      0.0388      0.0360     -1.0000     -1.0000     -1.0000
     0.0500      0.0632      0.0535      0.0478      0.0455      0.0423      0.0395      0.0388      0.0360     -1.0000     -1.0000     -1.0000
# HER year: 2000 
     0.0500      0.0765      0.0575      0.0542      0.0517      0.0490      0.0458      0.0435      0.0435     -1.0000     -1.0000     -1.0000
     0.0500      0.0765      0.0575      0.0542      0.0517      0.0490      0.0458      0.0435      0.0435     -1.0000     -1.0000     -1.0000
     0.0500      0.0765      0.0575      0.0542      0.0517      0.0490      0.0458      0.0435      0.0435     -1.0000     -1.0000     -1.0000
     0.0500      0.0765      0.0575      0.0542      0.0517      0.0490      0.0458      0.0435      0.0435     -1.0000     -1.0000     -1.0000
# HER year: 2001 
     0.0500      0.0795      0.0602      0.0535      0.0520      0.0485      0.0472      0.0452      0.0450     -1.0000     -1.0000     -1.0000
     0.0500      0.0795      0.0602      0.0535      0.0520      0.0485      0.0472      0.0452      0.0450     -1.0000     -1.0000     -1.0000
     0.0500      0.0795      0.0602      0.0535      0.0520      0.0485      0.0472      0.0452      0.0450     -1.0000     -1.0000     -1.0000
     0.0500      0.0795      0.0602      0.0535      0.0520      0.0485      0.0472      0.0452      0.0450     -1.0000     -1.0000     -1.0000
# HER year: 2002 
     0.0500      0.0828      0.0622      0.0550      0.0498      0.0478      0.0458      0.0442      0.0440     -1.0000     -1.0000     -1.0000
     0.0500      0.0828      0.0622      0.0550      0.0498      0.0478      0.0458      0.0442      0.0440     -1.0000     -1.0000     -1.0000
     0.0500      0.0828      0.0622      0.0550      0.0498      0.0478      0.0458      0.0442      0.0440     -1.0000     -1.0000     -1.0000
     0.0500      0.0828      0.0622      0.0550      0.0498      0.0478      0.0458      0.0442      0.0440     -1.0000     -1.0000     -1.0000
# HER year: 2003 
     0.0500      0.0727      0.0512      0.0475      0.0448      0.0430      0.0415      0.0398      0.0388     -1.0000     -1.0000     -1.0000
     0.0500      0.0727      0.0512      0.0475      0.0448      0.0430      0.0415      0.0398      0.0388     -1.0000     -1.0000     -1.0000
     0.0500      0.0727      0.0512      0.0475      0.0448      0.0430      0.0415      0.0398      0.0388     -1.0000     -1.0000     -1.0000
     0.0500      0.0727      0.0512      0.0475      0.0448      0.0430      0.0415      0.0398      0.0388     -1.0000     -1.0000     -1.0000
# HER year: 2004 
     0.0500      0.0675      0.0615      0.0478      0.0450      0.0410      0.0398      0.0385      0.0367     -1.0000     -1.0000     -1.0000
     0.0500      0.0675      0.0615      0.0478      0.0450      0.0410      0.0398      0.0385      0.0367     -1.0000     -1.0000     -1.0000
     0.0500      0.0675      0.0615      0.0478      0.0450      0.0410      0.0398      0.0385      0.0367     -1.0000     -1.0000     -1.0000
     0.0500      0.0675      0.0615      0.0478      0.0450      0.0410      0.0398      0.0385      0.0367     -1.0000     -1.0000     -1.0000
# HER year: 2005 
     0.0500      0.0808      0.0690      0.0620      0.0517      0.0465      0.0430      0.0412      0.0388     -1.0000     -1.0000     -1.0000
     0.0500      0.0808      0.0690      0.0620      0.0517      0.0465      0.0430      0.0412      0.0388     -1.0000     -1.0000     -1.0000
     0.0500      0.0808      0.0690      0.0620      0.0517      0.0465      0.0430      0.0412      0.0388     -1.0000     -1.0000     -1.0000
     0.0500      0.0808      0.0690      0.0620      0.0517      0.0465      0.0430      0.0412      0.0388     -1.0000     -1.0000     -1.0000
# HER year: 2006 
     0.0500      0.0855      0.0597      0.0587      0.0560      0.0505      0.0442      0.0423      0.0400     -1.0000     -1.0000     -1.0000
     0.0500      0.0855      0.0597      0.0587      0.0560      0.0505      0.0442      0.0423      0.0400     -1.0000     -1.0000     -1.0000
     0.0500      0.0855      0.0597      0.0587      0.0560      0.0505      0.0442      0.0423      0.0400     -1.0000     -1.0000     -1.0000
     0.0500      0.0855      0.0597      0.0587      0.0560      0.0505      0.0442      0.0423      0.0400     -1.0000     -1.0000     -1.0000
# HER year: 2007 
     0.0500      0.0860      0.0608      0.0570      0.0525      0.0510      0.0448      0.0423      0.0385     -1.0000     -1.0000     -1.0000
     0.0500      0.0860      0.0608      0.0570      0.0525      0.0510      0.0448      0.0423      0.0385     -1.0000     -1.0000     -1.0000
     0.0500      0.0860      0.0608      0.0570      0.0525      0.0510      0.0448      0.0423      0.0385     -1.0000     -1.0000     -1.0000
     0.0500      0.0860      0.0608      0.0570      0.0525      0.0510      0.0448      0.0423      0.0385     -1.0000     -1.0000     -1.0000
# HER year: 2008 
     0.0500      0.0910      0.0648      0.0602      0.0552      0.0493      0.0515      0.0458      0.0430     -1.0000     -1.0000     -1.0000
     0.0500      0.0910      0.0648      0.0602      0.0552      0.0493      0.0515      0.0458      0.0430     -1.0000     -1.0000     -1.0000
     0.0500      0.0910      0.0648      0.0602      0.0552      0.0493      0.0515      0.0458      0.0430     -1.0000     -1.0000     -1.0000
     0.0500      0.0910      0.0648      0.0602      0.0552      0.0493      0.0515      0.0458      0.0430     -1.0000     -1.0000     -1.0000
# HER year: 2009 
     0.0500      0.0935      0.0698      0.0602      0.0580      0.0520      0.0478      0.0510      0.0458     -1.0000     -1.0000     -1.0000
     0.0500      0.0935      0.0698      0.0602      0.0580      0.0520      0.0478      0.0510      0.0458     -1.0000     -1.0000     -1.0000
     0.0500      0.0935      0.0698      0.0602      0.0580      0.0520      0.0478      0.0510      0.0458     -1.0000     -1.0000     -1.0000
     0.0500      0.0935      0.0698      0.0602      0.0580      0.0520      0.0478      0.0510      0.0458     -1.0000     -1.0000     -1.0000
# HER year: 2010 
     0.0500      0.1008      0.0770      0.0645      0.0573      0.0562      0.0525      0.0488      0.0482     -1.0000     -1.0000     -1.0000
     0.0500      0.1008      0.0770      0.0645      0.0573      0.0562      0.0525      0.0488      0.0482     -1.0000     -1.0000     -1.0000
     0.0500      0.1008      0.0770      0.0645      0.0573      0.0562      0.0525      0.0488      0.0482     -1.0000     -1.0000     -1.0000
     0.0500      0.1008      0.0770      0.0645      0.0573      0.0562      0.0525      0.0488      0.0482     -1.0000     -1.0000     -1.0000
# HER year: 2011 
     0.0500      0.1000      0.0703      0.0638      0.0560      0.0510      0.0498      0.0462      0.0465     -1.0000     -1.0000     -1.0000
     0.0500      0.1000      0.0703      0.0638      0.0560      0.0510      0.0498      0.0462      0.0465     -1.0000     -1.0000     -1.0000
     0.0500      0.1000      0.0703      0.0638      0.0560      0.0510      0.0498      0.0462      0.0465     -1.0000     -1.0000     -1.0000
     0.0500      0.1000      0.0703      0.0638      0.0560      0.0510      0.0498      0.0462      0.0465     -1.0000     -1.0000     -1.0000
# HER year: 2012 
     0.0500      0.0907      0.0528      0.0542      0.0488      0.0435      0.0420      0.0398      0.0372     -1.0000     -1.0000     -1.0000
     0.0500      0.0907      0.0528      0.0542      0.0488      0.0435      0.0420      0.0398      0.0372     -1.0000     -1.0000     -1.0000
     0.0500      0.0907      0.0528      0.0542      0.0488      0.0435      0.0420      0.0398      0.0372     -1.0000     -1.0000     -1.0000
     0.0500      0.0907      0.0528      0.0542      0.0488      0.0435      0.0420      0.0398      0.0372     -1.0000     -1.0000     -1.0000
# HER year: 2013 
     0.0500      0.0887      0.0578      0.0452      0.0470      0.0423      0.0390      0.0382      0.0365     -1.0000     -1.0000     -1.0000
     0.0500      0.0887      0.0578      0.0452      0.0470      0.0423      0.0390      0.0382      0.0365     -1.0000     -1.0000     -1.0000
     0.0500      0.0887      0.0578      0.0452      0.0470      0.0423      0.0390      0.0382      0.0365     -1.0000     -1.0000     -1.0000
     0.0500      0.0887      0.0578      0.0452      0.0470      0.0423      0.0390      0.0382      0.0365     -1.0000     -1.0000     -1.0000
# HER year: 2014 
     0.0500      0.0882      0.0585      0.0490      0.0412      0.0428      0.0390      0.0375      0.0360     -1.0000     -1.0000     -1.0000
     0.0500      0.0882      0.0585      0.0490      0.0412      0.0428      0.0390      0.0375      0.0360     -1.0000     -1.0000     -1.0000
     0.0500      0.0882      0.0585      0.0490      0.0412      0.0428      0.0390      0.0375      0.0360     -1.0000     -1.0000     -1.0000
     0.0500      0.0882      0.0585      0.0490      0.0412      0.0428      0.0390      0.0375      0.0360     -1.0000     -1.0000     -1.0000
# HER year: 2015 
     0.0500      0.0745      0.0508      0.0462      0.0418      0.0388      0.0388      0.0370      0.0355     -1.0000     -1.0000     -1.0000
     0.0500      0.0745      0.0508      0.0462      0.0418      0.0388      0.0388      0.0370      0.0355     -1.0000     -1.0000     -1.0000
     0.0500      0.0745      0.0508      0.0462      0.0418      0.0388      0.0388      0.0370      0.0355     -1.0000     -1.0000     -1.0000
     0.0500      0.0745      0.0508      0.0462      0.0418      0.0388      0.0388      0.0370      0.0355     -1.0000     -1.0000     -1.0000
# HER year: 2016 
     0.0500      0.0720      0.0635      0.0462      0.0435      0.0410      0.0390      0.0378      0.0360     -1.0000     -1.0000     -1.0000
     0.0500      0.0720      0.0635      0.0462      0.0435      0.0410      0.0390      0.0378      0.0360     -1.0000     -1.0000     -1.0000
     0.0500      0.0720      0.0635      0.0462      0.0435      0.0410      0.0390      0.0378      0.0360     -1.0000     -1.0000     -1.0000
     0.0500      0.0720      0.0635      0.0462      0.0435      0.0410      0.0390      0.0378      0.0360     -1.0000     -1.0000     -1.0000
# HER year: 2017 
     0.0500      0.0670      0.0517      0.0488      0.0410      0.0395      0.0370      0.0348      0.0340     -1.0000     -1.0000     -1.0000
     0.0500      0.0670      0.0517      0.0488      0.0410      0.0395      0.0370      0.0348      0.0340     -1.0000     -1.0000     -1.0000
     0.0500      0.0670      0.0517      0.0488      0.0410      0.0395      0.0370      0.0348      0.0340     -1.0000     -1.0000     -1.0000
     0.0500      0.0670      0.0517      0.0488      0.0410      0.0395      0.0370      0.0348      0.0340     -1.0000     -1.0000     -1.0000
# HER year: 2018 
     0.0500      0.0610      0.0470      0.0405      0.0400      0.0355      0.0352      0.0348      0.0332     -1.0000     -1.0000     -1.0000
     0.0500      0.0610      0.0470      0.0405      0.0400      0.0355      0.0352      0.0348      0.0332     -1.0000     -1.0000     -1.0000
     0.0500      0.0610      0.0470      0.0405      0.0400      0.0355      0.0352      0.0348      0.0332     -1.0000     -1.0000     -1.0000
     0.0500      0.0610      0.0470      0.0405      0.0400      0.0355      0.0352      0.0348      0.0332     -1.0000     -1.0000     -1.0000
# HER year: 2019 
    -1.0000      0.0610      0.0470      0.0405      0.0400      0.0355      0.0352      0.0348      0.0332     -1.0000     -1.0000     -1.0000
    -1.0000      0.0610      0.0470      0.0405      0.0400      0.0355      0.0352      0.0348      0.0332     -1.0000     -1.0000     -1.0000
     0.0500      0.0610      0.0470      0.0405      0.0400      0.0355      0.0352      0.0348      0.0332     -1.0000     -1.0000     -1.0000
     0.0500      0.0610      0.0470      0.0405      0.0400      0.0355      0.0352      0.0348      0.0332     -1.0000     -1.0000     -1.0000
# HER year: 2020 
    -1.0000      0.0663      0.0495      0.0440      0.0408      0.0385      0.0370      0.0360      0.0348     -1.0000     -1.0000     -1.0000
    -1.0000      0.0663      0.0495      0.0440      0.0408      0.0385      0.0370      0.0360      0.0348     -1.0000     -1.0000     -1.0000
     0.0500      0.0663      0.0495      0.0440      0.0408      0.0385      0.0370      0.0360      0.0348     -1.0000     -1.0000     -1.0000
     0.0500      0.0663      0.0495      0.0440      0.0408      0.0385      0.0370      0.0360      0.0348     -1.0000     -1.0000     -1.0000
# HER year: 2021 
    -1.0000      0.0638      0.0480      0.0428      0.0398      0.0378      0.0362      0.0352      0.0343     -1.0000     -1.0000     -1.0000
    -1.0000      0.0638      0.0480      0.0428      0.0398      0.0378      0.0362      0.0352      0.0343     -1.0000     -1.0000     -1.0000
     0.0500      0.0638      0.0480      0.0428      0.0398      0.0378      0.0362      0.0352      0.0343     -1.0000     -1.0000     -1.0000
     0.0500      0.0638      0.0480      0.0428      0.0398      0.0378      0.0362      0.0352      0.0343     -1.0000     -1.0000     -1.0000
# SPR year: 1974 
     0.0500      0.1725      0.1268      0.1155      0.1102      0.1102      0.1050      0.1090     -1.0000     -1.0000     -1.0000     -1.0000
     0.0500      0.1725      0.1268      0.1155      0.1102      0.1102      0.1050      0.1090     -1.0000     -1.0000     -1.0000     -1.0000
     0.0500      0.1725      0.1268      0.1155      0.1102      0.1102      0.1050      0.1090     -1.0000     -1.0000     -1.0000     -1.0000
     0.0500      0.1725      0.1268      0.1155      0.1102      0.1102      0.1050      0.1090     -1.0000     -1.0000     -1.0000     -1.0000
# SPR year: 1975 
     0.0500      0.1737      0.1322      0.1215      0.1160      0.1160      0.1108      0.1148     -1.0000     -1.0000     -1.0000     -1.0000
     0.0500      0.1737      0.1322      0.1215      0.1160      0.1160      0.1108      0.1148     -1.0000     -1.0000     -1.0000     -1.0000
     0.0500      0.1737      0.1322      0.1215      0.1160      0.1160      0.1108      0.1148     -1.0000     -1.0000     -1.0000     -1.0000
     0.0500      0.1737      0.1322      0.1215      0.1160      0.1160      0.1108      0.1148     -1.0000     -1.0000     -1.0000     -1.0000
# SPR year: 1976 
     0.0500      0.1465      0.1155      0.1072      0.1032      0.1032      0.0993      0.1025     -1.0000     -1.0000     -1.0000     -1.0000
     0.0500      0.1465      0.1155      0.1072      0.1032      0.1032      0.0993      0.1025     -1.0000     -1.0000     -1.0000     -1.0000
     0.0500      0.1465      0.1155      0.1072      0.1032      0.1032      0.0993      0.1025     -1.0000     -1.0000     -1.0000     -1.0000
     0.0500      0.1465      0.1155      0.1072      0.1032      0.1032      0.0993      0.1025     -1.0000     -1.0000     -1.0000     -1.0000
# SPR year: 1977 
     0.0500      0.1958      0.1360      0.1227      0.1170      0.1170      0.1098      0.1158     -1.0000     -1.0000     -1.0000     -1.0000
     0.0500      0.1958      0.1360      0.1227      0.1170      0.1170      0.1098      0.1158     -1.0000     -1.0000     -1.0000     -1.0000
     0.0500      0.1958      0.1360      0.1227      0.1170      0.1170      0.1098      0.1158     -1.0000     -1.0000     -1.0000     -1.0000
     0.0500      0.1958      0.1360      0.1227      0.1170      0.1170      0.1098      0.1158     -1.0000     -1.0000     -1.0000     -1.0000
# SPR year: 1978 
     0.0500      0.2668      0.1840      0.1705      0.1578      0.1542      0.1522      0.1525     -1.0000     -1.0000     -1.0000     -1.0000
     0.0500      0.2668      0.1840      0.1705      0.1578      0.1542      0.1522      0.1525     -1.0000     -1.0000     -1.0000     -1.0000
     0.0500      0.2668      0.1840      0.1705      0.1578      0.1542      0.1522      0.1525     -1.0000     -1.0000     -1.0000     -1.0000
     0.0500      0.2668      0.1840      0.1705      0.1578      0.1542      0.1522      0.1525     -1.0000     -1.0000     -1.0000     -1.0000
# SPR year: 1979 
     0.0500      0.2860      0.1973      0.1850      0.1862      0.1725      0.1730      0.1767     -1.0000     -1.0000     -1.0000     -1.0000
     0.0500      0.2860      0.1973      0.1850      0.1862      0.1725      0.1730      0.1767     -1.0000     -1.0000     -1.0000     -1.0000
     0.0500      0.2860      0.1973      0.1850      0.1862      0.1725      0.1730      0.1767     -1.0000     -1.0000     -1.0000     -1.0000
     0.0500      0.2860      0.1973      0.1850      0.1862      0.1725      0.1730      0.1767     -1.0000     -1.0000     -1.0000     -1.0000
# SPR year: 1980 
     0.0500      0.2935      0.2098      0.1872      0.1832      0.1860      0.1747      0.1800     -1.0000     -1.0000     -1.0000     -1.0000
     0.0500      0.2935      0.2098      0.1872      0.1832      0.1860      0.1747      0.1800     -1.0000     -1.0000     -1.0000     -1.0000
     0.0500      0.2935      0.2098      0.1872      0.1832      0.1860      0.1747      0.1800     -1.0000     -1.0000     -1.0000     -1.0000
     0.0500      0.2935      0.2098      0.1872      0.1832      0.1860      0.1747      0.1800     -1.0000     -1.0000     -1.0000     -1.0000
# SPR year: 1981 
     0.0500      0.2652      0.1780      0.1698      0.1555      0.1560      0.1678      0.1508     -1.0000     -1.0000     -1.0000     -1.0000
     0.0500      0.2652      0.1780      0.1698      0.1555      0.1560      0.1678      0.1508     -1.0000     -1.0000     -1.0000     -1.0000
     0.0500      0.2652      0.1780      0.1698      0.1555      0.1560      0.1678      0.1508     -1.0000     -1.0000     -1.0000     -1.0000
     0.0500      0.2652      0.1780      0.1698      0.1555      0.1560      0.1678      0.1508     -1.0000     -1.0000     -1.0000     -1.0000
# SPR year: 1982 
     0.0500      0.2658      0.1878      0.1725      0.1675      0.1568      0.1673      0.1700     -1.0000     -1.0000     -1.0000     -1.0000
     0.0500      0.2658      0.1878      0.1725      0.1675      0.1568      0.1673      0.1700     -1.0000     -1.0000     -1.0000     -1.0000
     0.0500      0.2658      0.1878      0.1725      0.1675      0.1568      0.1673      0.1700     -1.0000     -1.0000     -1.0000     -1.0000
     0.0500      0.2658      0.1878      0.1725      0.1675      0.1568      0.1673      0.1700     -1.0000     -1.0000     -1.0000     -1.0000
# SPR year: 1983 
     0.0500      0.2070      0.1658      0.1528      0.1490      0.1447      0.1415      0.1412     -1.0000     -1.0000     -1.0000     -1.0000
     0.0500      0.2070      0.1658      0.1528      0.1490      0.1447      0.1415      0.1412     -1.0000     -1.0000     -1.0000     -1.0000
     0.0500      0.2070      0.1658      0.1528      0.1490      0.1447      0.1415      0.1412     -1.0000     -1.0000     -1.0000     -1.0000
     0.0500      0.2070      0.1658      0.1528      0.1490      0.1447      0.1415      0.1412     -1.0000     -1.0000     -1.0000     -1.0000
# SPR year: 1984 
     0.0500      0.1720      0.1440      0.1298      0.1290      0.1250      0.1232      0.1217     -1.0000     -1.0000     -1.0000     -1.0000
     0.0500      0.1720      0.1440      0.1298      0.1290      0.1250      0.1232      0.1217     -1.0000     -1.0000     -1.0000     -1.0000
     0.0500      0.1720      0.1440      0.1298      0.1290      0.1250      0.1232      0.1217     -1.0000     -1.0000     -1.0000     -1.0000
     0.0500      0.1720      0.1440      0.1298      0.1290      0.1250      0.1232      0.1217     -1.0000     -1.0000     -1.0000     -1.0000
# SPR year: 1985 
     0.0500      0.1508      0.1245      0.1177      0.1153      0.1110      0.1060      0.1088     -1.0000     -1.0000     -1.0000     -1.0000
     0.0500      0.1508      0.1245      0.1177      0.1153      0.1110      0.1060      0.1088     -1.0000     -1.0000     -1.0000     -1.0000
     0.0500      0.1508      0.1245      0.1177      0.1153      0.1110      0.1060      0.1088     -1.0000     -1.0000     -1.0000     -1.0000
     0.0500      0.1508      0.1245      0.1177      0.1153      0.1110      0.1060      0.1088     -1.0000     -1.0000     -1.0000     -1.0000
# SPR year: 1986 
     0.0500      0.1578      0.1200      0.1140      0.1105      0.1060      0.1037      0.1027     -1.0000     -1.0000     -1.0000     -1.0000
     0.0500      0.1578      0.1200      0.1140      0.1105      0.1060      0.1037      0.1027     -1.0000     -1.0000     -1.0000     -1.0000
     0.0500      0.1578      0.1200      0.1140      0.1105      0.1060      0.1037      0.1027     -1.0000     -1.0000     -1.0000     -1.0000
     0.0500      0.1578      0.1200      0.1140      0.1105      0.1060      0.1037      0.1027     -1.0000     -1.0000     -1.0000     -1.0000
# SPR year: 1987 
     0.0500      0.1565      0.1180      0.1100      0.1055      0.1045      0.1022      0.0995     -1.0000     -1.0000     -1.0000     -1.0000
     0.0500      0.1565      0.1180      0.1100      0.1055      0.1045      0.1022      0.0995     -1.0000     -1.0000     -1.0000     -1.0000
     0.0500      0.1565      0.1180      0.1100      0.1055      0.1045      0.1022      0.0995     -1.0000     -1.0000     -1.0000     -1.0000
     0.0500      0.1565      0.1180      0.1100      0.1055      0.1045      0.1022      0.0995     -1.0000     -1.0000     -1.0000     -1.0000
# SPR year: 1988 
     0.0500      0.1485      0.1163      0.1130      0.1072      0.1032      0.1013      0.0990     -1.0000     -1.0000     -1.0000     -1.0000
     0.0500      0.1485      0.1163      0.1130      0.1072      0.1032      0.1013      0.0990     -1.0000     -1.0000     -1.0000     -1.0000
     0.0500      0.1485      0.1163      0.1130      0.1072      0.1032      0.1013      0.0990     -1.0000     -1.0000     -1.0000     -1.0000
     0.0500      0.1485      0.1163      0.1130      0.1072      0.1032      0.1013      0.0990     -1.0000     -1.0000     -1.0000     -1.0000
# SPR year: 1989 
     0.0500      0.1238      0.0998      0.0940      0.0928      0.0900      0.0885      0.0877     -1.0000     -1.0000     -1.0000     -1.0000
     0.0500      0.1238      0.0998      0.0940      0.0928      0.0900      0.0885      0.0877     -1.0000     -1.0000     -1.0000     -1.0000
     0.0500      0.1238      0.0998      0.0940      0.0928      0.0900      0.0885      0.0877     -1.0000     -1.0000     -1.0000     -1.0000
     0.0500      0.1238      0.0998      0.0940      0.0928      0.0900      0.0885      0.0877     -1.0000     -1.0000     -1.0000     -1.0000
# SPR year: 1990 
     0.0500      0.0885      0.0757      0.0747      0.0732      0.0715      0.0717      0.0705     -1.0000     -1.0000     -1.0000     -1.0000
     0.0500      0.0885      0.0757      0.0747      0.0732      0.0715      0.0717      0.0705     -1.0000     -1.0000     -1.0000     -1.0000
     0.0500      0.0885      0.0757      0.0747      0.0732      0.0715      0.0717      0.0705     -1.0000     -1.0000     -1.0000     -1.0000
     0.0500      0.0885      0.0757      0.0747      0.0732      0.0715      0.0717      0.0705     -1.0000     -1.0000     -1.0000     -1.0000
# SPR year: 1991 
     0.0500      0.0810      0.0680      0.0670      0.0658      0.0645      0.0643      0.0645     -1.0000     -1.0000     -1.0000     -1.0000
     0.0500      0.0810      0.0680      0.0670      0.0658      0.0645      0.0643      0.0645     -1.0000     -1.0000     -1.0000     -1.0000
     0.0500      0.0810      0.0680      0.0670      0.0658      0.0645      0.0643      0.0645     -1.0000     -1.0000     -1.0000     -1.0000
     0.0500      0.0810      0.0680      0.0670      0.0658      0.0645      0.0643      0.0645     -1.0000     -1.0000     -1.0000     -1.0000
# SPR year: 1992 
     0.0500      0.0853      0.0700      0.0675      0.0668      0.0650      0.0648      0.0643     -1.0000     -1.0000     -1.0000     -1.0000
     0.0500      0.0853      0.0700      0.0675      0.0668      0.0650      0.0648      0.0643     -1.0000     -1.0000     -1.0000     -1.0000
     0.0500      0.0853      0.0700      0.0675      0.0668      0.0650      0.0648      0.0643     -1.0000     -1.0000     -1.0000     -1.0000
     0.0500      0.0853      0.0700      0.0675      0.0668      0.0650      0.0648      0.0643     -1.0000     -1.0000     -1.0000     -1.0000
# SPR year: 1993 
     0.0500      0.0922      0.0823      0.0788      0.0770      0.0762      0.0752      0.0742     -1.0000     -1.0000     -1.0000     -1.0000
     0.0500      0.0922      0.0823      0.0788      0.0770      0.0762      0.0752      0.0742     -1.0000     -1.0000     -1.0000     -1.0000
     0.0500      0.0922      0.0823      0.0788      0.0770      0.0762      0.0752      0.0742     -1.0000     -1.0000     -1.0000     -1.0000
     0.0500      0.0922      0.0823      0.0788      0.0770      0.0762      0.0752      0.0742     -1.0000     -1.0000     -1.0000     -1.0000
# SPR year: 1994 
     0.0500      0.0922      0.0820      0.0785      0.0762      0.0757      0.0750      0.0747     -1.0000     -1.0000     -1.0000     -1.0000
     0.0500      0.0922      0.0820      0.0785      0.0762      0.0757      0.0750      0.0747     -1.0000     -1.0000     -1.0000     -1.0000
     0.0500      0.0922      0.0820      0.0785      0.0762      0.0757      0.0750      0.0747     -1.0000     -1.0000     -1.0000     -1.0000
     0.0500      0.0922      0.0820      0.0785      0.0762      0.0757      0.0750      0.0747     -1.0000     -1.0000     -1.0000     -1.0000
# SPR year: 1995 
     0.0500      0.0818      0.0745      0.0740      0.0725      0.0717      0.0712      0.0710     -1.0000     -1.0000     -1.0000     -1.0000
     0.0500      0.0818      0.0745      0.0740      0.0725      0.0717      0.0712      0.0710     -1.0000     -1.0000     -1.0000     -1.0000
     0.0500      0.0818      0.0745      0.0740      0.0725      0.0717      0.0712      0.0710     -1.0000     -1.0000     -1.0000     -1.0000
     0.0500      0.0818      0.0745      0.0740      0.0725      0.0717      0.0712      0.0710     -1.0000     -1.0000     -1.0000     -1.0000
# SPR year: 1996 
     0.0500      0.0747      0.0717      0.0688      0.0683      0.0673      0.0670      0.0673     -1.0000     -1.0000     -1.0000     -1.0000
     0.0500      0.0747      0.0717      0.0688      0.0683      0.0673      0.0670      0.0673     -1.0000     -1.0000     -1.0000     -1.0000
     0.0500      0.0747      0.0717      0.0688      0.0683      0.0673      0.0670      0.0673     -1.0000     -1.0000     -1.0000     -1.0000
     0.0500      0.0747      0.0717      0.0688      0.0683      0.0673      0.0670      0.0673     -1.0000     -1.0000     -1.0000     -1.0000
# SPR year: 1997 
     0.0500      0.0745      0.0693      0.0680      0.0663      0.0650      0.0650      0.0645     -1.0000     -1.0000     -1.0000     -1.0000
     0.0500      0.0745      0.0693      0.0680      0.0663      0.0650      0.0650      0.0645     -1.0000     -1.0000     -1.0000     -1.0000
     0.0500      0.0745      0.0693      0.0680      0.0663      0.0650      0.0650      0.0645     -1.0000     -1.0000     -1.0000     -1.0000
     0.0500      0.0745      0.0693      0.0680      0.0663      0.0650      0.0650      0.0645     -1.0000     -1.0000     -1.0000     -1.0000
# SPR year: 1998 
     0.0500      0.0765      0.0707      0.0695      0.0688      0.0670      0.0665      0.0668     -1.0000     -1.0000     -1.0000     -1.0000
     0.0500      0.0765      0.0707      0.0695      0.0688      0.0670      0.0665      0.0668     -1.0000     -1.0000     -1.0000     -1.0000
     0.0500      0.0765      0.0707      0.0695      0.0688      0.0670      0.0665      0.0668     -1.0000     -1.0000     -1.0000     -1.0000
     0.0500      0.0765      0.0707      0.0695      0.0688      0.0670      0.0665      0.0668     -1.0000     -1.0000     -1.0000     -1.0000
# SPR year: 1999 
     0.0500      0.0840      0.0755      0.0730      0.0730      0.0725      0.0710      0.0703     -1.0000     -1.0000     -1.0000     -1.0000
     0.0500      0.0840      0.0755      0.0730      0.0730      0.0725      0.0710      0.0703     -1.0000     -1.0000     -1.0000     -1.0000
     0.0500      0.0840      0.0755      0.0730      0.0730      0.0725      0.0710      0.0703     -1.0000     -1.0000     -1.0000     -1.0000
     0.0500      0.0840      0.0755      0.0730      0.0730      0.0725      0.0710      0.0703     -1.0000     -1.0000     -1.0000     -1.0000
# SPR year: 2000 
     0.0500      0.0905      0.0772      0.0780      0.0770      0.0762      0.0757      0.0745     -1.0000     -1.0000     -1.0000     -1.0000
     0.0500      0.0905      0.0772      0.0780      0.0770      0.0762      0.0757      0.0745     -1.0000     -1.0000     -1.0000     -1.0000
     0.0500      0.0905      0.0772      0.0780      0.0770      0.0762      0.0757      0.0745     -1.0000     -1.0000     -1.0000     -1.0000
     0.0500      0.0905      0.0772      0.0780      0.0770      0.0762      0.0757      0.0745     -1.0000     -1.0000     -1.0000     -1.0000
# SPR year: 2001 
     0.0500      0.0935      0.0808      0.0780      0.0782      0.0770      0.0775      0.0778     -1.0000     -1.0000     -1.0000     -1.0000
     0.0500      0.0935      0.0808      0.0780      0.0782      0.0770      0.0775      0.0778     -1.0000     -1.0000     -1.0000     -1.0000
     0.0500      0.0935      0.0808      0.0780      0.0782      0.0770      0.0775      0.0778     -1.0000     -1.0000     -1.0000     -1.0000
     0.0500      0.0935      0.0808      0.0780      0.0782      0.0770      0.0775      0.0778     -1.0000     -1.0000     -1.0000     -1.0000
# SPR year: 2002 
     0.0500      0.0963      0.0830      0.0823      0.0808      0.0808      0.0805      0.0805     -1.0000     -1.0000     -1.0000     -1.0000
     0.0500      0.0963      0.0830      0.0823      0.0808      0.0808      0.0805      0.0805     -1.0000     -1.0000     -1.0000     -1.0000
     0.0500      0.0963      0.0830      0.0823      0.0808      0.0808      0.0805      0.0805     -1.0000     -1.0000     -1.0000     -1.0000
     0.0500      0.0963      0.0830      0.0823      0.0808      0.0808      0.0805      0.0805     -1.0000     -1.0000     -1.0000     -1.0000
# SPR year: 2003 
     0.0500      0.0877      0.0770      0.0757      0.0757      0.0747      0.0755      0.0757     -1.0000     -1.0000     -1.0000     -1.0000
     0.0500      0.0877      0.0770      0.0757      0.0757      0.0747      0.0755      0.0757     -1.0000     -1.0000     -1.0000     -1.0000
     0.0500      0.0877      0.0770      0.0757      0.0757      0.0747      0.0755      0.0757     -1.0000     -1.0000     -1.0000     -1.0000
     0.0500      0.0877      0.0770      0.0757      0.0757      0.0747      0.0755      0.0757     -1.0000     -1.0000     -1.0000     -1.0000
# SPR year: 2004 
     0.0500      0.0838      0.0772      0.0732      0.0720      0.0722      0.0720      0.0722     -1.0000     -1.0000     -1.0000     -1.0000
     0.0500      0.0838      0.0772      0.0732      0.0720      0.0722      0.0720      0.0722     -1.0000     -1.0000     -1.0000     -1.0000
     0.0500      0.0838      0.0772      0.0732      0.0720      0.0722      0.0720      0.0722     -1.0000     -1.0000     -1.0000     -1.0000
     0.0500      0.0838      0.0772      0.0732      0.0720      0.0722      0.0720      0.0722     -1.0000     -1.0000     -1.0000     -1.0000
# SPR year: 2005 
     0.0500      0.0963      0.0882      0.0853      0.0803      0.0792      0.0788      0.0795     -1.0000     -1.0000     -1.0000     -1.0000
     0.0500      0.0963      0.0882      0.0853      0.0803      0.0792      0.0788      0.0795     -1.0000     -1.0000     -1.0000     -1.0000
     0.0500      0.0963      0.0882      0.0853      0.0803      0.0792      0.0788      0.0795     -1.0000     -1.0000     -1.0000     -1.0000
     0.0500      0.0963      0.0882      0.0853      0.0803      0.0792      0.0788      0.0795     -1.0000     -1.0000     -1.0000     -1.0000
# SPR year: 2006 
     0.0500      0.1013      0.0905      0.0890      0.0870      0.0830      0.0820      0.0820     -1.0000     -1.0000     -1.0000     -1.0000
     0.0500      0.1013      0.0905      0.0890      0.0870      0.0830      0.0820      0.0820     -1.0000     -1.0000     -1.0000     -1.0000
     0.0500      0.1013      0.0905      0.0890      0.0870      0.0830      0.0820      0.0820     -1.0000     -1.0000     -1.0000     -1.0000
     0.0500      0.1013      0.0905      0.0890      0.0870      0.0830      0.0820      0.0820     -1.0000     -1.0000     -1.0000     -1.0000
# SPR year: 2007 
     0.0500      0.1027      0.0905      0.0870      0.0867      0.0862      0.0835      0.0815     -1.0000     -1.0000     -1.0000     -1.0000
     0.0500      0.1027      0.0905      0.0870      0.0867      0.0862      0.0835      0.0815     -1.0000     -1.0000     -1.0000     -1.0000
     0.0500      0.1027      0.0905      0.0870      0.0867      0.0862      0.0835      0.0815     -1.0000     -1.0000     -1.0000     -1.0000
     0.0500      0.1027      0.0905      0.0870      0.0867      0.0862      0.0835      0.0815     -1.0000     -1.0000     -1.0000     -1.0000
# SPR year: 2008 
     0.0500      0.1077      0.0910      0.0892      0.0870      0.0882      0.0887      0.0853     -1.0000     -1.0000     -1.0000     -1.0000
     0.0500      0.1077      0.0910      0.0892      0.0870      0.0882      0.0887      0.0853     -1.0000     -1.0000     -1.0000     -1.0000
     0.0500      0.1077      0.0910      0.0892      0.0870      0.0882      0.0887      0.0853     -1.0000     -1.0000     -1.0000     -1.0000
     0.0500      0.1077      0.0910      0.0892      0.0870      0.0882      0.0887      0.0853     -1.0000     -1.0000     -1.0000     -1.0000
# SPR year: 2009 
     0.0500      0.1072      0.0910      0.0882      0.0872      0.0865      0.0872      0.0865     -1.0000     -1.0000     -1.0000     -1.0000
     0.0500      0.1072      0.0910      0.0882      0.0872      0.0865      0.0872      0.0865     -1.0000     -1.0000     -1.0000     -1.0000
     0.0500      0.1072      0.0910      0.0882      0.0872      0.0865      0.0872      0.0865     -1.0000     -1.0000     -1.0000     -1.0000
     0.0500      0.1072      0.0910      0.0882      0.0872      0.0865      0.0872      0.0865     -1.0000     -1.0000     -1.0000     -1.0000
# SPR year: 2010 
     0.0500      0.1143      0.0998      0.0940      0.0920      0.0917      0.0912      0.0912     -1.0000     -1.0000     -1.0000     -1.0000
     0.0500      0.1143      0.0998      0.0940      0.0920      0.0917      0.0912      0.0912     -1.0000     -1.0000     -1.0000     -1.0000
     0.0500      0.1143      0.0998      0.0940      0.0920      0.0917      0.0912      0.0912     -1.0000     -1.0000     -1.0000     -1.0000
     0.0500      0.1143      0.0998      0.0940      0.0920      0.0917      0.0912      0.0912     -1.0000     -1.0000     -1.0000     -1.0000
# SPR year: 2011 
     0.0500      0.1158      0.0960      0.0945      0.0922      0.0902      0.0907      0.0895     -1.0000     -1.0000     -1.0000     -1.0000
     0.0500      0.1158      0.0960      0.0945      0.0922      0.0902      0.0907      0.0895     -1.0000     -1.0000     -1.0000     -1.0000
     0.0500      0.1158      0.0960      0.0945      0.0922      0.0902      0.0907      0.0895     -1.0000     -1.0000     -1.0000     -1.0000
     0.0500      0.1158      0.0960      0.0945      0.0922      0.0902      0.0907      0.0895     -1.0000     -1.0000     -1.0000     -1.0000
# SPR year: 2012 
     0.0500      0.1120      0.0895      0.0855      0.0850      0.0833      0.0828      0.0830     -1.0000     -1.0000     -1.0000     -1.0000
     0.0500      0.1120      0.0895      0.0855      0.0850      0.0833      0.0828      0.0830     -1.0000     -1.0000     -1.0000     -1.0000
     0.0500      0.1120      0.0895      0.0855      0.0850      0.0833      0.0828      0.0830     -1.0000     -1.0000     -1.0000     -1.0000
     0.0500      0.1120      0.0895      0.0855      0.0850      0.0833      0.0828      0.0830     -1.0000     -1.0000     -1.0000     -1.0000
# SPR year: 2013 
     0.0500      0.1138      0.0887      0.0840      0.0820      0.0818      0.0815      0.0815     -1.0000     -1.0000     -1.0000     -1.0000
     0.0500      0.1138      0.0887      0.0840      0.0820      0.0818      0.0815      0.0815     -1.0000     -1.0000     -1.0000     -1.0000
     0.0500      0.1138      0.0887      0.0840      0.0820      0.0818      0.0815      0.0815     -1.0000     -1.0000     -1.0000     -1.0000
     0.0500      0.1138      0.0887      0.0840      0.0820      0.0818      0.0815      0.0815     -1.0000     -1.0000     -1.0000     -1.0000
# SPR year: 2014 
     0.0500      0.1133      0.0892      0.0848      0.0818      0.0803      0.0805      0.0820     -1.0000     -1.0000     -1.0000     -1.0000
     0.0500      0.1133      0.0892      0.0848      0.0818      0.0803      0.0805      0.0820     -1.0000     -1.0000     -1.0000     -1.0000
     0.0500      0.1133      0.0892      0.0848      0.0818      0.0803      0.0805      0.0820     -1.0000     -1.0000     -1.0000     -1.0000
     0.0500      0.1133      0.0892      0.0848      0.0818      0.0803      0.0805      0.0820     -1.0000     -1.0000     -1.0000     -1.0000
# SPR year: 2015 
     0.0500      0.0950      0.0788      0.0760      0.0747      0.0735      0.0725      0.0740     -1.0000     -1.0000     -1.0000     -1.0000
     0.0500      0.0950      0.0788      0.0760      0.0747      0.0735      0.0725      0.0740     -1.0000     -1.0000     -1.0000     -1.0000
     0.0500      0.0950      0.0788      0.0760      0.0747      0.0735      0.0725      0.0740     -1.0000     -1.0000     -1.0000     -1.0000
     0.0500      0.0950      0.0788      0.0760      0.0747      0.0735      0.0725      0.0740     -1.0000     -1.0000     -1.0000     -1.0000
# SPR year: 2016 
     0.0500      0.0917      0.0815      0.0760      0.0735      0.0732      0.0725      0.0727     -1.0000     -1.0000     -1.0000     -1.0000
     0.0500      0.0917      0.0815      0.0760      0.0735      0.0732      0.0725      0.0727     -1.0000     -1.0000     -1.0000     -1.0000
     0.0500      0.0917      0.0815      0.0760      0.0735      0.0732      0.0725      0.0727     -1.0000     -1.0000     -1.0000     -1.0000
     0.0500      0.0917      0.0815      0.0760      0.0735      0.0732      0.0725      0.0727     -1.0000     -1.0000     -1.0000     -1.0000
# SPR year: 2017 
     0.0500      0.0875      0.0768      0.0750      0.0720      0.0707      0.0707      0.0710     -1.0000     -1.0000     -1.0000     -1.0000
     0.0500      0.0875      0.0768      0.0750      0.0720      0.0707      0.0707      0.0710     -1.0000     -1.0000     -1.0000     -1.0000
     0.0500      0.0875      0.0768      0.0750      0.0720      0.0707      0.0707      0.0710     -1.0000     -1.0000     -1.0000     -1.0000
     0.0500      0.0875      0.0768      0.0750      0.0720      0.0707      0.0707      0.0710     -1.0000     -1.0000     -1.0000     -1.0000
# SPR year: 2018 
     0.0500      0.0805      0.0720      0.0705      0.0700      0.0683      0.0675      0.0678     -1.0000     -1.0000     -1.0000     -1.0000
     0.0500      0.0805      0.0720      0.0705      0.0700      0.0683      0.0675      0.0678     -1.0000     -1.0000     -1.0000     -1.0000
     0.0500      0.0805      0.0720      0.0705      0.0700      0.0683      0.0675      0.0678     -1.0000     -1.0000     -1.0000     -1.0000
     0.0500      0.0805      0.0720      0.0705      0.0700      0.0683      0.0675      0.0678     -1.0000     -1.0000     -1.0000     -1.0000
# SPR year: 2019 
    -1.0000      0.0805      0.0720      0.0705      0.0700      0.0683      0.0675      0.0678     -1.0000     -1.0000     -1.0000     -1.0000
    -1.0000      0.0805      0.0720      0.0705      0.0700      0.0683      0.0675      0.0678     -1.0000     -1.0000     -1.0000     -1.0000
     0.0500      0.0805      0.0720      0.0705      0.0700      0.0683      0.0675      0.0678     -1.0000     -1.0000     -1.0000     -1.0000
     0.0500      0.0805      0.0720      0.0705      0.0700      0.0683      0.0675      0.0678     -1.0000     -1.0000     -1.0000     -1.0000
# SPR year: 2020 
    -1.0000      0.0770      0.0685      0.0665      0.0658      0.0653      0.0650      0.0653     -1.0000     -1.0000     -1.0000     -1.0000
    -1.0000      0.0770      0.0685      0.0665      0.0658      0.0653      0.0650      0.0653     -1.0000     -1.0000     -1.0000     -1.0000
     0.0500      0.0770      0.0685      0.0665      0.0658      0.0653      0.0650      0.0653     -1.0000     -1.0000     -1.0000     -1.0000
     0.0500      0.0770      0.0685      0.0665      0.0658      0.0653      0.0650      0.0653     -1.0000     -1.0000     -1.0000     -1.0000
# SPR year: 2021 
    -1.0000      0.0735      0.0660      0.0645      0.0638      0.0632      0.0632      0.0632     -1.0000     -1.0000     -1.0000     -1.0000
    -1.0000      0.0735      0.0660      0.0645      0.0638      0.0632      0.0632      0.0632     -1.0000     -1.0000     -1.0000     -1.0000
     0.0500      0.0735      0.0660      0.0645      0.0638      0.0632      0.0632      0.0632     -1.0000     -1.0000     -1.0000     -1.0000
     0.0500      0.0735      0.0660      0.0645      0.0638      0.0632      0.0632      0.0632     -1.0000     -1.0000     -1.0000     -1.0000
-999 # Checksum