################################################
# F at age
##### Quarter:1
 0  0.0201 0.0516 0.0783 0.1064 0.1518 0.1518 0.1518 0.1518 0  0  0  # Herring    
 0  0.0334 0.0861 0.1100 0.1192 0.1192 0.1192 0.1192 0  0  0  0  # Sprat      
##### Quarter:2
 0  0.0097 0.0306 0.0544 0.0739 0.1055 0.1055 0.1055 0.1055 0  0  0  # Herring    
 0  0.0145 0.0472 0.0603 0.0654 0.0654 0.0654 0.0654 0  0  0  0  # Sprat      
##### Quarter:3
 0.0000 0.0054 0.0080 0.0186 0.0253 0.0361 0.0361 0.0361 0.0361 0  0  0  # Herring    
 0.0000 0.0052 0.0081 0.0103 0.0112 0.0112 0.0112 0.0112 0  0  0  0  # Sprat      
##### Quarter:4
 0.0000 0.0314 0.0468 0.0523 0.0711 0.1015 0.1015 0.1015 0.1015 0  0  0  # Herring    
 0.0000 0.0257 0.0336 0.0430 0.0466 0.0466 0.0466 0.0466 0  0  0  0  # Sprat      
