################################################
# Residual natural mortality (M1)
##### Quarter:1
 0  0.025 0.025 0.025 0.025 0.025 0.025 0.025 0.025 0  0  0  # Herring    
 0  0.050 0.050 0.050 0.050 0.050 0.050 0.050 0  0  0  0  # Sprat      
##### Quarter:2
 0  0.025 0.025 0.025 0.025 0.025 0.025 0.025 0.025 0  0  0  # Herring    
 0  0.050 0.050 0.050 0.050 0.050 0.050 0.050 0  0  0  0  # Sprat      
##### Quarter:3
 0.025 0.025 0.025 0.025 0.025 0.025 0.025 0.025 0.025 0  0  0  # Herring    
 0.050 0.050 0.050 0.050 0.050 0.050 0.050 0.050 0  0  0  0  # Sprat      
##### Quarter:4
 0.025 0.025 0.025 0.025 0.025 0.025 0.025 0.025 0.025 0  0  0  # Herring    
 0.050 0.050 0.050 0.050 0.050 0.050 0.050 0.050 0  0  0  0  # Sprat      
