################################################
# Multispecies Natural mortality (M1+M2)
##### Quarter:1
 0  0.1212 0.0681 0.0584 0.0513 0.0488 0.0455 0.0414 0.0388 0  0  0  # Herring    
 0  0.1036 0.0822 0.0787 0.0771 0.0765 0.0747 0.0739 0  0  0  0  # Sprat      
##### Quarter:2
 0  0.0393 0.0339 0.0329 0.0308 0.0300 0.0291 0.0284 0.0280 0  0  0  # Herring    
 0  0.0920 0.0776 0.0743 0.0725 0.0717 0.0692 0.0693 0  0  0  0  # Sprat      
##### Quarter:3
 0.0424 0.0317 0.0289 0.0282 0.0276 0.0275 0.0273 0.0270 0.0269 0  0  0  # Herring    
 0.0604 0.0563 0.0554 0.0549 0.0544 0.0546 0.0545 0.0544 0  0  0  0  # Sprat      
##### Quarter:4
 0.0720 0.0463 0.0393 0.0367 0.0346 0.0343 0.0329 0.0320 0.0314 0  0  0  # Herring    
 0.0716 0.0631 0.0616 0.0610 0.0604 0.0604 0.0599 0.0595 0  0  0  0  # Sprat      
