################################################
# Natural mortality (M)
##### Quarter:1
 0  0.0646 0.0486 0.0431 0.0403 0.0379 0.0364 0.0355 0.0344 0  0  0  # Herring    
 0  0.0758 0.0678 0.0661 0.0654 0.0647 0.0645 0.0646 0  0  0  0  # Sprat      
##### Quarter:2
 0  0.0646 0.0486 0.0431 0.0403 0.0379 0.0364 0.0355 0.0344 0  0  0  # Herring    
 0  0.0758 0.0678 0.0661 0.0654 0.0647 0.0645 0.0646 0  0  0  0  # Sprat      
##### Quarter:3
 0.0500 0.0646 0.0486 0.0431 0.0403 0.0379 0.0364 0.0355 0.0344 0  0  0  # Herring    
 0.0500 0.0758 0.0678 0.0661 0.0654 0.0647 0.0645 0.0646 0  0  0  0  # Sprat      
##### Quarter:4
 0.0500 0.0646 0.0486 0.0431 0.0403 0.0379 0.0364 0.0355 0.0344 0  0  0  # Herring    
 0.0500 0.0758 0.0678 0.0661 0.0654 0.0647 0.0645 0.0646 0  0  0  0  # Sprat      
