################################################
# Proportion of N, for calculation of M2, within model area at age
##### Quarter:1
 0  1.0000 1.0000 1.0000 1.0000 1.0000 1.0000 1.0000 1.0000 0  0  0  # Herring    
 0  1.0000 1.0000 1.0000 1.0000 1.0000 1.0000 1.0000 0  0  0  0  # Sprat      
##### Quarter:2
 0  1.0000 1.0000 1.0000 1.0000 1.0000 1.0000 1.0000 1.0000 0  0  0  # Herring    
 0  1.0000 1.0000 1.0000 1.0000 1.0000 1.0000 1.0000 0  0  0  0  # Sprat      
##### Quarter:3
 1.0000 1.0000 1.0000 1.0000 1.0000 1.0000 1.0000 1.0000 1.0000 0  0  0  # Herring    
 1.0000 1.0000 1.0000 1.0000 1.0000 1.0000 1.0000 1.0000 0  0  0  0  # Sprat      
##### Quarter:4
 1.0000 1.0000 1.0000 1.0000 1.0000 1.0000 1.0000 1.0000 1.0000 0  0  0  # Herring    
 1.0000 1.0000 1.0000 1.0000 1.0000 1.0000 1.0000 1.0000 0  0  0  0  # Sprat      
