################################################
# Proportion mature
##### Quarter:1
 0  0.00 0.70 0.90 1.00 1.00 1.00 1.00 1.00 0  0  0  # Herring    
 0  0.17 0.93 1.00 1.00 1.00 1.00 1.00 0  0  0  0  # Sprat      
##### Quarter:2
 0  0.00 0.70 0.90 1.00 1.00 1.00 1.00 1.00 0  0  0  # Herring    
 0  0.17 0.93 1.00 1.00 1.00 1.00 1.00 0  0  0  0  # Sprat      
##### Quarter:3
 0.00 0.00 0.70 0.90 1.00 1.00 1.00 1.00 1.00 0  0  0  # Herring    
 0.00 0.17 0.93 1.00 1.00 1.00 1.00 1.00 0  0  0  0  # Sprat      
##### Quarter:4
 0.00 0.00 0.70 0.90 1.00 1.00 1.00 1.00 1.00 0  0  0  # Herring    
 0.00 0.17 0.93 1.00 1.00 1.00 1.00 1.00 0  0  0  0  # Sprat      
