################################################
# Size in the sea, for use in size selction model 
##### Quarter:1
# area:1
 0  0.0036 0.0203 0.0520 0.1105 0.1996 0.3267 0.5073 0.7860 1.4010 2.2911 3.5426 # Cod        
 0  0.0059 0.0159 0.0205 0.0274 0.0296 0.0323 0.0332 0.0446 0  0  0  # Herring    
 0  0.0035 0.0078 0.0093 0.0099 0.0105 0.0112 0.0110 0  0  0  0  # Sprat      
##### Quarter:2
# area:1
 0  0.0036 0.0221 0.0522 0.1101 0.2002 0.3258 0.5073 0.7884 1.4016 2.2908 3.5423 # Cod        
 0  0.0112 0.0199 0.0185 0.0275 0.0264 0.0332 0.0395 0.0449 0  0  0  # Herring    
 0  0.0042 0.0082 0.0094 0.0102 0.0104 0.0121 0.0113 0  0  0  0  # Sprat      
##### Quarter:3
# area:1
 -1.0000 0.0036 0.0228 0.0530 0.1099 0.2005 0.3262 0.5070 0.7901 1.4027 2.2909 3.5424 # Cod        
 0.0056 0.0166 0.0253 0.0329 0.0322 0.0379 0.0391 0.0383 0.0313 0  0  0  # Herring    
 0.0037 0.0075 0.0092 0.0107 0.0107 0.0115 0.0128 0.0111 0  0  0  0  # Sprat      
##### Quarter:4
# area:1
 -1.0000 0.0036 0.0155 0.0534 0.1111 0.2006 0.3269 0.5070 0.7908 1.4041 2.2914 3.5430 # Cod        
 0.0057 0.0160 0.0220 0.0245 0.0291 0.0309 0.0362 0.0350 0.0381 0  0  0  # Herring    
 0.0038 0.0084 0.0099 0.0112 0.0115 0.0122 0.0126 0.0114 0  0  0  0  # Sprat      
################################################
# Mean weight of eaten preys 
##### Quarter:1
# area:1
 0  0.0059 0.0159 0.0205 0.0274 0.0296 0.0323 0.0332 0.0446 0  0  0  # Herring    
 0  0.0035 0.0078 0.0093 0.0099 0.0105 0.0112 0.0110 0  0  0  0  # Sprat      
##### Quarter:2
# area:1
 0  0.0112 0.0199 0.0185 0.0275 0.0264 0.0332 0.0395 0.0449 0  0  0  # Herring    
 0  0.0042 0.0082 0.0094 0.0102 0.0104 0.0121 0.0113 0  0  0  0  # Sprat      
##### Quarter:3
# area:1
 0.0056 0.0166 0.0253 0.0329 0.0322 0.0379 0.0391 0.0383 0.0313 0  0  0  # Herring    
 0.0037 0.0075 0.0092 0.0107 0.0107 0.0115 0.0128 0.0111 0  0  0  0  # Sprat      
##### Quarter:4
# area:1
 0.0057 0.0160 0.0220 0.0245 0.0291 0.0309 0.0362 0.0350 0.0381 0  0  0  # Herring    
 0.0038 0.0084 0.0099 0.0112 0.0115 0.0122 0.0126 0.0114 0  0  0  0  # Sprat      
################################################
# Length at age 
##### Quarter:1
# area:1
 0  50.0000 120.0000 169.0000 219.0000 269.0000 317.0000 369.0000 426.0000 518.0000 611.0000 707.0000 # Cod        
 0  101.0000 139.0000 151.0000 166.0000 170.0000 174.0000 176.0000 193.0000 0  0  0  # Herring    
 0  84.0000 109.0000 115.0000 117.0000 120.0000 122.0000 121.0000 0  0  0  0  # Sprat      
##### Quarter:2
# area:1
 0  50.0000 124.0000 169.0000 219.0000 269.0000 317.0000 369.0000 427.0000 518.0000 611.0000 707.0000 # Cod        
 0  125.0000 150.0000 146.0000 166.0000 164.0000 176.0000 186.0000 194.0000 0  0  0  # Herring    
 0  89.0000 110.0000 115.0000 118.0000 119.0000 125.0000 123.0000 0  0  0  0  # Sprat      
##### Quarter:3
# area:1
 -1.0000 50.0000 125.0000 170.0000 218.0000 269.0000 317.0000 369.0000 427.0000 518.0000 611.0000 707.0000 # Cod        
 100.0000 141.0000 162.0000 176.0000 174.0000 184.0000 186.0000 184.0000 173.0000 0  0  0  # Herring    
 86.0000 107.0000 114.0000 120.0000 120.0000 123.0000 127.0000 122.0000 0  0  0  0  # Sprat      
##### Quarter:4
# area:1
 -1.0000 50.0000 109.0000 171.0000 219.0000 269.0000 317.0000 369.0000 427.0000 518.0000 611.0000 707.0000 # Cod        
 100.0000 140.0000 154.0000 160.0000 169.0000 172.0000 181.0000 179.0000 184.0000 0  0  0  # Herring    
 86.0000 111.0000 117.0000 122.0000 123.0000 125.0000 127.0000 123.0000 0  0  0  0  # Sprat      
