################################################
# Mean weight in the sea
##### Quarter:1
 0  0.0036 0.0201 0.0514 0.1108 0.2001 0.3263 0.5066 0.7832 1.4036 2.2945 3.5454 # Cod        
 0  0.0060 0.0165 0.0220 0.0275 0.0311 0.0329 0.0398 0.0466 0  0  0  # Herring    
 0  0.0035 0.0082 0.0094 0.0101 0.0106 0.0111 0.0115 0  0  0  0  # Sprat      
##### Quarter:2
 0  0.0036 0.0220 0.0519 0.1089 0.2006 0.3263 0.5067 0.7842 1.4030 2.2936 3.5446 # Cod        
 0  0.0114 0.0191 0.0219 0.0287 0.0318 0.0365 0.0445 0.0486 0  0  0  # Herring    
 0  0.0042 0.0084 0.0097 0.0106 0.0110 0.0121 0.0123 0  0  0  0  # Sprat      
##### Quarter:3
 -1.0000 0.0036 0.0228 0.0528 0.1084 0.2005 0.3269 0.5067 0.7853 1.4028 2.2928 3.5440 # Cod        
 0.0056 0.0167 0.0267 0.0330 0.0337 0.0383 0.0388 0.0436 0.0402 0  0  0  # Herring    
 0.0037 0.0075 0.0093 0.0105 0.0113 0.0115 0.0118 0.0113 0  0  0  0  # Sprat      
##### Quarter:4
 -1.0000 0.0036 0.0164 0.0534 0.1100 0.2002 0.3273 0.5069 0.7864 1.4029 2.2923 3.5436 # Cod        
 0.0057 0.0159 0.0224 0.0270 0.0306 0.0329 0.0359 0.0392 0.0407 0  0  0  # Herring    
 0.0038 0.0084 0.0101 0.0109 0.0114 0.0119 0.0120 0.0119 0  0  0  0  # Sprat      
