################################################
# Mean weight in the catch
##### Quarter:1
 0  0.0061 0.0165 0.0220 0.0275 0.0311 0.0329 0.0398 0.0466 0  0  0  # Herring    
 0  0.0035 0.0082 0.0094 0.0101 0.0106 0.0111 0.0115 0  0  0  0  # Sprat      
##### Quarter:2
 0  0.0096 0.0191 0.0219 0.0287 0.0318 0.0365 0.0445 0.0486 0  0  0  # Herring    
 0  0.0045 0.0084 0.0097 0.0106 0.0110 0.0121 0.0123 0  0  0  0  # Sprat      
##### Quarter:3
 0.0054 0.0167 0.0267 0.0330 0.0337 0.0383 0.0388 0.0436 0.0402 0  0  0  # Herring    
 0.0038 0.0079 0.0093 0.0105 0.0113 0.0115 0.0118 0.0113 0  0  0  0  # Sprat      
##### Quarter:4
 0.0056 0.0160 0.0224 0.0270 0.0306 0.0329 0.0359 0.0392 0.0407 0  0  0  # Herring    
 0.0038 0.0083 0.0101 0.0109 0.0114 0.0119 0.0120 0.0119 0  0  0  0  # Sprat      
