# COD year: 1974 
         -1      519086     1594577      531876      584192      320154      275834      102986      126078       36257        9686        2973
         -1      153681      882589      656538      553705      287520      298474      110926      130208       37819        9809        2954
         -1     3645620      403037      503158      597747      260632      294808      124264      143766       42442       10986        3279
         -1     1739170     1086819      303336      532989      263745      281092      130432      161233       48237       12721        3779
# COD year: 1975 
         -1      434746     1320382      404188      408789      249804      269171      124567      166566       50660       13415        3934
         -1      128369      733079      530160      406896      210758      253843      117899      163946       52104       13677        3952
         -1     5212190      336956      412031      465556      190412      231377      115658      166426       57115       15243        4404
         -1     2489520     1457267      251889      426076      199912      213226      110301      168769       62723       17468        5086
# COD year: 1976 
         -1      620318     1852054      482837      342163      195302      204304       98763      157674       62377       18151        5303
         -1      182391     1032752      711633      426566      169850      195290       90286      141458       58767       17843        5247
         -1    11255500      478428      566400      573055      175531      183522       88733      136177       59339       19135        5792
         -1     5379150     3046238      353191      556522      220706      186484       86972      136466       61873       21432        6799
# COD year: 1977 
         -1     1338260     3962270      943274      480731      239826      208103       83512      128990       59349       21764        7250
         -1      392711     2214460     1488787      758544      224954      225197       86508      120627       54750       20871        7313
         -1     9228290     1009163     1199799     1141234      276500      231504       95413      123882       54336       21534        8013
         -1     4401890     2743880      733410     1146553      407204      271220      102231      133812       56123       23053        9146
# COD year: 1978 
         -1     1100130     3338595     1007340      932175      475866      356639      112244      140102       55747       23135        9725
         -1      324767     1853987     1335040      980444      446792      426779      137461      149108       55012       22433        9913
         -1     5497130      843730     1039602     1153213      433274      444683      169528      173624       57566       22906       10585
         -1     2619210     1733012      627016     1065425      478667      449912      189240      207930       62385       23971       11477
# COD year: 1979 
         -1      656677     2025609      699425      823092      482845      470075      194594      233612       66528       23788       11587
         -1      194657     1120314      843769      752755      419937      475930      200226      249226       71760       23230       11273
         -1     9045380      516596      642967      786395      367429      447696      208314      267348       80987       24291       11542
         -1     4321440     2502293      392288      691759      358399      411180      207434      286722       92584       26893       12311
# COD year: 1980 
         -1     1076300     3204918      814744      551301      333252      382763      192745      288539       99680       28698       12430
         -1      316292     1788635     1224111      710864      282113      350080      175342      272812      101222       29249       11874
         -1     9180540      817187      977518      975367      290636      314402      163520      260334      104426       31100       12008
         -1     4381720     2655324      597953      953718      371102      311944      152223      252081      109049       34328       12884
# COD year: 1981 
         -1     1093560     3294081      932124      774130      407547      348473      141482      230676      105331       35119       12955
         -1      322211     1832497     1293237      869316      373005      378780      144156      207663       96167       33771       12395
         -1     6084930      834125     1016789     1081180      371222      379532      158461      206871       93008       34611       12957
         -1     2900480     1877759      615710     1021654      433548      386913      167996      221278       94411       37162       14473
# COD year: 1982 
         -1      726306     2226770      732740      799019      451029      415156      167666      224634       89762       36125       14674
         -1      214948     1233292      913414      761557      399213      432731      173409      224322       85104       33678       14250
         -1     3781380      561713      701557      827953      359870      417409      185731      236820       87762       33972       14991
         -1     1802060     1185035      421669      740767      364766      392802      188909      253666       92889       35278       16105
# COD year: 1983 
         -1      451673     1390961      475726      564002      348227      377495      179140      256799       94109       34720       16124
         -1      133820      769492      577359      512350      292737      355147      167418      245584       91678       32472       15065
         -1     3227650      351494      440640      536350      252035      320367      161714      240957       93929       32583       15030
         -1     1539860      960199      265543      473026      245133      288324      154256      242558      100028       35065       16109
# COD year: 1984 
         -1      384870     1168161      355907      359634      224767      258336      133837      219731       93776       33061       14895
         -1      113612      648563      468147      357112      185956      231755      116191      190889       83757       29613       12990
         -1     3375710      296717      364097      409862      167115      206839      108695      179031       82584       30091       13118
         -1     1611330      975314      221224      375870      175820      189068      101138      172188       83475       31858       13998
# COD year: 1985 
         -1      402124     1210941      342918      295031      171158      178480       87476      150378       74396       29381       12974
         -1      118471      673652      475385      323250      147198      169300       78005      127317       62956       25391       11274
         -1     5060680      309692      373765      398903      141354      157556       76111      118885       59165       24677       11219
         -1     2417330     1407653      229527      375949      161535      152405       73776      116234       57862       25105       11812
# COD year: 1986 
         -1      602140     1795220      460596      306502      164901      154376       66362      102477       48963       21489       10371
         -1      176965     1001271      686647      397796      147024      155554       63210       89223       40017       17255        8480
         -1     3106060      455223      547635      546383      157996      152243       66250       88466       38069       16313        8247
         -1     1480070      969894      332513      534119      205727      161263       68048       92539       38415       16461        8577
# COD year: 1987 
         -1      370789     1140243      382953      420653      224980      184083       65960       86745       33458       13784        7252
         -1      109767      630616      469744      396338      202609      201897       70113       80962       28347       10807        5622
         -1     1939000      287158      359523      426921      184400      202648       80988       88344       28673       10391        5373
         -1      924068      607304      215836      380340      187190      195491       87271      101272       30911       10803        5537
# COD year: 1988 
         -1      231564      712793      242925      286346      175567      185124       82489      103171       29607        9525        4699
         -1       68574      394142      294998      258862      145661      171999       76522       98878       28047        8004        3693
         -1     1943790      180283      225257      272195      125651      155960       75354      100760       30427        8113        3507
         -1      927742      565534      135990      240351      122712      140623       72496      104062       34061        8987        3635
# COD year: 1989 
         -1      231614      698788      201806      184459      113198      127196       63671       97025       33821        8953        3323
         -1       68255      388432      275548      193551       93171      112943       54376       83000       30290        8058        2718
         -1     1431030      176910      215937      233257       86034      100240       50274       76282       29456        8135        2587
         -1      682378      433874      130793      218407       95874       94411       47578       74983       30850        9127        2856
# COD year: 1990 
         -1      170699      520711      164644      169855       96484       92919       41653       65717       27683        8619        2666
         -1       50433      288572      210621      165648       83305       90759       37779       54678       22665        7236        2222
         -1     2834020      133420      162717      185854       75720       85657       38256       51790       21099        6983        2193
         -1     1354280      772332      100133      168610       79121       80831       38115       52456       20881        7206        2356
# COD year: 1991 
         -1      341768     1000871      239200      137909       75396       75751       33698       46778       17379        5964        1993
         -1      107997      584050      363967      183750       64602       69766       29416       39145       13404        4334        1449
         -1     3383610      284055      310160      266175       67398       65254       28611       37085       12482        3869        1305
         -1     1615520      978254      203934      281292       90559       66894       28454       37816       12931        3974        1361
# COD year: 1992 
         -1      401721     1214601      340630      248885      111067       80551       28203       37331       12811        3886        1329
         -1      116144      667593      478608      308599      112770       98800       31728       37077       12510        3728        1256
         -1     2297680      299335      371186      397551      124920      109497       39086       41100       13159        3934        1319
         -1     1095350      701200      221248      373766      155848      123294       45549       48685       14416        4363        1469
# COD year: 1993 
         -1      270963      836199      271416      289360      165841      145988       51409       56425       15587        4627        1559
         -1       75620      446877      347452      288184      147231      160888       60809       66133       17830        5051        1704
         -1     1926530      194626      255638      319030      136238      155911       68796       77738       20862        5632        1892
         -1      919133      563812      146900      276110      142054      149447       70963       89410       24641        6415        2116
# COD year: 1994 
         -1      228280      692894      205396      204297      132375      145674       67614       93135       27306        6865        2178
         -1       65521      378786      278312      208549      108052      135611       63906       90226       28506        6953        2079
         -1     1881810      169535      212979      244482       98078      121216       62452       91218       31535        7892        2264
         -1      898129      544161      126605      221808      105235      111432       58818       92338       34816        9283        2607
# COD year: 1995 
         -1      223544      674982      192902      171818      102958      108591       52889       86959       35265       10012        2775
         -1       65030      372599      267309      186978       88277      104801       49294       79503       34304       10338        2875
         -1     1405770      168280      207944      228138       84069       97005       48402       76434       34717       11237        3223
         -1      670393      423554      124745      211576       93858       91336       45422       72574       33692       11683        3498
# COD year: 1996 
         -1      169676      511682      158992      164748       93981       90668       40478       63933       29235       10552        3274
         -1       53388      294808      202129      157021       81642       88688       37337       55061       24364        8920        2855
         -1     2614490      143507      164023      174192       72393       83388       37095       51393       22075        8187        2725
         -1     1249290      723685      106638      163996       72743       76428       36032       49447       20366        7628        2642
# COD year: 1997 
         -1      316180      928690      230436      140964       71941       71910       32916       45787       17676        6514        2310
         -1      101214      545072      339795      180756       65401       68722       29922       41404       15129        5355        1919
         -1     2676340      267689      290317      251215       67653       65434       28658       38814       13864        4694        1693
         -1     1277430      793472      192365      263220       86110       65661       27576       36935       13026        4239        1528
# COD year: 1998 
         -1      322738      970907      285225      232043      102326       75174       26864       35047       12072        3768        1334
         -1      100912      558077      377764      256006      102980       88042       28583       33752       11218        3373        1159
         -1     2742220      268217      308056      309358      104500       95075       32842       34581       10741        3131        1040
         -1     1308890      808398      197500      299688      118354       98896       36290       36696       10142        2847         909
# COD year: 1999 
         -1      327681      991314      291758      249421      125788      106343       37678       38165        9009        2322         695
         -1       97934      554935      391906      272868      116722      113266       39872       39856        8392        1888         522
         -1     2136210      256594      309546      329792      115839      114576       44394       44797        9245        1850         476
         -1     1018890      646512      190548      311054      131820      116864       47688       51530       10964        2055         492
# COD year: 2000 
         -1      257264      779010      244272      247336      134951      121745       47035       53335       11591        2025         434
         -1       79964      445311      310068      240082      119403      122600       46260       51612       11413        1863         347
         -1     2768680      213697      249116      267854      108280      118000       48223       53171       12168        1957         326
         -1     1322240      792043      159278      250914      111111      111429       48898       56121       13246        2178         335
# COD year: 2001 
         -1      331745      992402      271950      208391      110700      108135       46470       56268       13529        2265         324
         -1      100939      563405      381899      240911       98703      103674       42780       52225       12747        2128         286
         -1     1839230      264592      309495      307129       98243       98392       41872       50615       12811        2158         282
         -1      876771      576174      194438      300585      116733       98781       41879       51950       13833        2434         320
# COD year: 2002 
         -1      221783      678737      228612      245354      126230      106824       40934       51264       14069        2576         341
         -1       69103      387149      277082      232729      116885      113980       41687       49644       13800        2611         349
         -1     2235920      185976      220018      248608      106967      114061       44904       50919       14160        2783         381
         -1     1067710      645668      140252      227686      106801      109602       46898       53769       14711        3006         427
# COD year: 2003 
         -1      270576      805057      224729      186304      102772      104592       45118       53577       14092        2899         421
         -1       86654      470657      305939      200655       91183       99989       43008       52578       13624        2763         407
         -1     3841120      233315      256417      244992       85997       94150       42325       53187       14221        2867         431
         -1     1835290     1074927      171206      243674       94002       88625       40510       52531       14565        2921         445
# COD year: 2004 
         -1      460608     1368547      352046      217580      100937       89052       37553       49670       14110        2800         424
         -1      141231      782363      516478      289539       97973       92650       35994       46189       13361        2638         392
         -1     3036990      371444      425603      398102      108730       95063       37299       45496       13383        2690         398
         -1     1448660      925876      271618      402064      141676      103192       38839       46308       13585        2815         417
# COD year: 2005 
         -1      365253     1111285      352521      337833      162228      122243       40410       46337       13125        2761         409
         -1      112779      632437      446851      344099      156905      141405       45628       48194       13121        2786         415
         -1     3737140      302784      356961      388471      151464      149173       53512       53572       13913        2985         453
         -1     1784660     1075545      227537      362345      159367      148861       58159       58810       14086        2981         457
# COD year: 2006 
         -1      455721     1345796      370242      300138      158003      147984       57839       60629       13316        2665         402
         -1      152289      805986      499838      318777      141794      143991       55829       59624       12411        2284         332
         -1     3942770      411583      431966      387216      133222      138405       56206       61164       12802        2199         309
         -1     1882440     1184712      297678      396152      144353      133362       56488       63809       13844        2283         310
# COD year: 2007 
         -1      480628     1442090      432782      355332      156512      133230       53877       62770       13886        2179         279
         -1      158787      854176      555011      380579      154420      137283       51183       59262       13256        1986         235
         -1     3717980      431296      468176      447254      154259      141887       52648       59299       13650        2027         225
         -1     1774680     1135303      317177      444836      169757      146565       55966       62470       14873        2261         241
# COD year: 2008 
         -1      449339     1365480      430607      388759      182819      155145       57733       64162       15302        2366         242
         -1      141760      786593      544692      406678      177467      164638       59430       64489       15026        2336         230
         -1     3893470      383377      442101      464398      174296      169168       63781       67932       15633        2457         238
         -1     1858830     1153057      287930      442819      187565      172114       68274       74127       17133        2745         266
# COD year: 2009 
         -1      471000     1415026      420614      372539      191950      176507       69197       76979       17599        2809         270
         -1      150479      824047      551332      391204      177325      178106       68983       76847       17278        2688         252
         -1     3363410      406006      456674      457528      169423      174908       71007       79406       17993        2759         254
         -1     1605080     1030562      301703      445994      181624      171243       72362       83228       19270        2949         268
# COD year: 2010 
         -1      409915     1238422      394858      379607      188014      171325       70135       82718       19271        2901         255
         -1      135420      732572      489002      377287      176593      171946       67579       79507       18513        2712         227
         -1     3599320      371513      408383      416364      166194      169854       68075       79202       18713        2709         218
         -1     1718690     1079910      277146      401303      169264      164684       68426       79662       19077        2757         214
# COD year: 2011 
         -1      441651     1318644      397608      348230      170050      160026       65776       76840       18199        2584         190
         -1      151493      797824      502549      356266      158900      155140       61768       71427       16452        2256         154
         -1     4875200      418690      433557      404385      150274      150084       59958       68456       15525        2071         133
         -1     2329140     1430601      306454      404010      155151      144827       58885       66976       15100        1974         120
# COD year: 2012 
         -1      601426     1775100      499591      367935      159536      139651       54943       61530       13352        1665          94
         -1      212884     1093963      649511      402485      154455      136398       50550       54842       11232        1309          67
         -1     4991200      587606      577377      482684      153169      135885       49364       52087       10325        1144          53
         -1     2383730     1545607      419307      503051      166067      134953       48630       49807        9544        1007          43
# COD year: 2013 
         -1      616013     1854554      583899      471339      182270      137595       47001       46357        8354         824          32
         -1      215734     1130681      713477      499675      187792      145589       46373       43818        7396         680          24
         -1     3131080      599433      616679      566604      191103      154435       48336       43701        7023         609          19
         -1     1493630     1078022      437964      567517      204670      161058       51171       44586        6823         561          16
# COD year: 2014 
         -1      386143     1210564      475463      507719      218405      169305       53315       45102        6419         494          13
         -1      131632      719886      516785      479857      216934      178891       55311       45540        5963         423          10
         -1     2516450      373093      420883      479716      207676      185254       58884       47656        5869         387           9
         -1     1201180      811794      287770      439438      202523      185869       62624       50896        6023         371           8
# COD year: 2015 
         -1      308583      948225      338583      370369      194300      182321       63970       52928        5992         340           6
         -1      103960      564258      390649      346845      176106      175034       62992       53237        5793         299           5
         -1     1733000      290696      323110      355099      159796      166402       62678       54662        5938         285           4
         -1      826858      574052      221220      330935      153084      156474       61980       56415        6303         289           4
# COD year: 2016 
         -1      214276      660719      247322      280730      146136      146011       58638       55313        6291         273           3
         -1       74988      400574      274977      257212      132837      135837       54077       52102        5985         244           3
         -1     2787280      214393      229991      254943      119723      126785       50904       49824        5857         230           2
         -1     1332190      809176      163620      236450      112012      117669       48419       48205        5841         225           2
# COD year: 2017 
         -1      343480     1012618      280758      210187      105224      108001       44696       44942        5502         206           2
         -1      121408      624425      370236      230109       96171       98889       40405       40682        4948         178           1
         -1     2258740      336319      329985      275673       91659       91536       37226       37536        4562         159           1
         -1     1078450      734916      240675      287291       96849       86060       34582       34924        4253         144           1
# COD year: 2018 
         -1      280199      857366      298770      268002      104484       84037       31856       31939        3852         126           1
         -1       99758      525183      343832      270531      106335       84848       29474       28746        3391         106           1
         -1     1106950      282651      293884      288299      105708       86573       28494       26556        3059          92           1
         -1      527912      418025      210504      280003      108188       87747       28475       25289        2831          82           0
# COD year: 2019 
         -1      137924      446869      205665      247609      110838       89582       28742       24499        2632          74           0
         -1       48229      267298      205780      223570      107627       91302       28897       23723        2409          65           0
         -1     1925060      142700      164548      209182      100628       91662       29528       23616        2271          59           0
         -1      920238      556728      115006      184949       94483       90442       30662       24536        2284          58           0
# COD year: 2020 
         -1      235146      698147      196381      159295       87776       87772       31364       25586        2329          57           0
         -1       79522      420816      262827      173810       79255       83924       31487       26523        2395          56           0
         -1      871207      218833      228289      207025       74842       78805       31088       27201        2476          56           0
         -1      415158      323607      160407      210502       78683       74573       30225       27604        2570          57           0
# COD year: 2021 
         -1      107695      347732      156748      187515       83715       73798       29175       27775        2683          59           0
         -1       36649      205359      159606      171350       83096       75317       28468       27745        2804          62           0
         -1     1770970      107857      126578      162273       78480       75714       28276       27556        2902          65           0
         -1      846650      499965       87305      143070       74026       74077       28301       27443        2981          68           0
-999 # Checksum