# Data extracted from file  C:/_C_drev/SMS-git/Data_baltic/2022-data/VPA_Ca01_new.IN 
# Date  Sat Sep 24 17:24:49 2022 
# HER year: 1974 
0 1 1 1 1 1 1 1 1 0 0 0
0 1 1 1 1 1 1 1 1 0 0 0
1 1 1 1 1 1 1 1 1 0 0 0
1 1 1 1 1 1 1 1 1 0 0 0
# HER year: 1975 
0 1 1 1 1 1 1 1 1 0 0 0
0 1 1 1 1 1 1 1 1 0 0 0
1 1 1 1 1 1 1 1 1 0 0 0
1 1 1 1 1 1 1 1 1 0 0 0
# HER year: 1976 
0 1 1 1 1 1 1 1 1 0 0 0
0 1 1 1 1 1 1 1 1 0 0 0
1 1 1 1 1 1 1 1 1 0 0 0
1 1 1 1 1 1 1 1 1 0 0 0
# HER year: 1977 
0 1 1 1 1 1 1 1 1 0 0 0
0 1 1 1 1 1 1 1 1 0 0 0
1 1 1 1 1 1 1 1 1 0 0 0
1 1 1 1 1 1 1 1 1 0 0 0
# HER year: 1978 
0 1 1 1 1 1 1 1 1 0 0 0
0 1 1 1 1 1 1 1 1 0 0 0
1 1 1 1 1 1 1 1 1 0 0 0
1 1 1 1 1 1 1 1 1 0 0 0
# HER year: 1979 
0 1 1 1 1 1 1 1 1 0 0 0
0 1 1 1 1 1 1 1 1 0 0 0
1 1 1 1 1 1 1 1 1 0 0 0
1 1 1 1 1 1 1 1 1 0 0 0
# HER year: 1980 
0 1 1 1 1 1 1 1 1 0 0 0
0 1 1 1 1 1 1 1 1 0 0 0
1 1 1 1 1 1 1 1 1 0 0 0
1 1 1 1 1 1 1 1 1 0 0 0
# HER year: 1981 
0 1 1 1 1 1 1 1 1 0 0 0
0 1 1 1 1 1 1 1 1 0 0 0
1 1 1 1 1 1 1 1 1 0 0 0
1 1 1 1 1 1 1 1 1 0 0 0
# HER year: 1982 
0 1 1 1 1 1 1 1 1 0 0 0
0 1 1 1 1 1 1 1 1 0 0 0
1 1 1 1 1 1 1 1 1 0 0 0
1 1 1 1 1 1 1 1 1 0 0 0
# HER year: 1983 
0 1 1 1 1 1 1 1 1 0 0 0
0 1 1 1 1 1 1 1 1 0 0 0
1 1 1 1 1 1 1 1 1 0 0 0
1 1 1 1 1 1 1 1 1 0 0 0
# HER year: 1984 
0 1 1 1 1 1 1 1 1 0 0 0
0 1 1 1 1 1 1 1 1 0 0 0
1 1 1 1 1 1 1 1 1 0 0 0
1 1 1 1 1 1 1 1 1 0 0 0
# HER year: 1985 
0 1 1 1 1 1 1 1 1 0 0 0
0 1 1 1 1 1 1 1 1 0 0 0
1 1 1 1 1 1 1 1 1 0 0 0
1 1 1 1 1 1 1 1 1 0 0 0
# HER year: 1986 
0 1 1 1 1 1 1 1 1 0 0 0
0 1 1 1 1 1 1 1 1 0 0 0
1 1 1 1 1 1 1 1 1 0 0 0
1 1 1 1 1 1 1 1 1 0 0 0
# HER year: 1987 
0 1 1 1 1 1 1 1 1 0 0 0
0 1 1 1 1 1 1 1 1 0 0 0
1 1 1 1 1 1 1 1 1 0 0 0
1 1 1 1 1 1 1 1 1 0 0 0
# HER year: 1988 
0 1 1 1 1 1 1 1 1 0 0 0
0 1 1 1 1 1 1 1 1 0 0 0
1 1 1 1 1 1 1 1 1 0 0 0
1 1 1 1 1 1 1 1 1 0 0 0
# HER year: 1989 
0 1 1 1 1 1 1 1 1 0 0 0
0 1 1 1 1 1 1 1 1 0 0 0
1 1 1 1 1 1 1 1 1 0 0 0
1 1 1 1 1 1 1 1 1 0 0 0
# HER year: 1990 
0 1 1 1 1 1 1 1 1 0 0 0
0 1 1 1 1 1 1 1 1 0 0 0
1 1 1 1 1 1 1 1 1 0 0 0
1 1 1 1 1 1 1 1 1 0 0 0
# HER year: 1991 
0 1 1 1 1 1 1 1 1 0 0 0
0 1 1 1 1 1 1 1 1 0 0 0
1 1 1 1 1 1 1 1 1 0 0 0
1 1 1 1 1 1 1 1 1 0 0 0
# HER year: 1992 
0 1 1 1 1 1 1 1 1 0 0 0
0 1 1 1 1 1 1 1 1 0 0 0
1 1 1 1 1 1 1 1 1 0 0 0
1 1 1 1 1 1 1 1 1 0 0 0
# HER year: 1993 
0 1 1 1 1 1 1 1 1 0 0 0
0 1 1 1 1 1 1 1 1 0 0 0
1 1 1 1 1 1 1 1 1 0 0 0
1 1 1 1 1 1 1 1 1 0 0 0
# HER year: 1994 
0 1 1 1 1 1 1 1 1 0 0 0
0 1 1 1 1 1 1 1 1 0 0 0
1 1 1 1 1 1 1 1 1 0 0 0
1 1 1 1 1 1 1 1 1 0 0 0
# HER year: 1995 
0 1 1 1 1 1 1 1 1 0 0 0
0 1 1 1 1 1 1 1 1 0 0 0
1 1 1 1 1 1 1 1 1 0 0 0
1 1 1 1 1 1 1 1 1 0 0 0
# HER year: 1996 
0 1 1 1 1 1 1 1 1 0 0 0
0 1 1 1 1 1 1 1 1 0 0 0
1 1 1 1 1 1 1 1 1 0 0 0
1 1 1 1 1 1 1 1 1 0 0 0
# HER year: 1997 
0 1 1 1 1 1 1 1 1 0 0 0
0 1 1 1 1 1 1 1 1 0 0 0
1 1 1 1 1 1 1 1 1 0 0 0
1 1 1 1 1 1 1 1 1 0 0 0
# HER year: 1998 
0 1 1 1 1 1 1 1 1 0 0 0
0 1 1 1 1 1 1 1 1 0 0 0
1 1 1 1 1 1 1 1 1 0 0 0
1 1 1 1 1 1 1 1 1 0 0 0
# HER year: 1999 
0 1 1 1 1 1 1 1 1 0 0 0
0 1 1 1 1 1 1 1 1 0 0 0
1 1 1 1 1 1 1 1 1 0 0 0
1 1 1 1 1 1 1 1 1 0 0 0
# HER year: 2000 
0 1 1 1 1 1 1 1 1 0 0 0
0 1 1 1 1 1 1 1 1 0 0 0
1 1 1 1 1 1 1 1 1 0 0 0
1 1 1 1 1 1 1 1 1 0 0 0
# HER year: 2001 
0 1 1 1 1 1 1 1 1 0 0 0
0 1 1 1 1 1 1 1 1 0 0 0
1 1 1 1 1 1 1 1 1 0 0 0
1 1 1 1 1 1 1 1 1 0 0 0
# HER year: 2002 
0 1 1 1 1 1 1 1 1 0 0 0
0 1 1 1 1 1 1 1 1 0 0 0
1 1 1 1 1 1 1 1 1 0 0 0
1 1 1 1 1 1 1 1 1 0 0 0
# HER year: 2003 
0 1 1 1 1 1 1 1 1 0 0 0
0 1 1 1 1 1 1 1 1 0 0 0
1 1 1 1 1 1 1 1 1 0 0 0
1 1 1 1 1 1 1 1 1 0 0 0
# HER year: 2004 
0 1 1 1 1 1 1 1 1 0 0 0
0 1 1 1 1 1 1 1 1 0 0 0
1 1 1 1 1 1 1 1 1 0 0 0
1 1 1 1 1 1 1 1 1 0 0 0
# HER year: 2005 
0 1 1 1 1 1 1 1 1 0 0 0
0 1 1 1 1 1 1 1 1 0 0 0
1 1 1 1 1 1 1 1 1 0 0 0
1 1 1 1 1 1 1 1 1 0 0 0
# HER year: 2006 
0 1 1 1 1 1 1 1 1 0 0 0
0 1 1 1 1 1 1 1 1 0 0 0
1 1 1 1 1 1 1 1 1 0 0 0
1 1 1 1 1 1 1 1 1 0 0 0
# HER year: 2007 
0 1 1 1 1 1 1 1 1 0 0 0
0 1 1 1 1 1 1 1 1 0 0 0
1 1 1 1 1 1 1 1 1 0 0 0
1 1 1 1 1 1 1 1 1 0 0 0
# HER year: 2008 
0 1 1 1 1 1 1 1 1 0 0 0
0 1 1 1 1 1 1 1 1 0 0 0
1 1 1 1 1 1 1 1 1 0 0 0
1 1 1 1 1 1 1 1 1 0 0 0
# HER year: 2009 
0 1 1 1 1 1 1 1 1 0 0 0
0 1 1 1 1 1 1 1 1 0 0 0
1 1 1 1 1 1 1 1 1 0 0 0
1 1 1 1 1 1 1 1 1 0 0 0
# HER year: 2010 
1 1 1 1 1 1 1 1 1 0 0 0
1 1 1 1 1 1 1 1 1 0 0 0
1 1 1 1 1 1 1 1 1 0 0 0
1 1 1 1 1 1 1 1 1 0 0 0
# HER year: 2011 
0 1 1 1 1 1 1 1 1 0 0 0
0 1 1 1 1 1 1 1 1 0 0 0
1 1 1 1 1 1 1 1 1 0 0 0
1 1 1 1 1 1 1 1 1 0 0 0
# HER year: 2012 
0 1 1 1 1 1 1 1 1 0 0 0
0 1 1 1 1 1 1 1 1 0 0 0
1 1 1 1 1 1 1 1 1 0 0 0
1 1 1 1 1 1 1 1 1 0 0 0
# HER year: 2013 
0 1 1 1 1 1 1 1 1 0 0 0
0 1 1 1 1 1 1 1 1 0 0 0
1 1 1 1 1 1 1 1 1 0 0 0
1 1 1 1 1 1 1 1 1 0 0 0
# HER year: 2014 
0 1 1 1 1 1 1 1 1 0 0 0
0 1 1 1 1 1 1 1 1 0 0 0
1 1 1 1 1 1 1 1 1 0 0 0
1 1 1 1 1 1 1 1 1 0 0 0
# HER year: 2015 
0 1 1 1 1 1 1 1 1 0 0 0
0 1 1 1 1 1 1 1 1 0 0 0
1 1 1 1 1 1 1 1 1 0 0 0
1 1 1 1 1 1 1 1 1 0 0 0
# HER year: 2016 
0 1 1 1 1 1 1 1 1 0 0 0
0 1 1 1 1 1 1 1 1 0 0 0
1 1 1 1 1 1 1 1 1 0 0 0
1 1 1 1 1 1 1 1 1 0 0 0
# HER year: 2017 
1 1 1 1 1 1 1 1 1 0 0 0
0 1 1 1 1 1 1 1 1 0 0 0
1 1 1 1 1 1 1 1 1 0 0 0
1 1 1 1 1 1 1 1 1 0 0 0
# HER year: 2018 
0 1 1 1 1 1 1 1 1 0 0 0
1 1 1 1 1 1 1 1 1 0 0 0
1 1 1 1 1 1 1 1 1 0 0 0
1 1 1 1 1 1 1 1 1 0 0 0
# HER year: 2019 
0 1 1 1 1 1 1 1 1 0 0 0
0 1 1 1 1 1 1 1 1 0 0 0
1 1 1 1 1 1 1 1 1 0 0 0
1 1 1 1 1 1 1 1 1 0 0 0
# HER year: 2020 
0 1 1 1 1 1 1 1 1 0 0 0
0 1 1 1 1 1 1 1 1 0 0 0
1 1 1 1 1 1 1 1 1 0 0 0
1 1 1 1 1 1 1 1 1 0 0 0
# HER year: 2021 
0 1 1 1 1 1 1 1 1 0 0 0
0 1 1 1 1 1 1 1 1 0 0 0
1 1 1 1 1 1 1 1 1 0 0 0
1 1 1 1 1 1 1 1 1 0 0 0
# SPR year: 1974 
0 1 1 1 1 1 1 1 0 0 0 0
0 1 1 1 1 1 1 1 0 0 0 0
1 1 1 1 1 1 1 1 0 0 0 0
1 1 1 1 1 1 1 1 0 0 0 0
# SPR year: 1975 
0 1 1 1 1 1 1 1 0 0 0 0
0 1 1 1 1 1 1 1 0 0 0 0
1 1 1 1 1 1 1 1 0 0 0 0
1 1 1 1 1 1 1 1 0 0 0 0
# SPR year: 1976 
0 1 1 1 1 1 1 1 0 0 0 0
0 1 1 1 1 1 1 1 0 0 0 0
1 1 1 1 1 1 1 1 0 0 0 0
1 1 1 1 1 1 1 1 0 0 0 0
# SPR year: 1977 
0 1 1 1 1 1 1 1 0 0 0 0
0 1 1 1 1 1 1 1 0 0 0 0
1 1 1 1 1 1 1 1 0 0 0 0
1 1 1 1 1 1 1 1 0 0 0 0
# SPR year: 1978 
0 1 1 1 1 1 1 1 0 0 0 0
0 1 1 1 1 1 1 1 0 0 0 0
1 1 1 1 1 1 1 1 0 0 0 0
1 1 1 1 1 1 1 1 0 0 0 0
# SPR year: 1979 
0 1 1 1 1 1 1 1 0 0 0 0
0 1 1 1 1 1 1 1 0 0 0 0
1 1 1 1 1 1 1 1 0 0 0 0
1 1 1 1 1 1 1 1 0 0 0 0
# SPR year: 1980 
0 1 1 1 1 1 1 1 0 0 0 0
0 1 1 1 1 1 1 1 0 0 0 0
1 1 1 1 1 1 1 1 0 0 0 0
1 1 1 1 1 1 1 1 0 0 0 0
# SPR year: 1981 
0 1 1 1 1 1 1 1 0 0 0 0
0 1 1 1 1 1 1 1 0 0 0 0
1 1 1 1 1 1 1 1 0 0 0 0
1 1 1 1 1 1 1 1 0 0 0 0
# SPR year: 1982 
0 1 1 1 1 1 1 1 0 0 0 0
0 1 1 1 1 1 1 1 0 0 0 0
1 1 1 1 1 1 1 1 0 0 0 0
1 1 1 1 1 1 1 1 0 0 0 0
# SPR year: 1983 
0 1 1 1 1 1 1 1 0 0 0 0
0 1 1 1 1 1 1 1 0 0 0 0
1 1 1 1 1 1 1 1 0 0 0 0
1 1 1 1 1 1 1 1 0 0 0 0
# SPR year: 1984 
0 1 1 1 1 1 1 1 0 0 0 0
0 1 1 1 1 1 1 1 0 0 0 0
1 1 1 1 1 1 1 1 0 0 0 0
1 1 1 1 1 1 1 1 0 0 0 0
# SPR year: 1985 
0 1 1 1 1 1 1 1 0 0 0 0
0 1 1 1 1 1 1 1 0 0 0 0
1 1 1 1 1 1 1 1 0 0 0 0
1 1 1 1 1 1 1 1 0 0 0 0
# SPR year: 1986 
0 1 1 1 1 1 1 1 0 0 0 0
0 1 1 1 1 1 1 1 0 0 0 0
1 1 1 1 1 1 1 1 0 0 0 0
1 1 1 1 1 1 1 1 0 0 0 0
# SPR year: 1987 
0 1 1 1 1 1 1 1 0 0 0 0
0 1 1 1 1 1 1 1 0 0 0 0
1 1 1 1 1 1 1 1 0 0 0 0
1 1 1 1 1 1 1 1 0 0 0 0
# SPR year: 1988 
0 1 1 1 1 1 1 1 0 0 0 0
0 1 1 1 1 1 1 1 0 0 0 0
1 1 1 1 1 1 1 1 0 0 0 0
1 1 1 1 1 1 1 1 0 0 0 0
# SPR year: 1989 
0 1 1 1 1 1 1 1 0 0 0 0
0 1 1 1 1 1 1 1 0 0 0 0
1 1 1 1 1 1 1 1 0 0 0 0
1 1 1 1 1 1 1 1 0 0 0 0
# SPR year: 1990 
0 1 1 1 1 1 1 1 0 0 0 0
0 1 1 1 1 1 1 1 0 0 0 0
1 1 1 1 1 1 1 1 0 0 0 0
1 1 1 1 1 1 1 1 0 0 0 0
# SPR year: 1991 
0 1 1 1 1 1 1 1 0 0 0 0
0 1 1 1 1 1 1 1 0 0 0 0
1 1 1 1 1 1 1 1 0 0 0 0
1 1 1 1 1 1 1 1 0 0 0 0
# SPR year: 1992 
0 1 1 1 1 1 1 1 0 0 0 0
0 1 1 1 1 1 1 1 0 0 0 0
1 1 1 1 1 1 1 1 0 0 0 0
1 1 1 1 1 1 1 1 0 0 0 0
# SPR year: 1993 
0 1 1 1 1 1 1 1 0 0 0 0
0 1 1 1 1 1 1 1 0 0 0 0
1 1 1 1 1 1 1 1 0 0 0 0
1 1 1 1 1 1 1 1 0 0 0 0
# SPR year: 1994 
0 1 1 1 1 1 1 1 0 0 0 0
0 1 1 1 1 1 1 1 0 0 0 0
1 1 1 1 1 1 1 1 0 0 0 0
1 1 1 1 1 1 1 1 0 0 0 0
# SPR year: 1995 
0 1 1 1 1 1 1 1 0 0 0 0
0 1 1 1 1 1 1 1 0 0 0 0
1 1 1 1 1 1 1 1 0 0 0 0
1 1 1 1 1 1 1 1 0 0 0 0
# SPR year: 1996 
0 1 1 1 1 1 1 1 0 0 0 0
0 1 1 1 1 1 1 1 0 0 0 0
1 1 1 1 1 1 1 1 0 0 0 0
1 1 1 1 1 1 1 1 0 0 0 0
# SPR year: 1997 
0 1 1 1 1 1 1 1 0 0 0 0
0 1 1 1 1 1 1 1 0 0 0 0
1 1 1 1 1 1 1 1 0 0 0 0
1 1 1 1 1 1 1 1 0 0 0 0
# SPR year: 1998 
0 1 1 1 1 1 1 1 0 0 0 0
0 1 1 1 1 1 1 1 0 0 0 0
1 1 1 1 1 1 1 1 0 0 0 0
1 1 1 1 1 1 1 1 0 0 0 0
# SPR year: 1999 
1 1 1 1 1 1 1 1 0 0 0 0
1 1 1 1 1 1 1 1 0 0 0 0
1 1 1 1 1 1 1 1 0 0 0 0
1 1 1 1 1 1 1 1 0 0 0 0
# SPR year: 2000 
0 1 1 1 1 1 1 1 0 0 0 0
1 1 1 1 1 1 1 1 0 0 0 0
1 1 1 1 1 1 1 1 0 0 0 0
1 1 1 1 1 1 1 1 0 0 0 0
# SPR year: 2001 
0 1 1 1 1 1 1 1 0 0 0 0
0 1 1 1 1 1 1 1 0 0 0 0
1 1 1 1 1 1 1 1 0 0 0 0
1 1 1 1 1 1 1 1 0 0 0 0
# SPR year: 2002 
1 1 1 1 1 1 1 1 0 0 0 0
1 1 1 1 1 1 1 1 0 0 0 0
1 1 1 1 1 1 1 1 0 0 0 0
1 1 1 1 1 1 1 1 0 0 0 0
# SPR year: 2003 
0 1 1 1 1 1 1 1 0 0 0 0
0 1 1 1 1 1 1 1 0 0 0 0
1 1 1 1 1 1 1 1 0 0 0 0
1 1 1 1 1 1 1 1 0 0 0 0
# SPR year: 2004 
0 1 1 1 1 1 1 1 0 0 0 0
0 1 1 1 1 1 1 1 0 0 0 0
1 1 1 1 1 1 1 1 0 0 0 0
1 1 1 1 1 1 1 1 0 0 0 0
# SPR year: 2005 
0 1 1 1 1 1 1 1 0 0 0 0
0 1 1 1 1 1 1 1 0 0 0 0
1 1 1 1 1 1 1 1 0 0 0 0
1 1 1 1 1 1 1 1 0 0 0 0
# SPR year: 2006 
0 1 1 1 1 1 1 1 0 0 0 0
0 1 1 1 1 1 1 1 0 0 0 0
1 1 1 1 1 1 1 1 0 0 0 0
1 1 1 1 1 1 1 1 0 0 0 0
# SPR year: 2007 
0 1 1 1 1 1 1 1 0 0 0 0
0 1 1 1 1 1 1 1 0 0 0 0
1 1 1 1 1 1 1 1 0 0 0 0
1 1 1 1 1 1 1 1 0 0 0 0
# SPR year: 2008 
0 1 1 1 1 1 1 1 0 0 0 0
0 1 1 1 1 1 1 1 0 0 0 0
1 1 1 1 1 1 1 1 0 0 0 0
1 1 1 1 1 1 1 1 0 0 0 0
# SPR year: 2009 
0 1 1 1 1 1 1 1 0 0 0 0
0 1 1 1 1 1 1 1 0 0 0 0
1 1 1 1 1 1 1 1 0 0 0 0
1 1 1 1 1 1 1 1 0 0 0 0
# SPR year: 2010 
0 1 1 1 1 1 1 1 0 0 0 0
0 1 1 1 1 1 1 1 0 0 0 0
1 1 1 1 1 1 1 1 0 0 0 0
1 1 1 1 1 1 1 1 0 0 0 0
# SPR year: 2011 
0 1 1 1 1 1 1 1 0 0 0 0
0 1 1 1 1 1 1 1 0 0 0 0
1 1 1 1 1 1 1 1 0 0 0 0
1 1 1 1 1 1 1 1 0 0 0 0
# SPR year: 2012 
0 1 1 1 1 1 1 1 0 0 0 0
0 1 1 1 1 1 1 1 0 0 0 0
1 1 1 1 1 1 1 1 0 0 0 0
1 1 1 1 1 1 1 1 0 0 0 0
# SPR year: 2013 
1 1 1 1 1 1 1 1 0 0 0 0
1 1 1 1 1 1 1 1 0 0 0 0
1 1 1 1 1 1 1 1 0 0 0 0
1 1 1 1 1 1 1 1 0 0 0 0
# SPR year: 2014 
0 1 1 1 1 1 1 1 0 0 0 0
0 1 1 1 1 1 1 1 0 0 0 0
1 1 1 1 1 1 1 1 0 0 0 0
1 1 1 1 1 1 1 1 0 0 0 0
# SPR year: 2015 
0 1 1 1 1 1 1 1 0 0 0 0
0 1 1 1 1 1 1 1 0 0 0 0
1 1 1 1 1 1 1 1 0 0 0 0
1 1 1 1 1 1 1 1 0 0 0 0
# SPR year: 2016 
1 1 1 1 1 1 1 1 0 0 0 0
0 1 1 1 1 1 1 1 0 0 0 0
1 1 1 1 1 1 1 1 0 0 0 0
1 1 1 1 1 1 1 1 0 0 0 0
# SPR year: 2017 
1 1 1 1 1 1 1 1 0 0 0 0
0 1 1 1 1 1 1 1 0 0 0 0
1 1 1 1 1 1 1 1 0 0 0 0
1 1 1 1 1 1 1 1 0 0 0 0
# SPR year: 2018 
0 1 1 1 1 1 1 1 0 0 0 0
0 1 1 1 1 1 1 1 0 0 0 0
1 1 1 1 1 1 1 1 0 0 0 0
1 1 1 1 1 1 1 1 0 0 0 0
# SPR year: 2019 
0 1 1 1 1 1 1 1 0 0 0 0
0 1 1 1 1 1 1 1 0 0 0 0
1 1 1 1 1 1 1 1 0 0 0 0
1 1 1 1 1 1 1 1 0 0 0 0
# SPR year: 2020 
0 1 1 1 1 1 1 1 0 0 0 0
0 1 1 1 1 1 1 1 0 0 0 0
1 1 1 1 1 1 1 1 0 0 0 0
1 1 1 1 1 1 1 1 0 0 0 0
# SPR year: 2021 
0 1 1 1 1 1 1 1 0 0 0 0
0 1 1 1 1 1 1 1 0 0 0 0
1 1 1 1 1 1 1 1 0 0 0 0
1 1 1 1 1 1 1 1 0 0 0 0
-999 # Checksum