# Number of parameters = 11 Objective function value = -314.576471142347  Maximum gradient component = 8.25266166754577e-05
# log_rec:
 -0.219769384926023 0.400313308189343 0.0941603842832972 0.351019210314218 0.227312360488984 0.595627956108050 0.879838591217984 0.908783307734620 0.554714359062604 0.728491460317692 0.387453226167876 -0.210183306339124 0.494628794146031 -0.464797485037961 -0.0982120607796411 0.130234313766227 -0.0444831349047110 0.195161370020674 0.132495917564201 -0.0374539990785969 0.267412365363478 0.0614867529730354 -0.610835037513649 -0.153558890735612 -0.709785246787737 -0.221057928617338 -0.458954330280992 -0.507725227492335 0.207224114042845 -0.365621123577750 -0.750338104593149 -0.216118795681032 -0.410802781175907 0.174040641259767 -0.169272803953405 -0.457205288896793 -0.937829696577969 -0.213080596916630 -0.103002758391499 -0.403032902406220 0.593532529500292 -0.425488229192636 -0.500008805732502 -0.269788503387703 -0.771324238386395 0.192787694020110 -0.453731199658106 -0.0554626642633540
 -1.11773391168816 1.07113734980630 -0.393171846130036 -1.25729675189384 -0.524615573723292 -0.884455067331752 0.169908324878945 -0.501596151211237 0.666137295687891 -0.214930034126693 -0.331707231977132 -1.21502129847975 -0.475561260361710 -1.43325463682662 -0.210143883698885 -0.0272522353633988 0.0641178134482772 0.473064615073600 0.494015380224289 -0.00590759696029863 1.39788577462383 1.03210598390231 -0.0559918755010056 1.04674531179112 -0.239067657262382 0.529427193861803 -0.150310787592575 0.00793932277201037 0.876485881452892 1.47118791203164 -0.199934398161178 0.219599493833350 0.531921167316366 0.141369484276249 1.04656350678315 -0.203930183595924 -0.0931139791070290 0.0827172342599454 0.00729603958909841 -0.0581612920235202 1.31254692623904 0.264748290701924 -0.00931304895689955 0.225111820736931 -0.133945344007417 0.464156056350497 0.311691831227547 0.350032899162883
# log_rec_older:
 -0.0500327750287504 -0.139638384812070 -0.679866008154544 -0.648783461226870 -1.46375493478275 -2.25420148952194 -2.71661821123424 -1.45395074584223
 0.0195067831456512 -0.125562252030427 -1.11535890749063 -1.82328916719003 -2.58402122419968 -3.05564058643168 -3.57516451096774
# F_y_ini:
 0.967012430981142 1.30425008770782 0.919910128881300 0.669654907311553 0.646913037230557 1.04568685455097 1.17425503330263 1.16570183428457 1.59978090933145 1.57472842324950 1.45611539549581 1.48460889520826 1.14831794192365 1.36662995151822 5.00475132838286 1.12283762879268 1.01062505981386 0.798458424958747 0.942164699908466 1.03392981548838 1.12033506142321 1.12774786164649 1.27501481964599 1.41611914660264 1.16615250340084 1.37591909046651 1.71315168839966 1.17389821771559 0.920657238509053 0.781783977392890 5.00475132838285 1.04386777794120 1.00503643557866 1.08920474724855 1.13458156241477 1.18796145920023 1.00455480004833 0.732163195678627 0.669639349279250 0.798629921587469 1.15639650890172 1.50046465505336 1.59883991288777 1.80831700524640 1.79499603155604 1.65698785477576 1.29326739819216
 1.03413862272765 0.747920185708452 0.918145530677697 0.574274103435386 0.553831901158991 0.629407428532457 0.487997617741064 0.422805060722722 0.259111268451382 0.206624828511936 0.276763173439200 0.387321458119390 0.363514791660488 0.340670614481219 0.299834630761755 0.236305120083510 0.226451020847377 0.554454211982648 0.369173975352358 0.574473817844202 0.657786480373213 0.770160609709265 0.876240877625230 0.984393242347698 0.874552795783713 5.00475132838285 0.851434403653252 1.16941866190254 1.22168154972695 1.33092597765738 1.28412383576954 1.01404252459214 1.30234057257399 1.32962129723573 1.35678869739705 1.26329293975472 1.18899725387327 1.03286590225608 1.18298179502675 1.27496588115165 0.971293261802044 0.809569400454470 0.995613111537013 0.978054508665511 1.19561396124734 1.07004103431159 0.955840701922346
# F_y_spline:


# F_q_ini[1]:
 0.0314570107512286 0.0657425532060668 0.111537443189813
# F_q_ini[2]:
 0.0700218696796521 0.0551521671302693 0.0794689380094466
# F_q_ini[3]:
 0.158396683998694 0.0740342785333023 0.0424860614047211
# F_q_ini[4]:
 0.108418089155632 0.401085461602902 0.175521392247020
# F_q_ini[5]:
 0.174643976797994 0.208778165562800 0.0959203179223137
# F_q_ini[6]:
 0.271363479169377 0.159314105891376 0.0424465198699937
# F_q_ini[7]:
 0.136098883767163 0.616507774627041 0.308440048143506
# F_q_ini[8]:
 0.221550242790054 0.362784316312774 0.138211668012570
# F_q_ini[9]:
 0.364247968493902 0.254484261696069 0.0891453467860571
# F_q_ini[10]:
 0.0760319021132140 0.0437692043514773 0.0334600455096317
# F_q_ini[11]:
 0.325754607809085 0.136509567664019 0.0493401586430086
# F_q_ini[12]:
 0.426427150654553 0.279494102754706 0.0675413031382297
# F_q_ini[13]:
 0.642950364308125 0.346203217988222 0.0592780790807211
# log_F_a_ini:
 -2.40072698877785 -1.70852308256770 -2.25047491898458
 -1.94542522893047 -1.44844145647772 -1.85798138717384
 -1.90277980223738 -1.26624240804260 -1.75496860471332
 -1.80210972632174 -1.02451265378315 -1.45562241368575
 -1.60537231002890 -0.771076861582362 -1.09493755253439
 -2.25591070011735 -2.18908556428380
 -1.68180553328708 -1.92045912510945
 -1.26873544763153 -1.67262731647627
 -1.16136096815426 -1.58899024148355
# qq_ini:
 0.422094535153406 1.03898569580641 1.76230672556166 2.46013309204807
 0.599391947462725 1.25167660541981 2.17195560344097 3.22399437080612
 0.481398910914144 0.727241658542322 1.05849111507894 1.01802720837974
 0.306914298763728 0.712137884070652 1.07068695879331 1.04934307390825
 0.347207110633519
# qq_s2_ini:
 0.150706866041678 0.197162875683120
 0.176027804909712 0.110892759637468 0.135630097916767
 0.218829499740201 0.126379323252040 0.143532367366474
 0.236414299595248 0.124198963616637 0.257121836962783
 0.814700708626910
# SSB_R_alfa:
 16.5994499462341 18.4389839790938
# catch_s2_ini[2]:
 0.299678407733620 0.104963341806629
# catch_s2_ini[3]:
 0.393432540317184 0.317995625103384 0.187591625047124 0.273025047931742
 0.568732977341816 0.310494033090268 0.157480846268503 0.231627934186301
 0.933181803096931 0.225886879871795 0.355583087608024 0.699082031138236
 0.409047905453627 0.135738389893108 0.107548212905282 0.442340849063009
# SSB_R_s2_ini:
 0.300000000000000 0.300000000000000
# cons_multiplier[1]:
1.00000000000
# vulnera:
 50.5866542958 18.5186836483
# init_stl_other_suit_slope:
 0.623270615616
# init_pref_size_ratio[1]:
6.39659331357
# var_size_ratio_ini[1]:
2.36425290286
# init_season_overlap:
 0.352443733319 0.249735963769 0.240832046662 1.60159645842 0.766699346193
# Stom_var[1]:
0.412573148957
# other_pred_noise_fac:
 1.00000000000
# other_pred_noise_fac_s2:
 1.00000000000
