# Number of parameters = 328 Objective function value = -1646.10929194811  Maximum gradient component = 0.000878186672720857
# log_rec:
 0.137249023025706 0.676659773769064 0.361750879942141 0.757576633146364 0.827170427927301 1.19912428380792 1.42253646878661 1.46424208583854 1.07772557905326 1.20590584809284 0.795598223277555 0.140714400033769 0.793319002848987 -0.115052329686216 0.188079775309088 0.334896030153415 0.0441455556105161 0.249060826805835 0.224135017286484 0.105183743011874 0.389896157034988 0.157678988846479 -0.538535821679648 -0.0809186080685222 -0.607431959987206 -0.0646009781252275 -0.292772935144228 -0.331881022357431 0.401609000453695 -0.209637464605759 -0.568594070611992 0.0475556874115952 -0.152590242717107 0.466367842474288 0.139897686827315 -0.106838969872239 -0.575423549695900 0.122225435665307 0.179000514873225 -0.121942481911129 0.804576506403025 -0.265970169126259 -0.366099124842235 -0.160925071490620 -0.657439350684999 0.281558095861394 -0.336329738237204 0.249609114334895
 -0.511792038911089 1.53982188150317 0.341200068196095 -0.332655089257514 0.598807477992867 0.129934646348053 1.14624911882435 0.516190657159440 1.54232426581480 0.683580739911934 0.423742413792974 -0.601214818823168 0.107301182576599 -0.975402554495018 0.158121088321030 0.219965677954136 0.206721641670578 0.590110928811413 0.620545899826254 0.126761736531314 1.47323499505906 1.11788698298175 0.0298345736779719 1.11441366534185 -0.140568443300014 0.658023426205748 -0.0254275903605077 0.149958777006164 1.00651663108527 1.55217940806724 -0.0769729953747422 0.371069364877057 0.699081217454300 0.328889071304735 1.22676582304978 0.0203018169885993 0.127996636124127 0.276984170977197 0.193053457206807 0.150979930237627 1.44097463178496 0.377106850219372 0.0922449008947641 0.338781117384281 -0.0319711744579756 0.560951605094980 0.410749244123151 0.550579803093493
# log_rec_older:
 -0.0656944243193252 -0.162716411705894 -0.706113784028407 -0.676098853999164 -1.49089275654942 -2.28289043718514 -2.74447217643767 -1.48328324342756
 0.284943338409711 0.0535083021633014 -0.948786844341157 -1.65744801627180 -2.41913708003664 -2.88129135995117 -3.39509513057640
# F_y_ini:
 0.976585026260018 1.31810237800606 0.933428434595497 0.681099590806083 0.660013767276433 1.08235486759288 1.20904500262383 1.18067048715474 1.59270178661515 1.55088895545024 1.42607704105049 1.47688682142801 1.13173118331996 1.35384880775195 5.00475538226145 1.11173131988605 1.00477010905929 0.798413838720928 0.939778268415992 1.03121650085852 1.12006915930839 1.12014086539528 1.26513933407138 1.40057147649531 1.14266664168448 1.36150703527683 1.70455974684953 1.16266837113641 0.898919416234781 0.754858343276337 5.00475538226144 1.04169889391895 1.00244198010931 1.08685790676072 1.12523794358101 1.17489886219507 0.994704528413736 0.726878783017803 0.664833977004599 0.808079687322963 1.17946328800285 1.55093009042275 1.65233544053043 1.85319316983837 1.82887276398254 1.66281263127216 1.26261594146951
 0.992606776246873 0.691440529895234 0.792641772311347 0.483964825736475 0.459507999037645 0.509050426245077 0.368106940605100 0.307042602073230 0.181442396381346 0.145626522310025 0.193469921350629 0.274150056780836 0.260804568171730 0.254739987229559 0.238885127956782 0.204643315654266 0.210751250670413 0.556289522938620 0.381845682207359 0.629035502014385 0.731356880002238 0.866115462632501 1.00439831572165 1.13374498705875 1.01082122259242 5.00475538226144 0.856621835075353 1.17776148016456 1.23861652658065 1.33940252729702 1.27823198420745 1.01211774673101 1.28903946842000 1.32071686778881 1.32652144708134 1.22871762391424 1.17972777663906 1.03747512557142 1.17283829393118 1.27972459036627 0.981050076023504 0.813914393213863 0.996638240296422 0.972572287913054 1.19060851589953 1.05725372152936 0.951733568874483
# F_y_spline:


# F_q_ini[1]:
 0.0333017562838522 0.0709495174666248 0.114608250919637
# F_q_ini[2]:
 0.0701609248527227 0.0556706711443629 0.0788981266594686
# F_q_ini[3]:
 0.159924703256510 0.0772356603664664 0.0428072875726702
# F_q_ini[4]:
 0.111715212416222 0.406078254420691 0.176143145061179
# F_q_ini[5]:
 0.175923257980304 0.210751349834117 0.0953323071445275
# F_q_ini[6]:
 0.275739212761201 0.163430363387414 0.0425006738418273
# F_q_ini[7]:
 0.137802358325747 0.613211118317414 0.306231837184085
# F_q_ini[8]:
 0.223231702419825 0.366636732129943 0.137809594592924
# F_q_ini[9]:
 0.373889088338580 0.259789281674069 0.0888794954608052
# F_q_ini[10]:
 0.0726482265117174 0.0439564761801077 0.0346895332748801
# F_q_ini[11]:
 0.324991374287830 0.140520253009724 0.0505780260837643
# F_q_ini[12]:
 0.427684326562323 0.278930201532468 0.0683400271611722
# F_q_ini[13]:
 0.639549140970449 0.350687972476221 0.0600936746745744
# log_F_a_ini:
 -2.38951089001418 -1.70886145555354 -2.31154280054916
 -1.93017403684190 -1.44797561797224 -1.91225483518320
 -1.88540194804124 -1.26006058625872 -1.80059931733542
 -1.78433621220532 -1.01635872260535 -1.49359556410710
 -1.58536532386642 -0.764014420860885 -1.13773381943428
 -2.35511844495272 -2.22448784801070
 -1.80840447093664 -1.95460727401067
 -1.41411894846109 -1.71005067880486
 -1.39144146820256 -1.62916607709526
# qq_ini:
 0.429437292401747 1.05386424606047 1.79661878925419 2.50274469138934
 0.566944462016995 1.19196439176561 2.08205653868188 3.10722268925967
 0.468544579028563 0.705862596797503 1.02198498483408 0.946216232933673
 0.303239341083895 0.699127562158620 1.05391292548651 1.02439194117943
 0.328463595468010
# qq_s2_ini:
 0.146183217800293 0.194134609360113
 0.170160327434522 0.112046312331641 0.135026484727641
 0.216982113311289 0.122668171093333 0.147009501394607
 0.239915244238873 0.124941961662037 0.261043397819691
 0.803992308079816
# SSB_R_alfa:
 16.8568305802175 18.5745059797721
# catch_s2_ini[2]:
 0.296624888691344 0.105861744136657
# catch_s2_ini[3]:
 0.418130441015768 0.338117395193275 0.185807000968380 0.272191841366516
 0.561630830706462 0.317253169176277 0.161487310243791 0.236401782058094
 0.915573409694256 0.205936411149494 0.362036291314759 0.784601704606614
 0.383808475469333 0.148345915997267 0.108873646421071 0.487782207051677
# SSB_R_s2_ini:
 0.281271251427290 0.229290036145260
# cons_multiplier[1]:
1.00000000000
# vulnera:
 9.25344787510 3.72085348940
# init_stl_other_suit_slope:
 0.323548001098
# init_pref_size_ratio[1]:
5.69799031800
# var_size_ratio_ini[1]:
2.73235836895
# init_season_overlap:
 0.443881260201 0.273494590905 0.313156932337 1.80820778045 0.903786524928
# Stom_var[1]:
0.412573148957
# other_pred_noise_fac:
 1.00000000000
# other_pred_noise_fac_s2:
 1.00000000000
