# Number of parameters = 329 Objective function value = -1646.49887470681  Maximum gradient component = 2.91877259405608e-07
# log_rec:
 0.134773231118908 0.675756869393140 0.358687619605355 0.751360654360683 0.821391504384508 1.19237042906316 1.41776425459759 1.45824305847939 1.07306908584590 1.19980514252697 0.789445462441929 0.133605789018901 0.785572113113666 -0.121786848022756 0.183000139072700 0.331543885454000 0.0421401015746135 0.247348784996751 0.222466444062288 0.103543667132302 0.388870021897045 0.156302755988785 -0.540044356080944 -0.0825219386869751 -0.609413007904516 -0.0671185616438486 -0.295706639648305 -0.334824066523909 0.399027576105370 -0.212040334662786 -0.571862761700078 0.0437647893934425 -0.156536315554648 0.461946941998839 0.135170090674062 -0.112745180298848 -0.581494931081828 0.116401832185652 0.173177389630318 -0.127423895736843 0.800820878294461 -0.269326175639575 -0.369251883745992 -0.163892452124978 -0.660280117820189 0.279335345324760 -0.338698470580951 0.244922609151509
 -0.519657223061804 1.53185941554302 0.336832261947080 -0.339897706121084 0.590197707608080 0.120261573235039 1.13940538182079 0.509796386383604 1.53755053097277 0.680664153796018 0.421495800420375 -0.606463962389965 0.103650314338932 -0.980831928539306 0.154386344337739 0.217166659642768 0.204532093612787 0.588696810515440 0.618802065172158 0.124210406332164 1.47023982953356 1.11591869578845 0.0279280141128826 1.11274706052381 -0.142124751586651 0.656053186149071 -0.0272953115064478 0.148293964482795 1.00495155363851 1.55036922531855 -0.0790310578573070 0.368924181632323 0.697562561919909 0.326807339807500 1.22470995650865 0.0176239213743337 0.125076207604110 0.274241909032863 0.190727369229498 0.149286365137993 1.43946135958578 0.375619760263092 0.0907287340057756 0.337513804359418 -0.0331492050604592 0.559904677612776 0.409568314779062 0.547505522172505
# log_rec_older:
 -0.0667665614733224 -0.162744332883872 -0.705969146850943 -0.675995627760152 -1.49082747194334 -2.28277396553107 -2.74431272735522 -1.48313325446888
 0.280741240242975 0.0521475379002752 -0.949044297995243 -1.65758544214381 -2.41964899374980 -2.88201504096895 -3.39559716509849
# F_y_ini:
 0.976179362525703 1.31772361507764 0.933314306619652 0.680875563810301 0.659478195237994 1.08118170111764 1.20803742212807 1.17967947395923 1.59160690343013 1.55033575910610 1.42648662584280 1.47788007704741 1.13277758525713 1.35483984088162 5.00475538488489 1.11134980878051 1.00448480907690 0.798263241834432 0.939466982138568 1.03071590211388 1.11973617365159 1.12004067569309 1.26517388332553 1.40103243719986 1.14288172567746 1.36193269960063 1.70530667568412 1.16272157929910 0.898863207737528 0.755038433700697 5.00475538488488 1.04179562973270 1.00260242624487 1.08705201103499 1.12565159816036 1.17545838960404 0.995083170380978 0.727019258414725 0.664949790056443 0.808074543924058 1.17964094391799 1.55134517590441 1.65249931364843 1.85310853837772 1.82841370582165 1.66207537552126 1.26173982501249
 0.992182089653865 0.691349128097464 0.792224968889878 0.483455290621076 0.458252405993822 0.507239654809336 0.366413990394253 0.305567315667292 0.180517517983307 0.144985194205797 0.192449457763299 0.272481696067015 0.259121662599500 0.253018718644203 0.237388827867915 0.203636729477340 0.209929588486246 0.554704085527552 0.380933924422945 0.628018322166781 0.730258562639461 0.865227467797997 1.00363957595477 1.13292967378084 1.01011340523816 5.00475538488488 0.856567676638461 1.17737265500899 1.23841675340614 1.33956630923688 1.27851014159560 1.01227659106787 1.28918458101894 1.32082043534465 1.32670549320006 1.22878008036303 1.17994646392926 1.03772067829836 1.17270736334621 1.27951899028195 0.980990486015338 0.813805704444830 0.996399230538865 0.972204172019038 1.19027091882088 1.05673800450863 0.951386612077103
# F_y_spline:


# F_q_ini[1]:
 0.0333649462428428 0.0710035120452984 0.114655775293321
# F_q_ini[2]:
 0.0701867720702268 0.0556679921107906 0.0788881914682969
# F_q_ini[3]:
 0.160062719751471 0.0772454930681246 0.0428059143351923
# F_q_ini[4]:
 0.111769685296944 0.405970040720966 0.176144334938835
# F_q_ini[5]:
 0.175936054707722 0.210736857612511 0.0953196795105103
# F_q_ini[6]:
 0.275830272968538 0.163437348441550 0.0424965118220706
# F_q_ini[7]:
 0.137814556863020 0.613002199251669 0.306184963949688
# F_q_ini[8]:
 0.223234496829602 0.366637381088474 0.137798156070510
# F_q_ini[9]:
 0.374088097936242 0.259825878452289 0.0888587813832097
# F_q_ini[10]:
 0.0728339895729537 0.0440236126875548 0.0347072524136120
# F_q_ini[11]:
 0.325297390853542 0.140577785774190 0.0505823303134267
# F_q_ini[12]:
 0.427712596613847 0.278971831895403 0.0683561093288999
# F_q_ini[13]:
 0.639679254434112 0.350740882790253 0.0600995748990199
# log_F_a_ini:
 -2.38959574013161 -1.70837085116338 -2.31024919790261
 -1.93045733775265 -1.44784543903021 -1.91153685564749
 -1.88584216286361 -1.25999295202648 -1.80019748559806
 -1.78479625647838 -1.01632754171505 -1.49334889338084
 -1.58559888724460 -0.764047493800878 -1.13784906022023
 -2.35377389166549 -2.22422058191028
 -1.80765287036885 -1.95452586472244
 -1.41374708686750 -1.71035226578324
 -1.39128335396368 -1.62972315937754
# qq_ini:
 0.429763264720884 1.05417454290813 1.79704488724442 2.50298850665620
 0.567444410199292 1.19238286255308 2.08225277570573 3.10641776378229
 0.468588161508966 0.705776037186912 1.02159672339275 0.945264987416317
 0.303347685735478 0.699080311256540 1.05371766251683 1.02387443597740
 0.328770201926010
# qq_s2_ini:
 0.146031646301759 0.193936103300085
 0.170372032458387 0.112036757263292 0.134981059113090
 0.217007727144203 0.122629214724823 0.147240934450253
 0.239869238977063 0.124853104550993 0.261143994669085
 0.803871034381940
# SSB_R_alfa:
 16.8529679934853 18.5725886826660
# catch_s2_ini[2]:
 0.296558994114310 0.105891261888480
# catch_s2_ini[3]:
 0.417893853901852 0.338472690239675 0.185778965688344 0.272054383854007
 0.561755687539267 0.317311353511086 0.161552486945580 0.236630448607959
 0.914956529701043 0.205387056000438 0.362276783088639 0.786508051423467
 0.383370294486416 0.148528885076908 0.109046069555426 0.488685680999698
# SSB_R_s2_ini:
 0.280499525738908 0.229294658758586
# cons_multiplier[1]:
1.00000000000
# vulnera:
 8.82938567024 3.58006552263
# init_stl_other_suit_slope:
 0.314999307115
# init_pref_size_ratio[1]:
5.65017436607
# var_size_ratio_ini[1]:
2.67391935733
# init_season_overlap:
 0.444865921582 0.272853331715 0.309459590988 1.81102325740 0.896442416593
# Stom_var[1]:
0.425523836925
# other_pred_noise_fac:
 1.00000000000
# other_pred_noise_fac_s2:
 1.00000000000
