##############################################################
# Data extracted from directory  C:/_C_drev/SMS-git/Data_baltic/2022-data /stomcon_list.dat
# Date  Sat Sep 24 17:24:49 2022 
# stom.first  1e-08   #  stomcon for inserted (first length class) values
# stom.mid  1e-08  # stomcon for inserted (mid length class) values
# stom.last  1e-08   # stomcon for inserted (last length class) values
# stom.exp  1e-06   # stomcon for inserted (expanded species and length class) values
# stom.min.abs 1e-08    # absolut minimum value for stom con for inserted values
# delete.tails TRUE    # artifictal data deleted or not
# inserted.haul.no.propor  1  # proportion of number hauls in case of invented values (first, mid and last values)
##############################################################
# File for stomach contents data by length groups of predators and preys
##############################################################
# n_stl_y:  number of years with stomach data
 40 
# n_stl_yq:  number of year, quarter combinations with stomach data
103 
# n_stl_yqd:  number of year, quarter, area combinations with stomach data
103 
# n_stl_yqdp:  number of year, quarter, area, predator combinations with stomach data
103 
# n_stl_yqdpl:  number of year, quarter, area, predator, predator length combinations with stomach data
687 
# n_stl_yqdplp:  number of year, quarter, area, predator, predator length, prey  combinations with stomach data
1700 
##############################################################
# stl_Y: year name, first and last year-quarter index
1974 1 3 
1975 4 7 
1976 8 11 
1977 12 15 
1978 16 18 
1979 19 22 
1980 23 26 
1981 27 30 
1982 31 34 
1983 35 38 
1984 39 42 
1985 43 45 
1986 46 48 
1987 49 51 
1988 52 54 
1989 55 57 
1990 58 60 
1991 61 63 
1993 64 65 
1994 66 66 
1995 67 67 
1996 68 68 
1997 69 69 
1998 70 70 
1999 71 73 
2000 74 75 
2001 76 77 
2002 78 79 
2003 80 81 
2004 82 83 
2005 84 85 
2006 86 87 
2007 88 89 
2008 90 91 
2009 92 93 
2010 94 94 
2011 95 96 
2012 97 100 
2013 101 102 
2014 103 103 
# stl_yq: quarter name, first and last quarter-area index
1 1 1 
2 2 2 
4 3 3 
1 4 4 
2 5 5 
3 6 6 
4 7 7 
1 8 8 
2 9 9 
3 10 10 
4 11 11 
1 12 12 
2 13 13 
3 14 14 
4 15 15 
1 16 16 
2 17 17 
4 18 18 
1 19 19 
2 20 20 
3 21 21 
4 22 22 
1 23 23 
2 24 24 
3 25 25 
4 26 26 
1 27 27 
2 28 28 
3 29 29 
4 30 30 
1 31 31 
2 32 32 
3 33 33 
4 34 34 
1 35 35 
2 36 36 
3 37 37 
4 38 38 
1 39 39 
2 40 40 
3 41 41 
4 42 42 
1 43 43 
2 44 44 
4 45 45 
1 46 46 
2 47 47 
4 48 48 
1 49 49 
2 50 50 
4 51 51 
1 52 52 
2 53 53 
4 54 54 
1 55 55 
2 56 56 
4 57 57 
1 58 58 
2 59 59 
3 60 60 
1 61 61 
2 62 62 
3 63 63 
1 64 64 
2 65 65 
2 66 66 
1 67 67 
1 68 68 
4 69 69 
2 70 70 
1 71 71 
2 72 72 
4 73 73 
1 74 74 
4 75 75 
1 76 76 
4 77 77 
1 78 78 
4 79 79 
1 80 80 
4 81 81 
1 82 82 
4 83 83 
1 84 84 
4 85 85 
1 86 86 
4 87 87 
1 88 88 
4 89 89 
1 90 90 
4 91 91 
1 92 92 
4 93 93 
1 94 94 
1 95 95 
4 96 96 
1 97 97 
2 98 98 
3 99 99 
4 100 100 
1 101 101 
4 102 102 
1 103 103 
# stl_yqd: area name, and first and last year-quarter-species-age index
1 1 1 
1 2 2 
1 3 3 
1 4 4 
1 5 5 
1 6 6 
1 7 7 
1 8 8 
1 9 9 
1 10 10 
1 11 11 
1 12 12 
1 13 13 
1 14 14 
1 15 15 
1 16 16 
1 17 17 
1 18 18 
1 19 19 
1 20 20 
1 21 21 
1 22 22 
1 23 23 
1 24 24 
1 25 25 
1 26 26 
1 27 27 
1 28 28 
1 29 29 
1 30 30 
1 31 31 
1 32 32 
1 33 33 
1 34 34 
1 35 35 
1 36 36 
1 37 37 
1 38 38 
1 39 39 
1 40 40 
1 41 41 
1 42 42 
1 43 43 
1 44 44 
1 45 45 
1 46 46 
1 47 47 
1 48 48 
1 49 49 
1 50 50 
1 51 51 
1 52 52 
1 53 53 
1 54 54 
1 55 55 
1 56 56 
1 57 57 
1 58 58 
1 59 59 
1 60 60 
1 61 61 
1 62 62 
1 63 63 
1 64 64 
1 65 65 
1 66 66 
1 67 67 
1 68 68 
1 69 69 
1 70 70 
1 71 71 
1 72 72 
1 73 73 
1 74 74 
1 75 75 
1 76 76 
1 77 77 
1 78 78 
1 79 79 
1 80 80 
1 81 81 
1 82 82 
1 83 83 
1 84 84 
1 85 85 
1 86 86 
1 87 87 
1 88 88 
1 89 89 
1 90 90 
1 91 91 
1 92 92 
1 93 93 
1 94 94 
1 95 95 
1 96 96 
1 97 97 
1 98 98 
1 99 99 
1 100 100 
1 101 101 
1 102 102 
1 103 103 
##############################################################
# stl_yqdp: predator name, and first and last area-pred index
1 1 9 
1 10 15 
1 16 21 
1 22 30 
1 31 39 
1 40 46 
1 47 52 
1 53 57 
1 58 66 
1 67 74 
1 75 81 
1 82 90 
1 91 99 
1 100 102 
1 103 110 
1 111 118 
1 119 127 
1 128 134 
1 135 143 
1 144 146 
1 147 151 
1 152 158 
1 159 164 
1 165 170 
1 171 174 
1 175 181 
1 182 189 
1 190 194 
1 195 202 
1 203 210 
1 211 219 
1 220 228 
1 229 236 
1 237 242 
1 243 249 
1 250 256 
1 257 258 
1 259 267 
1 268 276 
1 277 282 
1 283 286 
1 287 292 
1 293 300 
1 301 307 
1 308 314 
1 315 321 
1 322 328 
1 329 335 
1 336 341 
1 342 349 
1 350 353 
1 354 361 
1 362 368 
1 369 371 
1 372 377 
1 378 383 
1 384 389 
1 390 396 
1 397 403 
1 404 411 
1 412 417 
1 418 419 
1 420 425 
1 426 431 
1 432 435 
1 436 441 
1 442 448 
1 449 454 
1 455 460 
1 461 463 
1 464 471 
1 472 475 
1 476 483 
1 484 490 
1 491 494 
1 495 499 
1 500 505 
1 506 510 
1 511 515 
1 516 516 
1 517 523 
1 524 527 
1 528 534 
1 535 540 
1 541 548 
1 549 555 
1 556 563 
1 564 570 
1 571 579 
1 580 588 
1 589 597 
1 598 605 
1 606 614 
1 615 623 
1 624 632 
1 633 641 
1 642 650 
1 651 652 
1 653 655 
1 656 664 
1 665 673 
1 674 680 
1 681 687 
##############################################################
# stl_yqdpl: predator length name, first and last predator-length-prey index, and predator length
3 1 1 150 # 150
4 2 3 200 # 200
5 4 6 250 # 250
6 7 9 300 # 300
7 10 12 350 # 350
8 13 15 400 # 400
9 16 18 500 # 500
10 19 21 600 # 600
11 22 23 700 # 700
6 24 26 300 # 300
7 27 29 350 # 350
8 30 32 400 # 400
9 33 35 500 # 500
10 36 38 600 # 600
11 39 40 700 # 700
4 41 41 200 # 200
5 42 43 250 # 250
6 44 46 300 # 300
7 47 48 350 # 350
8 49 50 400 # 400
9 51 52 500 # 500
3 53 53 150 # 150
4 54 54 200 # 200
5 55 56 250 # 250
6 57 59 300 # 300
7 60 62 350 # 350
8 63 65 400 # 400
9 66 68 500 # 500
10 69 71 600 # 600
11 72 74 700 # 700
3 75 75 150 # 150
4 76 76 200 # 200
5 77 79 250 # 250
6 80 82 300 # 300
7 83 85 350 # 350
8 86 88 400 # 400
9 89 91 500 # 500
10 92 94 600 # 600
11 95 97 700 # 700
4 98 98 200 # 200
5 99 99 250 # 250
6 100 101 300 # 300
7 102 104 350 # 350
8 105 106 400 # 400
9 107 108 500 # 500
10 109 110 600 # 600
3 111 111 150 # 150
4 112 112 200 # 200
6 113 113 300 # 300
7 114 114 350 # 350
8 115 116 400 # 400
9 117 118 500 # 500
5 119 119 250 # 250
6 120 121 300 # 300
7 122 124 350 # 350
8 125 126 400 # 400
9 127 128 500 # 500
3 129 129 150 # 150
4 130 130 200 # 200
5 131 133 250 # 250
6 134 136 300 # 300
7 137 139 350 # 350
8 140 142 400 # 400
9 143 145 500 # 500
10 146 148 600 # 600
11 149 150 700 # 700
3 151 151 150 # 150
4 152 152 200 # 200
5 153 155 250 # 250
6 156 158 300 # 300
7 159 161 350 # 350
8 162 164 400 # 400
9 165 167 500 # 500
10 168 170 600 # 600
4 171 171 200 # 200
5 172 173 250 # 250
6 174 176 300 # 300
7 177 179 350 # 350
8 180 182 400 # 400
9 183 185 500 # 500
10 186 188 600 # 600
3 189 190 150 # 150
4 191 192 200 # 200
5 193 195 250 # 250
6 196 198 300 # 300
7 199 201 350 # 350
8 202 204 400 # 400
9 205 207 500 # 500
10 208 210 600 # 600
11 211 213 700 # 700
3 214 214 150 # 150
4 215 216 200 # 200
5 217 219 250 # 250
6 220 222 300 # 300
7 223 225 350 # 350
8 226 228 400 # 400
9 229 231 500 # 500
10 232 234 600 # 600
11 235 237 700 # 700
5 238 238 250 # 250
6 239 239 300 # 300
7 240 242 350 # 350
4 243 243 200 # 200
5 244 244 250 # 250
6 245 245 300 # 300
7 246 246 350 # 350
8 247 248 400 # 400
9 249 251 500 # 500
10 252 254 600 # 600
11 255 256 700 # 700
3 257 257 150 # 150
4 258 258 200 # 200
5 259 261 250 # 250
6 262 264 300 # 300
7 265 267 350 # 350
8 268 270 400 # 400
9 271 273 500 # 500
10 274 276 600 # 600
3 277 277 150 # 150
4 278 280 200 # 200
5 281 283 250 # 250
6 284 286 300 # 300
7 287 289 350 # 350
8 290 292 400 # 400
9 293 295 500 # 500
10 296 298 600 # 600
11 299 301 700 # 700
4 302 303 200 # 200
5 304 305 250 # 250
6 306 308 300 # 300
7 309 311 350 # 350
8 312 314 400 # 400
9 315 317 500 # 500
10 318 320 600 # 600
3 321 321 150 # 150
4 322 323 200 # 200
5 324 326 250 # 250
6 327 329 300 # 300
7 330 332 350 # 350
8 333 335 400 # 400
9 336 338 500 # 500
10 339 341 600 # 600
11 342 344 700 # 700
7 345 347 350 # 350
8 348 350 400 # 400
9 351 353 500 # 500
5 354 354 250 # 250
6 355 357 300 # 300
7 358 360 350 # 350
8 361 363 400 # 400
9 364 366 500 # 500
4 367 367 200 # 200
5 368 369 250 # 250
6 370 371 300 # 300
7 372 374 350 # 350
8 375 377 400 # 400
9 378 380 500 # 500
10 381 382 600 # 600
5 383 383 250 # 250
6 384 386 300 # 300
7 387 389 350 # 350
8 390 392 400 # 400
9 393 395 500 # 500
10 396 398 600 # 600
5 399 399 250 # 250
6 400 402 300 # 300
7 403 405 350 # 350
8 406 408 400 # 400
9 409 411 500 # 500
10 412 413 600 # 600
6 414 415 300 # 300
7 416 417 350 # 350
8 418 420 400 # 400
9 421 423 500 # 500
4 424 424 200 # 200
5 425 425 250 # 250
6 426 427 300 # 300
7 428 429 350 # 350
8 430 432 400 # 400
9 433 435 500 # 500
10 436 438 600 # 600
3 439 439 150 # 150
4 440 440 200 # 200
5 441 441 250 # 250
6 442 443 300 # 300
7 444 446 350 # 350
8 447 449 400 # 400
9 450 452 500 # 500
10 453 455 600 # 600
6 456 457 300 # 300
7 458 458 350 # 350
8 459 461 400 # 400
9 462 464 500 # 500
10 465 465 600 # 600
3 466 466 150 # 150
4 467 468 200 # 200
5 469 469 250 # 250
6 470 472 300 # 300
7 473 475 350 # 350
8 476 478 400 # 400
9 479 481 500 # 500
10 482 483 600 # 600
3 484 484 150 # 150
4 485 485 200 # 200
5 486 488 250 # 250
6 489 491 300 # 300
7 492 494 350 # 350
8 495 497 400 # 400
9 498 500 500 # 500
10 501 503 600 # 600
3 504 504 150 # 150
4 505 506 200 # 200
5 507 509 250 # 250
6 510 512 300 # 300
7 513 515 350 # 350
8 516 518 400 # 400
9 519 521 500 # 500
10 522 524 600 # 600
11 525 527 700 # 700
3 528 528 150 # 150
4 529 529 200 # 200
5 530 531 250 # 250
6 532 534 300 # 300
7 535 537 350 # 350
8 538 540 400 # 400
9 541 543 500 # 500
10 544 546 600 # 600
11 547 548 700 # 700
3 549 549 150 # 150
5 550 551 250 # 250
6 552 554 300 # 300
7 555 557 350 # 350
8 558 560 400 # 400
9 561 563 500 # 500
10 564 566 600 # 600
11 567 569 700 # 700
4 570 570 200 # 200
5 571 571 250 # 250
6 572 574 300 # 300
7 575 576 350 # 350
8 577 579 400 # 400
9 580 582 500 # 500
3 583 583 150 # 150
5 584 585 250 # 250
6 586 588 300 # 300
7 589 591 350 # 350
8 592 594 400 # 400
9 595 597 500 # 500
10 598 600 600 # 600
5 601 601 250 # 250
6 602 604 300 # 300
7 605 607 350 # 350
8 608 610 400 # 400
9 611 613 500 # 500
10 614 616 600 # 600
11 617 619 700 # 700
8 620 621 400 # 400
9 622 623 500 # 500
3 624 624 150 # 150
4 625 625 200 # 200
5 626 627 250 # 250
6 628 630 300 # 300
7 631 633 350 # 350
8 634 636 400 # 400
9 637 639 500 # 500
10 640 642 600 # 600
11 643 645 700 # 700
3 646 646 150 # 150
4 647 647 200 # 200
5 648 648 250 # 250
6 649 651 300 # 300
7 652 654 350 # 350
8 655 657 400 # 400
9 658 660 500 # 500
10 661 663 600 # 600
11 664 666 700 # 700
3 667 667 150 # 150
6 668 669 300 # 300
7 670 672 350 # 350
8 673 675 400 # 400
9 676 678 500 # 500
10 679 681 600 # 600
5 682 682 250 # 250
7 683 684 350 # 350
8 685 686 400 # 400
9 687 689 500 # 500
5 690 691 250 # 250
6 692 693 300 # 300
7 694 695 350 # 350
8 696 698 400 # 400
9 699 701 500 # 500
10 702 704 600 # 600
4 705 706 200 # 200
5 707 708 250 # 250
6 709 711 300 # 300
7 712 714 350 # 350
8 715 717 400 # 400
9 718 720 500 # 500
10 721 723 600 # 600
11 724 725 700 # 700
5 726 726 250 # 250
6 727 729 300 # 300
7 730 732 350 # 350
8 733 735 400 # 400
9 736 738 500 # 500
10 739 741 600 # 600
11 742 744 700 # 700
4 745 745 200 # 200
5 746 746 250 # 250
6 747 748 300 # 300
7 749 750 350 # 350
8 751 753 400 # 400
9 754 756 500 # 500
10 757 758 600 # 600
5 759 760 250 # 250
6 761 762 300 # 300
7 763 765 350 # 350
8 766 768 400 # 400
9 769 771 500 # 500
10 772 774 600 # 600
11 775 777 700 # 700
5 778 780 250 # 250
6 781 783 300 # 300
7 784 786 350 # 350
8 787 789 400 # 400
9 790 792 500 # 500
10 793 795 600 # 600
11 796 798 700 # 700
4 799 799 200 # 200
5 800 800 250 # 250
6 801 802 300 # 300
7 803 803 350 # 350
8 804 806 400 # 400
9 807 809 500 # 500
10 810 812 600 # 600
5 813 813 250 # 250
6 814 816 300 # 300
7 817 819 350 # 350
8 820 822 400 # 400
9 823 825 500 # 500
10 826 828 600 # 600
4 829 829 200 # 200
5 830 832 250 # 250
6 833 835 300 # 300
7 836 838 350 # 350
8 839 841 400 # 400
9 842 844 500 # 500
10 845 847 600 # 600
11 848 850 700 # 700
5 851 851 250 # 250
6 852 852 300 # 300
7 853 853 350 # 350
8 854 856 400 # 400
4 857 859 200 # 200
5 860 861 250 # 250
6 862 863 300 # 300
7 864 866 350 # 350
8 867 869 400 # 400
9 870 872 500 # 500
10 873 875 600 # 600
11 876 878 700 # 700
5 879 879 250 # 250
6 880 881 300 # 300
7 882 884 350 # 350
8 885 887 400 # 400
9 888 890 500 # 500
10 891 893 600 # 600
11 894 896 700 # 700
7 897 897 350 # 350
8 898 900 400 # 400
9 901 902 500 # 500
6 903 905 300 # 300
7 906 908 350 # 350
8 909 911 400 # 400
9 912 914 500 # 500
10 915 917 600 # 600
11 918 920 700 # 700
6 921 921 300 # 300
7 922 923 350 # 350
8 924 926 400 # 400
9 927 929 500 # 500
10 930 932 600 # 600
11 933 935 700 # 700
5 936 936 250 # 250
6 937 938 300 # 300
7 939 940 350 # 350
8 941 943 400 # 400
9 944 946 500 # 500
10 947 949 600 # 600
5 950 951 250 # 250
6 952 953 300 # 300
7 954 956 350 # 350
8 957 959 400 # 400
9 960 962 500 # 500
10 963 965 600 # 600
11 966 968 700 # 700
5 969 970 250 # 250
6 971 973 300 # 300
7 974 976 350 # 350
8 977 979 400 # 400
9 980 982 500 # 500
10 983 985 600 # 600
11 986 988 700 # 700
4 989 989 200 # 200
5 990 990 250 # 250
6 991 991 300 # 300
7 992 994 350 # 350
8 995 997 400 # 400
9 998 1000 500 # 500
10 1001 1003 600 # 600
11 1004 1006 700 # 700
6 1007 1009 300 # 300
7 1010 1012 350 # 350
8 1013 1015 400 # 400
9 1016 1018 500 # 500
10 1019 1021 600 # 600
11 1022 1024 700 # 700
7 1025 1026 350 # 350
8 1027 1029 400 # 400
4 1030 1030 200 # 200
5 1031 1031 250 # 250
8 1032 1034 400 # 400
9 1035 1037 500 # 500
10 1038 1039 600 # 600
11 1040 1042 700 # 700
5 1043 1044 250 # 250
6 1045 1047 300 # 300
7 1048 1049 350 # 350
8 1050 1052 400 # 400
9 1053 1054 500 # 500
10 1055 1056 600 # 600
6 1057 1058 300 # 300
9 1059 1061 500 # 500
10 1062 1063 600 # 600
11 1064 1065 700 # 700
5 1066 1067 250 # 250
6 1068 1069 300 # 300
7 1070 1072 350 # 350
8 1073 1075 400 # 400
9 1076 1078 500 # 500
10 1079 1081 600 # 600
5 1082 1084 250 # 250
6 1085 1087 300 # 300
7 1088 1090 350 # 350
8 1091 1093 400 # 400
9 1094 1096 500 # 500
10 1097 1099 600 # 600
11 1100 1102 700 # 700
5 1103 1104 250 # 250
6 1105 1107 300 # 300
7 1108 1109 350 # 350
8 1110 1112 400 # 400
9 1113 1115 500 # 500
10 1116 1118 600 # 600
5 1119 1119 250 # 250
7 1120 1122 350 # 350
8 1123 1125 400 # 400
9 1126 1128 500 # 500
10 1129 1131 600 # 600
11 1132 1134 700 # 700
4 1135 1137 200 # 200
5 1138 1140 250 # 250
8 1141 1143 400 # 400
4 1144 1146 200 # 200
5 1147 1148 250 # 250
6 1149 1151 300 # 300
7 1152 1154 350 # 350
8 1155 1157 400 # 400
9 1158 1160 500 # 500
10 1161 1163 600 # 600
11 1164 1166 700 # 700
4 1167 1168 200 # 200
5 1169 1170 250 # 250
8 1171 1173 400 # 400
9 1174 1176 500 # 500
3 1177 1177 150 # 150
4 1178 1179 200 # 200
5 1180 1181 250 # 250
7 1182 1184 350 # 350
8 1185 1187 400 # 400
9 1188 1190 500 # 500
10 1191 1193 600 # 600
11 1194 1195 700 # 700
3 1196 1197 150 # 150
4 1198 1200 200 # 200
5 1201 1203 250 # 250
6 1204 1206 300 # 300
7 1207 1209 350 # 350
8 1210 1212 400 # 400
9 1213 1215 500 # 500
6 1216 1216 300 # 300
7 1217 1219 350 # 350
8 1220 1222 400 # 400
9 1223 1225 500 # 500
5 1226 1227 250 # 250
6 1228 1230 300 # 300
7 1231 1233 350 # 350
8 1234 1236 400 # 400
9 1237 1239 500 # 500
3 1240 1240 150 # 150
4 1241 1241 200 # 200
5 1242 1242 250 # 250
6 1243 1244 300 # 300
7 1245 1247 350 # 350
8 1248 1250 400 # 400
3 1251 1251 150 # 150
4 1252 1254 200 # 200
5 1255 1255 250 # 250
6 1256 1257 300 # 300
7 1258 1259 350 # 350
3 1260 1260 150 # 150
4 1261 1261 200 # 200
5 1262 1262 250 # 250
6 1263 1264 300 # 300
7 1265 1267 350 # 350
8 1268 1270 400 # 400
3 1271 1272 150 # 150
4 1273 1275 200 # 200
5 1276 1278 250 # 250
6 1279 1281 300 # 300
7 1282 1284 350 # 350
8 1285 1287 400 # 400
10 1288 1290 600 # 600
7 1291 1293 350 # 350
8 1294 1296 400 # 400
9 1297 1299 500 # 500
10 1300 1302 600 # 600
3 1303 1303 150 # 150
4 1304 1304 200 # 200
5 1305 1306 250 # 250
6 1307 1308 300 # 300
7 1309 1310 350 # 350
8 1311 1313 400 # 400
9 1314 1315 500 # 500
3 1316 1317 150 # 150
4 1318 1320 200 # 200
5 1321 1323 250 # 250
6 1324 1326 300 # 300
7 1327 1329 350 # 350
8 1330 1332 400 # 400
3 1333 1333 150 # 150
4 1334 1334 200 # 200
5 1335 1336 250 # 250
6 1337 1337 300 # 300
7 1338 1340 350 # 350
8 1341 1343 400 # 400
9 1344 1346 500 # 500
10 1347 1348 600 # 600
3 1349 1349 150 # 150
4 1350 1351 200 # 200
5 1352 1354 250 # 250
6 1355 1357 300 # 300
7 1358 1360 350 # 350
8 1361 1363 400 # 400
9 1364 1366 500 # 500
3 1367 1367 150 # 150
4 1368 1369 200 # 200
5 1370 1372 250 # 250
6 1373 1375 300 # 300
7 1376 1378 350 # 350
8 1379 1381 400 # 400
9 1382 1384 500 # 500
10 1385 1387 600 # 600
3 1388 1388 150 # 150
4 1389 1390 200 # 200
5 1391 1393 250 # 250
6 1394 1395 300 # 300
7 1396 1398 350 # 350
8 1399 1401 400 # 400
9 1402 1404 500 # 500
3 1405 1405 150 # 150
4 1406 1407 200 # 200
5 1408 1409 250 # 250
6 1410 1411 300 # 300
7 1412 1414 350 # 350
8 1415 1417 400 # 400
9 1418 1420 500 # 500
10 1421 1423 600 # 600
11 1424 1426 700 # 700
3 1427 1428 150 # 150
4 1429 1430 200 # 200
5 1431 1432 250 # 250
6 1433 1435 300 # 300
7 1436 1438 350 # 350
8 1439 1441 400 # 400
9 1442 1444 500 # 500
10 1445 1447 600 # 600
11 1448 1450 700 # 700
3 1451 1451 150 # 150
4 1452 1452 200 # 200
5 1453 1454 250 # 250
6 1455 1457 300 # 300
7 1458 1460 350 # 350
8 1461 1463 400 # 400
9 1464 1466 500 # 500
10 1467 1469 600 # 600
11 1470 1472 700 # 700
4 1473 1475 200 # 200
5 1476 1478 250 # 250
6 1479 1481 300 # 300
7 1482 1484 350 # 350
8 1485 1487 400 # 400
9 1488 1490 500 # 500
10 1491 1493 600 # 600
11 1494 1496 700 # 700
3 1497 1497 150 # 150
4 1498 1498 200 # 200
5 1499 1499 250 # 250
6 1500 1501 300 # 300
7 1502 1503 350 # 350
8 1504 1506 400 # 400
9 1507 1509 500 # 500
10 1510 1512 600 # 600
11 1513 1515 700 # 700
3 1516 1516 150 # 150
4 1517 1518 200 # 200
5 1519 1520 250 # 250
6 1521 1523 300 # 300
7 1524 1526 350 # 350
8 1527 1529 400 # 400
9 1530 1532 500 # 500
10 1533 1535 600 # 600
11 1536 1538 700 # 700
3 1539 1539 150 # 150
4 1540 1541 200 # 200
5 1542 1543 250 # 250
6 1544 1545 300 # 300
7 1546 1548 350 # 350
8 1549 1551 400 # 400
9 1552 1554 500 # 500
10 1555 1557 600 # 600
11 1558 1560 700 # 700
3 1561 1561 150 # 150
4 1562 1562 200 # 200
5 1563 1563 250 # 250
6 1564 1565 300 # 300
7 1566 1568 350 # 350
8 1569 1571 400 # 400
9 1572 1574 500 # 500
10 1575 1577 600 # 600
11 1578 1580 700 # 700
3 1581 1581 150 # 150
4 1582 1583 200 # 200
5 1584 1586 250 # 250
6 1587 1589 300 # 300
7 1590 1592 350 # 350
8 1593 1595 400 # 400
9 1596 1598 500 # 500
10 1599 1601 600 # 600
11 1602 1604 700 # 700
7 1605 1607 350 # 350
8 1608 1610 400 # 400
6 1611 1612 300 # 300
7 1613 1615 350 # 350
8 1616 1618 400 # 400
3 1619 1619 150 # 150
4 1620 1620 200 # 200
5 1621 1623 250 # 250
6 1624 1626 300 # 300
7 1627 1629 350 # 350
8 1630 1632 400 # 400
9 1633 1635 500 # 500
10 1636 1638 600 # 600
11 1639 1641 700 # 700
3 1642 1642 150 # 150
4 1643 1644 200 # 200
5 1645 1647 250 # 250
6 1648 1650 300 # 300
7 1651 1653 350 # 350
8 1654 1656 400 # 400
9 1657 1659 500 # 500
10 1660 1662 600 # 600
11 1663 1665 700 # 700
3 1666 1667 150 # 150
4 1668 1669 200 # 200
5 1670 1671 250 # 250
6 1672 1674 300 # 300
7 1675 1677 350 # 350
8 1678 1680 400 # 400
9 1681 1683 500 # 500
3 1684 1684 150 # 150
4 1685 1686 200 # 200
5 1687 1688 250 # 250
6 1689 1691 300 # 300
7 1692 1694 350 # 350
8 1695 1697 400 # 400
9 1698 1700 500 # 500
##############################################################
# stl_yqdplp: prey name, first and last year-quarter-predator-length-prey-length
0 0 0
0 0 0
2 2 8
0 0 0
2 2 10
3 2 9
0 0 0
2 3 5
3 2 10
0 0 0
2 4 4
3 6 6
0 0 0
2 3 6
3 5 6
0 0 0
2 3 5
3 7 7
0 0 0
2 2 12
3 4 10
0 0 0
2 3 4
0 0 0
2 3 5
3 2 10
0 0 0
2 3 5
3 5 6
0 0 0
2 3 5
3 5 8
0 0 0
2 3 5
3 7 7
0 0 0
2 3 12
3 4 10
0 0 0
2 3 4
0 0 0
0 0 0
2 2 10
0 0 0
2 3 5
3 2 10
0 0 0
2 3 5
0 0 0
2 3 6
0 0 0
2 3 5
0 0 0
0 0 0
0 0 0
2 2 10
0 0 0
2 2 11
3 2 10
0 0 0
2 2 9
3 7 7
0 0 0
2 2 10
3 7 10
0 0 0
2 2 12
3 2 10
0 0 0
2 2 12
3 6 10
0 0 0
2 2 12
3 10 10
0 0 0
0 0 0
0 0 0
2 3 10
3 2 9
0 0 0
2 3 11
3 2 10
0 0 0
2 3 9
3 7 7
0 0 0
2 3 10
3 7 10
0 0 0
2 3 12
3 2 10
0 0 0
2 3 12
3 8 10
0 0 0
2 3 12
3 10 10
0 0 0
0 0 0
0 0 0
2 2 11
0 0 0
2 2 9
3 7 7
0 0 0
2 2 10
0 0 0
2 2 12
0 0 0
2 2 12
0 0 0
0 0 0
0 0 0
0 0 0
0 0 0
3 7 10
0 0 0
3 2 10
0 0 0
0 0 0
3 4 5
0 0 0
2 4 4
3 3 8
0 0 0
3 2 9
0 0 0
3 2 9
0 0 0
0 0 0
0 0 0
2 3 10
3 7 7
0 0 0
2 3 11
3 4 5
0 0 0
2 4 4
3 4 8
0 0 0
2 3 4
3 3 9
0 0 0
2 4 5
3 4 9
0 0 0
2 7 9
3 4 8
0 0 0
2 4 5
0 0 0
0 0 0
0 0 0
2 2 10
3 7 7
0 0 0
2 2 11
3 4 4
0 0 0
2 4 4
3 3 7
0 0 0
2 4 4
3 2 8
0 0 0
2 4 5
3 2 9
0 0 0
2 7 10
3 4 8
0 0 0
0 0 0
3 7 7
0 0 0
2 2 11
3 4 5
0 0 0
2 4 4
3 3 8
0 0 0
2 3 4
3 6 6
0 0 0
2 4 5
3 5 5
0 0 0
2 10 10
3 4 8
0 0 0
3 3 7
0 0 0
3 2 8
0 0 0
2 2 10
3 2 9
0 0 0
2 2 11
3 4 4
0 0 0
2 2 9
3 3 6
0 0 0
2 3 7
3 2 7
0 0 0
2 2 6
3 5 7
0 0 0
2 4 10
3 3 7
0 0 0
2 8 8
3 6 6
0 0 0
0 0 0
3 2 8
0 0 0
2 3 10
3 2 9
0 0 0
2 3 11
3 4 4
0 0 0
2 3 9
3 5 6
0 0 0
2 3 5
3 3 5
0 0 0
2 5 5
3 7 8
0 0 0
2 5 5
3 4 5
0 0 0
2 8 8
3 6 6
0 0 0
0 0 0
0 0 0
2 2 9
3 3 6
0 0 0
0 0 0
0 0 0
0 0 0
0 0 0
3 5 7
0 0 0
2 2 6
3 5 9
0 0 0
2 8 10
3 6 8
0 0 0
2 8 8
0 0 0
0 0 0
0 0 0
2 3 3
3 4 6
0 0 0
2 2 11
3 4 6
0 0 0
2 5 5
3 4 8
0 0 0
2 4 6
3 3 9
0 0 0
2 4 5
3 5 10
0 0 0
2 5 8
3 6 9
0 0 0
0 0 0
2 3 8
3 2 8
0 0 0
2 3 3
3 3 5
0 0 0
2 3 11
3 4 7
0 0 0
2 5 5
3 5 6
0 0 0
2 4 7
3 5 8
0 0 0
2 8 8
3 5 7
0 0 0
2 9 9
3 8 8
0 0 0
2 9 9
3 8 8
0 0 0
3 2 8
0 0 0
3 4 7
0 0 0
2 2 11
3 2 8
0 0 0
2 5 5
3 2 8
0 0 0
2 4 7
3 2 9
0 0 0
2 8 8
3 4 9
0 0 0
2 8 8
3 7 9
0 0 0
0 0 0
3 2 8
0 0 0
2 2 2
3 2 6
0 0 0
2 2 6
3 3 9
0 0 0
2 4 4
3 3 8
0 0 0
2 5 6
3 3 8
0 0 0
2 9 9
3 2 2
0 0 0
2 9 11
3 2 8
0 0 0
2 8 9
3 8 8
0 0 0
2 5 5
3 4 8
0 0 0
2 3 5
3 4 8
0 0 0
2 3 3
3 7 7
0 0 0
0 0 0
2 2 6
3 7 7
0 0 0
2 2 5
3 7 8
0 0 0
2 4 6
3 7 9
0 0 0
2 7 7
3 8 8
0 0 0
0 0 0
2 2 2
0 0 0
2 2 6
0 0 0
2 2 5
3 3 8
0 0 0
2 2 7
3 2 5
0 0 0
2 3 5
3 4 4
0 0 0
2 9 9
0 0 0
0 0 0
2 3 4
3 8 8
0 0 0
2 3 7
3 3 8
0 0 0
2 5 5
3 2 9
0 0 0
2 6 9
3 4 9
0 0 0
2 7 7
3 3 9
0 0 0
0 0 0
2 3 3
3 8 8
0 0 0
2 3 7
3 2 9
0 0 0
2 4 7
3 3 9
0 0 0
2 3 9
3 4 9
0 0 0
2 3 9
0 0 0
2 4 4
0 0 0
2 4 5
0 0 0
2 4 7
3 8 8
0 0 0
2 4 7
3 8 10
0 0 0
0 0 0
0 0 0
2 3 4
0 0 0
2 3 7
0 0 0
2 2 8
3 3 8
0 0 0
2 2 9
3 3 9
0 0 0
2 2 7
3 6 7
0 0 0
0 0 0
0 0 0
0 0 0
3 7 7
0 0 0
2 2 9
3 2 7
0 0 0
2 4 7
3 2 10
0 0 0
2 7 8
3 3 10
0 0 0
2 6 8
3 3 5
0 0 0
2 3 11
0 0 0
0 0 0
2 5 5
3 3 8
0 0 0
2 5 6
3 2 10
0 0 0
0 0 0
0 0 0
2 2 8
0 0 0
0 0 0
2 2 11
3 5 5
0 0 0
2 2 9
3 6 6
0 0 0
2 4 7
3 4 4
0 0 0
2 7 7
3 4 5
0 0 0
2 7 9
0 0 0
0 0 0
0 0 0
2 3 6
3 3 5
0 0 0
2 2 11
3 2 6
0 0 0
2 2 9
3 3 7
0 0 0
2 4 5
3 3 10
0 0 0
2 2 9
3 3 10
0 0 0
2 6 9
3 2 5
0 0 0
0 0 0
3 3 5
0 0 0
2 2 3
3 2 8
0 0 0
2 2 5
3 2 6
0 0 0
2 2 6
3 2 8
0 0 0
2 2 7
3 2 8
0 0 0
2 2 9
3 3 8
0 0 0
2 5 8
3 3 7
0 0 0
2 7 12
3 4 7
0 0 0
0 0 0
0 0 0
3 4 6
0 0 0
2 3 6
3 3 7
0 0 0
2 5 5
3 3 9
0 0 0
2 3 6
3 3 10
0 0 0
2 5 6
3 2 10
0 0 0
2 6 6
3 7 10
0 0 0
3 6 8
0 0 0
0 0 0
3 2 7
0 0 0
2 1 3
3 2 8
0 0 0
2 1 6
3 1 10
0 0 0
2 1 8
3 2 8
0 0 0
2 2 9
3 2 8
0 0 0
2 1 9
3 2 8
0 0 0
2 2 12
3 2 9
0 0 0
0 0 0
0 0 0
2 5 6
3 2 2
0 0 0
3 2 8
0 0 0
2 2 4
3 2 8
0 0 0
2 2 5
3 3 9
0 0 0
0 0 0
3 5 8
0 0 0
2 2 5
3 2 6
0 0 0
2 2 8
3 2 8
0 0 0
2 2 8
3 2 9
0 0 0
2 4 9
3 2 9
0 0 0
2 2 8
3 3 9
0 0 0
0 0 0
2 7 8
3 3 7
0 0 0
2 7 7
3 2 8
0 0 0
2 4 9
3 2 8
0 0 0
2 4 8
3 2 7
0 0 0
2 3 11
3 2 8
0 0 0
2 7 7
3 2 6
0 0 0
3 3 8
0 0 0
3 3 8
0 0 0
0 0 0
0 0 0
3 5 8
0 0 0
2 4 4
3 2 7
0 0 0
2 2 8
3 2 7
0 0 0
2 2 9
3 2 9
0 0 0
2 2 9
3 2 10
0 0 0
2 2 11
3 2 8
0 0 0
2 7 7
3 3 8
0 0 0
0 0 0
0 0 0
0 0 0
2 4 10
3 5 5
0 0 0
2 5 5
3 2 9
0 0 0
2 2 7
3 2 8
0 0 0
2 2 9
3 2 10
0 0 0
2 2 9
3 2 7
0 0 0
2 5 6
3 3 9
0 0 0
0 0 0
2 5 5
0 0 0
2 5 5
3 2 2
0 0 0
2 4 8
3 4 9
0 0 0
2 5 6
3 7 7
0 0 0
2 5 9
3 3 9
0 0 0
0 0 0
3 4 5
0 0 0
2 6 9
0 0 0
2 7 9
3 3 7
0 0 0
2 2 10
0 0 0
3 3 5
0 0 0
3 2 6
0 0 0
2 2 7
3 2 7
0 0 0
2 2 8
3 2 6
0 0 0
2 2 5
3 2 7
0 0 0
3 2 5
0 0 0
3 3 6
0 0 0
2 4 4
3 3 8
0 0 0
2 4 4
3 3 7
0 0 0
2 4 7
3 2 9
0 0 0
2 2 9
3 2 8
0 0 0
2 2 11
3 3 7
0 0 0
2 2 11
0 0 0
0 0 0
2 2 5
3 4 7
0 0 0
2 4 8
3 3 9
0 0 0
2 2 8
3 4 10
0 0 0
2 3 9
3 3 10
0 0 0
2 5 10
3 5 10
0 0 0
2 9 11
3 4 8
0 0 0
0 0 0
0 0 0
2 2 5
0 0 0
2 4 8
0 0 0
2 2 7
3 4 9
0 0 0
2 4 10
3 5 5
0 0 0
2 3 10
0 0 0
2 2 2
0 0 0
2 6 9
0 0 0
2 4 4
3 3 7
0 0 0
2 2 8
3 3 8
0 0 0
2 2 10
3 2 9
0 0 0
2 2 8
3 3 8
0 0 0
2 3 7
3 6 9
0 0 0
2 2 2
3 6 6
0 0 0
2 2 7
3 5 7
0 0 0
2 6 6
3 2 8
0 0 0
2 2 9
3 2 9
0 0 0
2 2 9
3 3 10
0 0 0
2 4 9
3 3 10
0 0 0
2 4 10
3 5 9
0 0 0
0 0 0
0 0 0
2 5 6
0 0 0
0 0 0
2 3 8
3 6 7
0 0 0
2 3 9
3 5 6
0 0 0
2 6 9
3 6 7
0 0 0
0 0 0
2 3 4
3 3 8
0 0 0
2 2 2
3 2 8
0 0 0
2 2 8
3 2 8
0 0 0
2 2 6
3 2 9
0 0 0
2 3 7
3 2 9
0 0 0
0 0 0
2 2 2
3 2 7
0 0 0
2 2 11
3 2 10
0 0 0
2 2 7
3 2 9
0 0 0
2 2 9
3 2 9
0 0 0
2 2 9
3 3 9
0 0 0
2 5 12
3 4 9
0 0 0
2 6 8
3 3 10
0 0 0
0 0 0
0 0 0
0 0 0
2 5 8
3 9 9
0 0 0
2 3 3
3 2 8
0 0 0
2 3 3
0 0 0
3 2 8
0 0 0
2 5 7
3 3 9
0 0 0
2 2 8
3 2 10
0 0 0
2 4 9
3 3 9
0 0 0
2 5 10
3 3 10
0 0 0
2 4 12
3 4 9
0 0 0
0 0 0
3 4 4
0 0 0
2 2 2
3 5 8
0 0 0
2 2 5
3 2 10
0 0 0
2 2 8
3 3 9
0 0 0
2 3 4
3 6 8
0 0 0
2 3 9
3 5 8
0 0 0
0 0 0
2 2 9
3 2 6
0 0 0
2 4 7
0 0 0
2 3 5
3 3 4
0 0 0
2 3 5
3 2 9
0 0 0
2 2 10
3 3 10
0 0 0
2 4 9
3 3 10
0 0 0
2 3 11
3 3 10
0 0 0
2 2 11
3 4 9
0 0 0
0 0 0
3 5 9
0 0 0
2 4 7
3 3 10
0 0 0
2 3 8
3 3 10
0 0 0
2 4 9
3 4 10
0 0 0
2 5 6
3 3 10
0 0 0
0 0 0
3 4 4
0 0 0
3 6 8
0 0 0
2 7 7
3 2 8
0 0 0
2 3 8
3 2 8
0 0 0
2 5 8
3 5 9
0 0 0
3 6 7
0 0 0
3 3 10
0 0 0
2 5 5
3 3 9
0 0 0
2 7 7
3 2 10
0 0 0
2 3 8
3 2 10
0 0 0
2 2 10
3 2 10
0 0 0
2 6 8
3 4 10
0 0 0
3 4 4
0 0 0
2 3 3
3 4 7
0 0 0
2 4 4
3 3 9
0 0 0
2 2 7
3 2 8
0 0 0
2 4 8
3 2 10
0 0 0
2 7 8
3 4 10
0 0 0
2 6 6
3 4 9
0 0 0
0 0 0
0 0 0
0 0 0
2 6 9
3 3 5
0 0 0
2 3 7
3 2 10
0 0 0
2 2 9
3 3 9
0 0 0
2 6 11
3 6 10
0 0 0
2 5 11
3 7 7
0 0 0
2 2 11
3 2 10
0 0 0
2 4 6
3 2 8
0 0 0
2 4 9
3 2 9
0 0 0
2 3 9
3 2 10
0 0 0
2 4 9
3 3 9
0 0 0
2 2 10
3 3 3
0 0 0
3 6 7
0 0 0
2 4 9
3 4 7
0 0 0
0 0 0
0 0 0
2 4 6
3 2 9
0 0 0
2 6 10
3 5 8
0 0 0
2 6 12
0 0 0
2 6 10
3 5 8
0 0 0
3 5 7
0 0 0
2 4 4
3 5 9
0 0 0
3 5 9
0 0 0
2 3 7
3 5 9
0 0 0
3 5 10
0 0 0
3 6 8
0 0 0
3 8 8
0 0 0
2 2 12
3 6 8
0 0 0
3 6 9
0 0 0
3 4 9
0 0 0
3 4 7
0 0 0
3 4 9
0 0 0
2 4 7
3 6 9
0 0 0
2 6 6
3 6 8
0 0 0
2 6 7
3 6 8
0 0 0
2 7 8
3 7 7
0 0 0
2 6 6
3 2 9
0 0 0
2 3 5
3 3 10
0 0 0
2 4 6
3 6 10
0 0 0
2 4 6
3 6 8
0 0 0
2 4 9
3 6 10
0 0 0
2 4 7
3 4 9
0 0 0
2 4 7
3 6 10
0 0 0
3 4 7
0 0 0
2 6 6
3 3 7
0 0 0
3 4 9
0 0 0
2 6 8
3 2 9
0 0 0
2 5 7
3 3 9
0 0 0
2 5 10
3 4 10
0 0 0
0 0 0
2 1 9
3 3 7
0 0 0
2 1 7
3 2 8
0 0 0
2 5 7
3 4 4
0 0 0
2 5 11
3 4 9
0 0 0
2 5 11
3 3 8
0 0 0
2 4 4
3 2 8
0 0 0
2 2 2
3 2 7
0 0 0
2 4 8
3 2 7
0 0 0
2 3 3
3 7 7
0 0 0
3 5 7
0 0 0
2 3 3
3 5 7
0 0 0
2 6 8
3 5 7
0 0 0
2 4 7
3 5 9
0 0 0
2 6 8
3 5 9
0 0 0
2 5 9
3 6 8
0 0 0
2 5 7
3 6 6
0 0 0
3 5 5
0 0 0
3 6 6
0 0 0
2 6 6
3 5 7
0 0 0
2 7 7
3 6 7
0 0 0
0 0 0
3 5 7
0 0 0
3 3 3
0 0 0
2 8 8
3 6 6
0 0 0
2 4 8
3 6 7
0 0 0
2 5 8
3 6 6
0 0 0
2 5 9
3 6 8
0 0 0
2 5 7
0 0 0
3 3 7
0 0 0
2 2 6
3 4 7
0 0 0
2 2 2
3 4 7
0 0 0
2 6 6
3 7 8
0 0 0
2 7 7
3 6 6
0 0 0
2 2 8
3 6 7
0 0 0
2 7 8
3 7 7
0 0 0
0 0 0
2 7 7
3 6 6
0 0 0
2 2 8
3 6 7
0 0 0
2 7 8
3 7 7
0 0 0
3 2 9
0 0 0
2 2 11
3 7 7
0 0 0
2 6 6
3 6 9
0 0 0
2 6 7
3 6 7
0 0 0
2 5 6
3 2 10
0 0 0
0 0 0
0 0 0
0 0 0
3 4 4
0 0 0
2 6 6
3 4 4
0 0 0
2 5 7
3 3 7
0 0 0
0 0 0
2 2 8
3 2 8
0 0 0
0 0 0
3 2 10
0 0 0
3 2 2
0 0 0
0 0 0
0 0 0
0 0 0
2 1 11
0 0 0
2 1 9
3 2 2
0 0 0
2 3 8
3 2 7
0 0 0
3 3 3
0 0 0
2 7 8
3 2 7
0 0 0
2 3 6
3 3 4
0 0 0
2 2 7
3 2 9
0 0 0
2 1 8
3 2 10
0 0 0
2 3 8
3 2 7
0 0 0
2 2 8
3 3 7
0 0 0
2 2 4
3 3 5
0 0 0
2 2 6
3 2 7
0 0 0
2 2 8
3 3 4
0 0 0
2 3 9
3 3 3
0 0 0
0 0 0
0 0 0
3 5 5
0 0 0
2 1 1
0 0 0
2 4 6
0 0 0
2 4 8
3 6 6
0 0 0
2 4 7
0 0 0
3 3 7
0 0 0
2 2 8
3 4 6
0 0 0
2 2 10
3 4 6
0 0 0
2 2 2
3 4 8
0 0 0
2 2 2
3 3 6
0 0 0
2 2 8
3 4 8
0 0 0
0 0 0
0 0 0
3 4 6
0 0 0
0 0 0
2 4 4
3 3 6
0 0 0
2 2 8
3 4 9
0 0 0
2 4 8
3 6 6
0 0 0
2 2 6
0 0 0
0 0 0
3 4 6
0 0 0
2 4 4
3 3 5
0 0 0
2 5 5
3 2 9
0 0 0
2 2 5
3 2 10
0 0 0
2 3 7
3 4 8
0 0 0
2 4 9
3 3 7
0 0 0
0 0 0
3 3 4
0 0 0
2 4 4
3 2 2
0 0 0
2 6 6
3 3 6
0 0 0
2 2 5
3 3 7
0 0 0
2 4 8
3 3 8
0 0 0
2 4 9
3 4 7
0 0 0
2 4 8
3 3 9
0 0 0
0 0 0
3 4 5
0 0 0
2 1 3
3 3 6
0 0 0
3 3 8
0 0 0
2 4 8
3 3 9
0 0 0
2 3 8
3 3 8
0 0 0
2 4 8
3 4 6
0 0 0
0 0 0
2 7 8
0 0 0
3 6 6
0 0 0
3 5 10
0 0 0
2 6 6
3 4 8
0 0 0
2 3 10
3 3 10
0 0 0
2 2 11
3 4 10
0 0 0
2 6 10
3 8 9
0 0 0
2 6 11
3 7 9
0 0 0
3 3 7
0 0 0
3 3 6
0 0 0
3 3 9
0 0 0
2 1 11
3 3 9
0 0 0
2 5 8
3 3 9
0 0 0
2 5 10
3 3 10
0 0 0
2 5 11
3 3 10
0 0 0
2 4 10
3 5 9
0 0 0
2 6 10
3 5 9
0 0 0
0 0 0
0 0 0
3 3 5
0 0 0
2 1 11
3 2 5
0 0 0
2 2 6
3 2 9
0 0 0
2 5 9
3 2 10
0 0 0
2 4 9
3 2 9
0 0 0
2 5 10
3 3 10
0 0 0
2 5 9
3 3 10
0 0 0
2 2 8
3 2 6
0 0 0
2 1 10
3 3 7
0 0 0
2 5 5
3 3 9
0 0 0
2 5 8
3 2 9
0 0 0
2 2 9
3 2 10
0 0 0
2 7 10
3 2 8
0 0 0
2 5 10
3 4 10
0 0 0
2 6 12
3 4 9
0 0 0
0 0 0
0 0 0
0 0 0
3 5 8
0 0 0
2 3 3
0 0 0
2 5 10
3 7 9
0 0 0
2 1 10
3 5 10
0 0 0
2 5 11
3 6 9
0 0 0
2 4 11
3 5 10
0 0 0
0 0 0
3 2 5
0 0 0
3 4 8
0 0 0
2 5 5
3 3 9
0 0 0
2 4 6
3 3 10
0 0 0
2 4 9
3 3 10
0 0 0
2 4 12
3 3 10
0 0 0
2 3 12
3 2 10
0 0 0
2 4 11
3 4 10
0 0 0
0 0 0
2 8 8
0 0 0
3 2 7
0 0 0
3 2 7
0 0 0
2 4 4
3 3 10
0 0 0
2 4 9
3 2 10
0 0 0
2 5 10
3 2 10
0 0 0
2 3 11
3 3 10
0 0 0
2 4 11
3 4 9
0 0 0
0 0 0
0 0 0
0 0 0
2 3 8
0 0 0
2 5 5
3 9 9
0 0 0
2 7 8
3 4 9
0 0 0
2 4 10
3 2 8
0 0 0
2 3 8
3 5 9
0 0 0
2 6 12
3 4 9
0 0 0
0 0 0
3 5 6
0 0 0
2 10 10
3 2 6
0 0 0
2 6 6
3 2 8
0 0 0
2 4 9
3 2 9
0 0 0
2 4 9
3 2 9
0 0 0
2 4 9
3 2 9
0 0 0
2 5 10
3 3 9
0 0 0
2 4 7
3 4 10
0 0 0
2 5 5
3 2 8
0 0 0
2 6 6
3 3 8
0 0 0
3 2 3
0 0 0
2 2 3
3 2 9
0 0 0
2 3 8
3 2 9
0 0 0
0 0 0
0 0 0
2 4 4
3 3 7
0 0 0
2 4 7
3 4 8
0 0 0
2 5 6
3 2 9
0 0 0
2 3 9
3 2 10
0 0 0
2 5 10
3 2 9
0 0 0
2 4 9
3 4 10
0 0 0
2 5 8
3 9 9
0 0 0
0 0 0
3 2 7
0 0 0
2 4 4
3 3 8
0 0 0
2 2 7
3 2 8
0 0 0
2 3 7
3 2 9
0 0 0
2 2 9
3 2 10
0 0 0
2 5 10
3 2 10
0 0 0
2 6 9
3 2 8
0 0 0
2 7 11
3 8 9
0 0 0
3 7 7
0 0 0
3 4 5
0 0 0
3 2 7
0 0 0
2 6 7
3 3 8
0 0 0
2 4 8
3 2 8
0 0 0
2 4 10
3 3 9
0 0 0
2 5 9
3 4 9
0 0 0
0 0 0
3 3 3
0 0 0
3 2 8
0 0 0
2 7 7
3 2 8
0 0 0
2 4 6
3 2 10
0 0 0
2 2 10
3 2 10
0 0 0
2 7 8
3 2 10
-999 # Checksum