# COD year: 1974 
  -1.000000    0.003646    0.021192    0.055496    0.124410    0.225408    0.370895    0.587078    0.953028    1.792055    3.037751    5.323486
  -1.000000    0.003646    0.023486    0.056288    0.120703    0.226669    0.372663    0.586220    0.954447    1.789238    3.035550    5.322868
  -1.000000    0.003646    0.024494    0.057601    0.120210    0.226275    0.375897    0.586562    0.952993    1.790661    3.034429    5.323581
  -1.000000    0.003646    0.016790    0.058331    0.123170    0.225685    0.376640    0.587708    0.953421    1.793590    3.034000    5.324511
# COD year: 1975 
  -1.000000    0.003646    0.021121    0.055141    0.124822    0.226336    0.375711    0.588322    0.957227    1.793596    3.033307    5.320477
  -1.000000    0.003646    0.023457    0.056163    0.119894    0.227167    0.376495    0.588243    0.962290    1.792487    3.032745    5.312602
  -1.000000    0.003646    0.024391    0.057548    0.119524    0.226262    0.378429    0.588516    0.966515    1.795400    3.033479    5.308208
  -1.000000    0.003646    0.016179    0.058200    0.122790    0.225418    0.377795    0.589217    0.970350    1.801216    3.035014    5.306531
# COD year: 1976 
  -1.000000    0.003646    0.021009    0.054345    0.123688    0.226107    0.375651    0.589286    0.974089    1.806306    3.036586    5.302564
  -1.000000    0.003646    0.023410    0.055933    0.116664    0.226768    0.375925    0.588597    0.976337    1.810353    3.039173    5.297103
  -1.000000    0.003646    0.024257    0.057452    0.117722    0.224873    0.377241    0.588500    0.976585    1.815886    3.044366    5.297677
  -1.000000    0.003646    0.015854    0.058018    0.121911    0.224140    0.374450    0.588934    0.976855    1.822111    3.051237    5.304962
# COD year: 1977 
  -1.000000    0.003646    0.020954    0.053834    0.122077    0.225374    0.371458    0.588269    0.977130    1.825913    3.057879    5.314578
  -1.000000    0.003646    0.023388    0.055812    0.114037    0.226034    0.372800    0.586910    0.974342    1.827341    3.064105    5.327457
  -1.000000    0.003646    0.024439    0.057404    0.116619    0.223365    0.374252    0.586892    0.968325    1.829185    3.070624    5.348073
  -1.000000    0.003646    0.016763    0.058217    0.121418    0.223163    0.369724    0.587401    0.964446    1.830450    3.076923    5.375091
# COD year: 1978 
  -1.000000    0.003646    0.021114    0.055053    0.123772    0.224910    0.367425    0.586197    0.962947    1.828069    3.081868    5.404755
  -1.000000    0.003646    0.023454    0.056139    0.119113    0.226320    0.370499    0.584800    0.957204    1.823181    3.085092    5.436230
  -1.000000    0.003646    0.024511    0.057537    0.119164    0.225595    0.374320    0.585395    0.947988    1.819186    3.086821    5.471051
  -1.000000    0.003646    0.017289    0.058334    0.122621    0.225001    0.374575    0.586819    0.944806    1.814000    3.086853    5.507518
# COD year: 1979 
  -1.000000    0.003646    0.021219    0.055647    0.124865    0.225920    0.373479    0.587422    0.948709    1.804483    3.084316    5.541962
  -1.000000    0.003646    0.023498    0.056346    0.121382    0.227013    0.374840    0.587266    0.954161    1.795070    3.078728    5.572156
  -1.000000    0.003646    0.024386    0.057627    0.120662    0.226652    0.377485    0.587635    0.957644    1.792240    3.070692    5.599028
  -1.000000    0.003646    0.016075    0.058216    0.123419    0.226026    0.378127    0.588592    0.961303    1.794710    3.061901    5.620707
# COD year: 1980 
  -1.000000    0.003646    0.020992    0.054216    0.123869    0.226577    0.377216    0.589156    0.966570    1.797949    3.053773    5.631868
  -1.000000    0.003646    0.023404    0.055901    0.116290    0.227048    0.377675    0.589069    0.971756    1.800981    3.047852    5.628067
  -1.000000    0.003646    0.024420    0.057439    0.117504    0.224837    0.378492    0.589180    0.975432    1.805979    3.045816    5.614477
  -1.000000    0.003646    0.016505    0.058204    0.121801    0.224017    0.374883    0.589526    0.978512    1.812765    3.047144    5.595796
# COD year: 1981 
  -1.000000    0.003646    0.021067    0.054754    0.123676    0.225295    0.371293    0.588636    0.980626    1.818650    3.050012    5.571520
  -1.000000    0.003646    0.023434    0.056046    0.118087    0.226431    0.372539    0.586952    0.977979    1.822998    3.054098    5.544044
  -1.000000    0.003646    0.024489    0.057498    0.118512    0.225266    0.375237    0.586785    0.970333    1.827388    3.060144    5.524454
  -1.000000    0.003646    0.017101    0.058300    0.122292    0.224611    0.374319    0.587638    0.964908    1.830404    3.067367    5.514979
# COD year: 1982 
  -1.000000    0.003646    0.021180    0.055444    0.124543    0.225660    0.372446    0.587657    0.963516    1.828137    3.073718    5.511164
  -1.000000    0.003646    0.023481    0.056270    0.120640    0.226813    0.373831    0.586995    0.963086    1.822010    3.078304    5.512813
  -1.000000    0.003646    0.024523    0.057593    0.120130    0.226326    0.376657    0.587234    0.961626    1.818194    3.081170    5.524721
  -1.000000    0.003646    0.017239    0.058363    0.123122    0.225676    0.377085    0.588191    0.961618    1.816496    3.081781    5.543152
# COD year: 1983 
  -1.000000    0.003646    0.021209    0.055617    0.125132    0.226335    0.375982    0.588688    0.964647    1.813943    3.080039    5.563405
  -1.000000    0.003646    0.023493    0.056330    0.121420    0.227246    0.376632    0.588488    0.968322    1.810750    3.076470    5.580570
  -1.000000    0.003646    0.024497    0.057620    0.120621    0.226770    0.378662    0.588636    0.970906    1.810910    3.073135    5.597021
  -1.000000    0.003646    0.016771    0.058341    0.123391    0.226067    0.378930    0.589352    0.973710    1.814500    3.071053    5.612754
# COD year: 1984 
  -1.000000    0.003646    0.021117    0.055121    0.124917    0.226541    0.377446    0.589620    0.976310    1.816859    3.068249    5.621097
  -1.000000    0.003646    0.023455    0.056155    0.119850    0.227260    0.377515    0.589227    0.978511    1.818057    3.065968    5.619619
  -1.000000    0.003646    0.024446    0.057544    0.119473    0.226286    0.379046    0.589223    0.980389    1.821744    3.067003    5.619024
  -1.000000    0.003646    0.016496    0.058262    0.122763    0.225411    0.378167    0.589717    0.982032    1.826845    3.069885    5.619110
# COD year: 1985 
  -1.000000    0.003646    0.021065    0.054767    0.124215    0.226078    0.375690    0.589571    0.982892    1.829952    3.072392    5.615991
  -1.000000    0.003646    0.023433    0.056047    0.118362    0.226875    0.375772    0.588659    0.982189    1.831016    3.074790    5.608873
  -1.000000    0.003646    0.024367    0.057498    0.118604    0.225569    0.377436    0.588451    0.980188    1.833472    3.078877    5.609241
  -1.000000    0.003646    0.016128    0.058157    0.122325    0.224757    0.375916    0.588929    0.978456    1.836456    3.083638    5.615885
# COD year: 1986 
  -1.000000    0.003646    0.021000    0.054255    0.123248    0.225676    0.373134    0.588526    0.976289    1.835654    3.086680    5.623459
  -1.000000    0.003646    0.023406    0.055909    0.116098    0.226441    0.373813    0.587347    0.972672    1.831432    3.088119    5.628797
  -1.000000    0.003646    0.024480    0.057442    0.117466    0.224466    0.375585    0.587299    0.968264    1.829573    3.090172    5.642598
  -1.000000    0.003646    0.017204    0.058275    0.121788    0.223870    0.372706    0.587910    0.965726    1.828849    3.091906    5.661687
# COD year: 1987 
  -1.000000    0.003646    0.021199    0.055521    0.124291    0.225204    0.369755    0.587100    0.963571    1.823405    3.090502    5.679788
  -1.000000    0.003646    0.023488    0.056294    0.120657    0.226528    0.371565    0.585613    0.958269    1.814554    3.086120    5.690255
  -1.000000    0.003646    0.024526    0.057602    0.120187    0.226179    0.375127    0.585933    0.951376    1.810404    3.082470    5.704695
  -1.000000    0.003646    0.017234    0.058367    0.123155    0.225625    0.376079    0.587232    0.949070    1.807548    3.078768    5.719556
# COD year: 1988 
  -1.000000    0.003646    0.021206    0.055602    0.125099    0.226266    0.375133    0.587888    0.951206    1.799003    3.071742    5.725715
  -1.000000    0.003646    0.023491    0.056319    0.121284    0.227161    0.375851    0.587749    0.955532    1.788769    3.061609    5.718352
  -1.000000    0.003646    0.024473    0.057613    0.120507    0.226668    0.378075    0.588046    0.959734    1.787152    3.052226    5.708737
  -1.000000    0.003646    0.016563    0.058311    0.123311    0.225955    0.378359    0.588886    0.963940    1.791429    3.044197    5.694336
# COD year: 1989 
  -1.000000    0.003646    0.021078    0.054869    0.124637    0.226458    0.376890    0.589229    0.968212    1.795413    3.036726    5.665054
  -1.000000    0.003646    0.023438    0.056073    0.118843    0.227116    0.376880    0.588775    0.971164    1.797876    3.031268    5.614861
  -1.000000    0.003646    0.024480    0.057508    0.118815    0.225817    0.378230    0.588701    0.972725    1.802604    3.031100    5.561843
  -1.000000    0.003646    0.016943    0.058292    0.122424    0.224939    0.376776    0.589230    0.974691    1.809601    3.035173    5.516555
# COD year: 1990 
  -1.000000    0.003646    0.021148    0.055274    0.124464    0.225771    0.373874    0.588885    0.975493    1.813718    3.039129    5.469211
  -1.000000    0.003646    0.023466    0.056203    0.120014    0.226780    0.374161    0.587625    0.973220    1.814413    3.042615    5.421328
  -1.000000    0.003646    0.024318    0.057562    0.119642    0.226068    0.376520    0.587419    0.968800    1.816467    3.047840    5.392115
  -1.000000    0.003646    0.015925    0.058117    0.122839    0.225350    0.376402    0.588173    0.965811    1.818916    3.053701    5.378731
# COD year: 1991 
  -1.000000    0.003646    0.020917    0.053958    0.122938    0.225972    0.374512    0.588266    0.963665    1.815514    3.056357    5.368102
  -1.000000    0.003646    0.023221    0.055630    0.115152    0.226493    0.374480    0.587548    0.961835    1.806874    3.055432    5.354237
  -1.000000    0.003646    0.024254    0.057166    0.115998    0.224366    0.375727    0.587395    0.961121    1.802540    3.054624    5.351727
  -1.000000    0.003646    0.016485    0.057964    0.120234    0.223157    0.372850    0.587889    0.961450    1.803106    3.054078    5.357550
# COD year: 1992 
  -1.000000    0.003646    0.021079    0.054649    0.122285    0.224388    0.368426    0.587301    0.962240    1.803198    3.051594    5.363098
  -1.000000    0.003646    0.023474    0.056071    0.117016    0.225657    0.369539    0.585411    0.959916    1.802238    3.048510    5.366048
  -1.000000    0.003646    0.024517    0.057545    0.118317    0.224463    0.372425    0.585226    0.951756    1.803101    3.047677    5.369774
  -1.000000    0.003646    0.017006    0.058334    0.122402    0.224252    0.371332    0.586163    0.945932    1.803569    3.048516    5.374380
# COD year: 1993 
  -1.000000    0.003646    0.021196    0.055343    0.124688    0.225662    0.370590    0.586148    0.945973    1.798667    3.049001    5.375536
  -1.000000    0.003646    0.023598    0.056366    0.120162    0.226902    0.373543    0.585926    0.947200    1.791990    3.048852    5.376876
  -1.000000    0.003646    0.024577    0.057743    0.120353    0.226097    0.376795    0.586829    0.947397    1.788525    3.046455    5.379735
  -1.000000    0.003646    0.016629    0.058443    0.123767    0.225661    0.376613    0.588120    0.951531    1.787339    3.041857    5.381982
# COD year: 1994 
  -1.000000    0.003860    0.021434    0.054702    0.122300    0.218270    0.357692    0.554681    0.893314    1.641051    2.755868    4.815563
  -1.000000    0.003860    0.023816    0.055858    0.116773    0.219046    0.358946    0.554476    0.898232    1.641421    2.749949    4.802134
  -1.000000    0.003860    0.024797    0.057246    0.116751    0.217891    0.360874    0.554866    0.901463    1.646714    2.747233    4.788504
  -1.000000    0.003860    0.016861    0.057942    0.120121    0.217117    0.359758    0.555608    0.905153    1.653821    2.747868    4.774464
# COD year: 1995 
  -1.000000    0.003860    0.021406    0.054526    0.121574    0.217911    0.357668    0.555581    0.909308    1.659369    2.750292    4.755563
  -1.000000    0.003860    0.023777    0.055778    0.115950    0.218706    0.358266    0.554919    0.911823    1.663977    2.754395    4.736191
  -1.000000    0.003860    0.024804    0.057185    0.116197    0.217480    0.359929    0.554877    0.911872    1.669645    2.760374    4.724818
  -1.000000    0.003860    0.017238    0.057936    0.119695    0.216707    0.358401    0.555296    0.910900    1.674688    2.766694    4.719613
# COD year: 1996 
  -1.000000    0.003860    0.021431    0.054964    0.121553    0.217516    0.355988    0.554980    0.909844    1.676298    2.771590    4.714984
  -1.000000    0.003860    0.023638    0.055747    0.117659    0.218445    0.356305    0.554047    0.907824    1.675236    2.775364    4.712388
  -1.000000    0.003860    0.024541    0.057017    0.116604    0.218041    0.358329    0.553762    0.904426    1.674695    2.779162    4.716822
  -1.000000    0.003860    0.016425    0.057619    0.119141    0.217146    0.358734    0.554237    0.900762    1.674370    2.782276    4.725949
# COD year: 1997 
  -1.000000    0.003558    0.020096    0.051541    0.115676    0.212000    0.350685    0.547757    0.893610    1.676652    2.811700    4.818543
  -1.000000    0.003558    0.022251    0.052961    0.109508    0.212499    0.350176    0.547449    0.893302    1.671270    2.811016    4.824825
  -1.000000    0.003558    0.023252    0.054364    0.109908    0.210969    0.350839    0.547138    0.893432    1.666644    2.809656    4.832404
  -1.000000    0.003558    0.016073    0.055133    0.113546    0.209840    0.348625    0.547199    0.892548    1.664061    2.807268    4.840160
# COD year: 1998 
  -1.000000    0.003558    0.020228    0.052273    0.115575    0.210726    0.345041    0.546717    0.891215    1.662070    2.802978    4.844419
  -1.000000    0.003558    0.022363    0.053260    0.111787    0.211884    0.345270    0.545326    0.888541    1.660138    2.798120    4.844902
  -1.000000    0.003558    0.023333    0.054548    0.111723    0.211405    0.347669    0.544740    0.881907    1.658305    2.793914    4.842144
  -1.000000    0.003558    0.016032    0.055262    0.114767    0.210784    0.347918    0.545241    0.873871    1.655255    2.789821    4.834823
# COD year: 1999 
  -1.000000    0.003558    0.020245    0.052267    0.116428    0.211516    0.346606    0.545515    0.868870    1.646629    2.783431    4.817737
  -1.000000    0.003558    0.022455    0.053351    0.111913    0.212440    0.347518    0.545163    0.868119    1.633638    2.775280    4.793653
  -1.000000    0.003558    0.023439    0.054674    0.112119    0.211605    0.349751    0.545422    0.868877    1.625832    2.767160    4.771514
  -1.000000    0.003558    0.016271    0.055404    0.115412    0.211033    0.349343    0.546282    0.871264    1.624451    2.758945    4.751534
# COD year: 2000 
  -1.000000    0.003493    0.019815    0.051312    0.114190    0.206045    0.337915    0.530354    0.847653    1.571038    2.657116    4.559651
  -1.000000    0.003493    0.021891    0.052076    0.110547    0.206950    0.338596    0.529824    0.849405    1.569052    2.646047    4.518888
  -1.000000    0.003493    0.022793    0.053278    0.109795    0.206542    0.340737    0.529866    0.849692    1.570606    2.639591    4.477340
  -1.000000    0.003493    0.015423    0.053914    0.112330    0.205798    0.341176    0.530563    0.850117    1.574075    2.636689    4.436851
# COD year: 2001 
  -1.000000    0.003493    0.019734    0.050707    0.113400    0.206212    0.339872    0.530985    0.851999    1.575823    2.634994    4.393711
  -1.000000    0.003493    0.021889    0.051919    0.108158    0.206809    0.339726    0.530667    0.854193    1.575159    2.633966    4.351239
  -1.000000    0.003493    0.022878    0.053243    0.108434    0.205617    0.340791    0.530508    0.855507    1.576103    2.634531    4.319421
  -1.000000    0.003493    0.016192    0.053995    0.111799    0.204859    0.339406    0.530883    0.856718    1.580156    2.636865    4.300839
# COD year: 2002 
  -1.000000    0.003493    0.019875    0.051566    0.113910    0.205693    0.337168    0.530692    0.857843    1.583412    2.638851    4.287032
  -1.000000    0.003493    0.021919    0.052185    0.111117    0.206727    0.337736    0.529870    0.857702    1.585350    2.641162    4.277159
  -1.000000    0.003493    0.022819    0.053327    0.110397    0.206602    0.340018    0.529692    0.855418    1.587602    2.644709    4.273011
  -1.000000    0.003493    0.015506    0.053955    0.112694    0.206068    0.340976    0.530303    0.853084    1.589737    2.648671    4.273254
# COD year: 2003 
  -1.000000    0.003469    0.019562    0.050399    0.112687    0.204443    0.336983    0.525388    0.843333    1.571433    2.621132    4.223429
  -1.000000    0.003469    0.021612    0.051402    0.108143    0.205034    0.337184    0.525443    0.844988    1.568693    2.622320    4.223091
  -1.000000    0.003469    0.022482    0.052653    0.107559    0.204275    0.338369    0.525551    0.847821    1.567667    2.623750    4.225833
  -1.000000    0.003469    0.015099    0.053266    0.110302    0.203261    0.337792    0.525879    0.849857    1.567948    2.623974    4.228927
# COD year: 2004 
  -1.000000    0.003469    0.019535    0.049960    0.111117    0.203651    0.335407    0.525894    0.851298    1.568432    2.622280    4.229997
  -1.000000    0.003469    0.021678    0.051368    0.105631    0.204257    0.334838    0.525188    0.852024    1.569190    2.620134    4.229125
  -1.000000    0.003469    0.022649    0.052719    0.106637    0.202853    0.335688    0.524729    0.851049    1.571301    2.619876    4.228378
  -1.000000    0.003469    0.015838    0.053459    0.110275    0.202261    0.333634    0.524817    0.848730    1.573897    2.621062    4.227607
# COD year: 2005 
  -1.000000    0.003469    0.019675    0.050873    0.112345    0.203316    0.331398    0.524295    0.846202    1.574514    2.621928    4.224104
  -1.000000    0.003469    0.021738    0.051659    0.109143    0.204443    0.332673    0.523370    0.843408    1.573966    2.623484    4.220865
  -1.000000    0.003469    0.022630    0.052843    0.108795    0.204188    0.335349    0.523384    0.839184    1.573527    2.625785    4.220131
  -1.000000    0.003469    0.015353    0.053470    0.111366    0.203663    0.336084    0.524108    0.835049    1.571121    2.626708    4.219276
# COD year: 2006 
  -1.000000    0.003583    0.019789    0.050536    0.111824    0.201742    0.329648    0.513188    0.811465    1.513107    2.523345    4.030380
  -1.000000    0.003583    0.021776    0.051458    0.107608    0.202364    0.329865    0.513155    0.812374    1.506020    2.519571    4.022407
  -1.000000    0.003583    0.022736    0.052664    0.106679    0.201831    0.331150    0.513215    0.814449    1.501655    2.515803    4.015778
  -1.000000    0.003583    0.015937    0.053374    0.109088    0.200832    0.331245    0.513613    0.816632    1.500626    2.512058    4.009873
# COD year: 2007 
  -1.000000    0.003583    0.019872    0.050821    0.110635    0.200975    0.329387    0.513833    0.818106    1.499693    2.506040    4.000480
  -1.000000    0.003583    0.021841    0.051608    0.107663    0.201642    0.328305    0.513431    0.819163    1.498854    2.499134    3.987695
  -1.000000    0.003583    0.022795    0.052761    0.107191    0.201385    0.329119    0.512974    0.819938    1.499947    2.494920    3.975266
  -1.000000    0.003583    0.016074    0.053458    0.109580    0.200806    0.329420    0.513030    0.819980    1.502792    2.493615    3.964316
# COD year: 2008 
  -1.000000    0.003583    0.019927    0.050990    0.111214    0.201186    0.328434    0.513123    0.818867    1.504768    2.492388    3.951815
  -1.000000    0.003583    0.021957    0.051769    0.108244    0.201941    0.328447    0.512838    0.817438    1.505123    2.491319    3.938757
  -1.000000    0.003583    0.022879    0.052926    0.107949    0.201645    0.329858    0.512735    0.816579    1.505298    2.491773    3.928731
  -1.000000    0.003583    0.015834    0.053581    0.110437    0.201162    0.330238    0.513127    0.816553    1.506116    2.493409    3.922297
# COD year: 2009 
  -1.000000    0.003342    0.018741    0.048188    0.106573    0.192916    0.316253    0.494122    0.788460    1.458933    2.424257    3.817100
  -1.000000    0.003342    0.020674    0.049012    0.103059    0.193567    0.316498    0.493987    0.788772    1.456945    2.422938    3.809110
  -1.000000    0.003342    0.021581    0.050143    0.102533    0.193121    0.317780    0.494008    0.789545    1.456098    2.421983    3.803152
  -1.000000    0.003342    0.015176    0.050807    0.104902    0.192432    0.317863    0.494379    0.790573    1.456531    2.421365    3.798548
# COD year: 2010 
  -1.000000    0.003342    0.018782    0.048455    0.106414    0.192744    0.316629    0.494565    0.791385    1.456138    2.419236    3.791256
  -1.000000    0.003342    0.020638    0.049064    0.103828    0.193391    0.316315    0.494324    0.792035    1.455058    2.416051    3.781411
  -1.000000    0.003342    0.021519    0.050108    0.103026    0.193260    0.317310    0.494128    0.792664    1.455058    2.413787    3.772526
  -1.000000    0.003342    0.015005    0.050735    0.104917    0.192707    0.317771    0.494265    0.792691    1.455778    2.412120    3.764349
# COD year: 2011 
  -1.000000    0.003342    0.018730    0.048264    0.106071    0.192842    0.317055    0.494413    0.791974    1.455410    2.409216    3.753667
  -1.000000    0.003342    0.020541    0.048918    0.103296    0.193310    0.316619    0.494284    0.791045    1.453785    2.405201    3.740725
  -1.000000    0.003342    0.021407    0.049961    0.102351    0.193100    0.317150    0.494118    0.790686    1.452470    2.401865    3.729002
  -1.000000    0.003342    0.014818    0.050575    0.104143    0.192437    0.317330    0.494155    0.790458    1.451696    2.399176    3.718538
# COD year: 2012 
  -1.000000    0.003539    0.019297    0.048987    0.106062    0.192692    0.314506    0.488462    0.774619    1.411364    2.316157    3.563315
  -1.000000    0.003539    0.021107    0.049747    0.103107    0.193063    0.313573    0.488183    0.772508    1.407848    2.310570    3.550434
  -1.000000    0.003539    0.022031    0.050815    0.102314    0.192788    0.313740    0.487882    0.771428    1.405474    2.305901    3.539136
  -1.000000    0.003539    0.015770    0.051489    0.104195    0.192060    0.313587    0.487702    0.769935    1.403261    2.301426    3.528869
# COD year: 2013 
  -1.000000    0.003539    0.019398    0.049351    0.105577    0.192060    0.312243    0.487528    0.767221    1.399961    2.296029    3.518592
  -1.000000    0.003539    0.021184    0.049944    0.103674    0.192585    0.311290    0.487161    0.764600    1.396516    2.290488    3.508580
  -1.000000    0.003539    0.022128    0.050940    0.103149    0.192598    0.311703    0.486757    0.762636    1.393816    2.285702    3.499764
  -1.000000    0.003539    0.016546    0.051623    0.104902    0.192226    0.312118    0.486604    0.760392    1.391359    2.281294    3.491988
# COD year: 2014 
  -1.000000    0.003539    0.019604    0.050043    0.106566    0.192397    0.311707    0.486593    0.757390    1.387989    2.276499    3.484716
  -1.000000    0.003539    0.021352    0.050349    0.105650    0.192999    0.311604    0.486473    0.754639    1.383821    2.271436    3.478049
  -1.000000    0.003539    0.022240    0.051212    0.105195    0.193255    0.312576    0.486396    0.753078    1.380004    2.266839    3.472251
  -1.000000    0.003539    0.016104    0.051809    0.106569    0.193166    0.313622    0.486598    0.752297    1.376827    2.262681    3.467221
# COD year: 2015 
  -1.000000    0.003769    0.020381    0.051588    0.110639    0.197413    0.318956    0.492323    0.756444    1.373157    2.246257    3.428757
  -1.000000    0.003769    0.022262    0.052003    0.108760    0.197850    0.319345    0.492555    0.756426    1.369119    2.240753    3.423323
  -1.000000    0.003769    0.023211    0.052961    0.107867    0.197835    0.320265    0.492795    0.757752    1.366483    2.236018    3.418503
  -1.000000    0.003769    0.017064    0.053610    0.109281    0.197456    0.320900    0.493154    0.759843    1.365392    2.232215    3.414286
# COD year: 2016 
  -1.000000    0.003769    0.020413    0.051747    0.110541    0.197482    0.320671    0.493444    0.761445    1.364057    2.227673    3.408973
  -1.000000    0.003769    0.022211    0.052039    0.109151    0.197831    0.320410    0.493529    0.762680    1.362559    2.222741    3.402899
  -1.000000    0.003769    0.023063    0.052914    0.108212    0.197907    0.320779    0.493544    0.764124    1.362015    2.218940    3.397829
  -1.000000    0.003769    0.016003    0.053447    0.109272    0.197626    0.321241    0.493641    0.765518    1.362274    2.216221    3.393759
# COD year: 2017 
  -1.000000    0.003769    0.020163    0.050680    0.109603    0.197571    0.321096    0.493743    0.766039    1.361941    2.213231    3.389518
  -1.000000    0.003769    0.022046    0.051506    0.106169    0.197722    0.320771    0.493747    0.765998    1.360955    2.209980    3.385206
  -1.000000    0.003769    0.023017    0.052600    0.105217    0.197231    0.320778    0.493712    0.766226    1.360236    2.207411    3.381743
  -1.000000    0.003769    0.016895    0.053306    0.107035    0.196348    0.320277    0.493702    0.766497    1.359680    2.205313    3.378925
# COD year: 2018 
  -1.000000    0.003621    0.020051    0.051253    0.109284    0.199123    0.325591    0.507326    0.792480    1.416184    2.311449    3.563149
  -1.000000    0.003621    0.021829    0.051692    0.107997    0.199548    0.324091    0.506935    0.791613    1.414642    2.308722    3.560073
  -1.000000    0.003621    0.022792    0.052616    0.107465    0.199668    0.323849    0.506377    0.790361    1.413255    2.306238    3.557297
  -1.000000    0.003621    0.017634    0.053293    0.108900    0.199451    0.324047    0.505978    0.788493    1.412058    2.303988    3.554750
# COD year: 2019 
  -1.000000    0.003621    0.020348    0.052056    0.110491    0.199584    0.323881    0.505785    0.785953    1.410893    2.302103    3.552618
  -1.000000    0.003621    0.022040    0.052214    0.110183    0.200085    0.323851    0.505607    0.783068    1.409365    2.300495    3.550860
  -1.000000    0.003621    0.022833    0.052963    0.109894    0.200428    0.324594    0.505503    0.780803    1.407525    2.298946    3.549217
  -1.000000    0.003621    0.015676    0.053429    0.110975    0.200520    0.325666    0.505663    0.779850    1.405894    2.297482    3.547683
# COD year: 2020 
  -1.000000    0.003621    0.019870    0.050536    0.111241    0.200751    0.326479    0.505990    0.779614    1.404295    2.296057    3.546399
  -1.000000    0.003621    0.021828    0.051436    0.107385    0.201048    0.327259    0.506352    0.780268    1.402852    2.294670    3.545298
  -1.000000    0.003621    0.022828    0.052575    0.106520    0.200502    0.328081    0.506709    0.781674    1.401671    2.293258    3.544226
  -1.000000    0.003621    0.017544    0.053319    0.108545    0.199629    0.327959    0.507083    0.783622    1.400972    2.291970    3.543218
# COD year: 2021 
  -1.000000    0.003621    0.020325    0.052010    0.110488    0.199632    0.326685    0.507337    0.786008    1.400977    2.291112    3.542554
  -1.000000    0.003621    0.022077    0.052209    0.110120    0.200200    0.325842    0.507275    0.788441    1.401644    2.290808    3.542330
  -1.000000    0.003621    0.022839    0.053003    0.109870    0.200539    0.326191    0.507040    0.790114    1.402717    2.290911    3.542449
  -1.000000    0.003621    0.015472    0.053443    0.111099    0.200597    0.326940    0.506962    0.790834    1.404056    2.291411    3.542951
# HER year: 1974 
   0.000000    0.013725    0.030000    0.048000    0.060000    0.065000    0.066000    0.072000    0.101100   -1.000000   -1.000000   -1.000000
   0.000000    0.020000    0.035000    0.047000    0.054000    0.059000    0.051000    0.057000    0.077150   -1.000000   -1.000000   -1.000000
   0.010226    0.035000    0.045000    0.049000    0.052000    0.063000    0.068000    0.068000    0.091780   -1.000000   -1.000000   -1.000000
   0.010376    0.032390    0.040000    0.052000    0.059000    0.061000    0.060000    0.068000    0.087700   -1.000000   -1.000000   -1.000000
# HER year: 1975 
   0.000000    0.013623    0.030000    0.048000    0.060000    0.065000    0.066000    0.072000    0.101170   -1.000000   -1.000000   -1.000000
   0.000000    0.020000    0.035000    0.047000    0.054000    0.059000    0.051000    0.057000    0.076940   -1.000000   -1.000000   -1.000000
   0.009874    0.035000    0.045000    0.049000    0.052000    0.063000    0.068000    0.068000    0.091690   -1.000000   -1.000000   -1.000000
   0.010312    0.031375    0.040000    0.052000    0.059000    0.061000    0.060000    0.068000    0.086500   -1.000000   -1.000000   -1.000000
# HER year: 1976 
   0.000000    0.013511    0.030000    0.048000    0.060000    0.065000    0.066000    0.072000    0.099970   -1.000000   -1.000000   -1.000000
   0.000000    0.020000    0.035000    0.047000    0.054000    0.059000    0.051000    0.057000    0.077680   -1.000000   -1.000000   -1.000000
   0.009538    0.035000    0.045000    0.049000    0.052000    0.063000    0.068000    0.068000    0.094320   -1.000000   -1.000000   -1.000000
   0.010242    0.030386    0.040000    0.052000    0.059000    0.061000    0.060000    0.068000    0.089760   -1.000000   -1.000000   -1.000000
# HER year: 1977 
   0.000000    0.013386    0.030000    0.048000    0.060000    0.065000    0.066000    0.072000    0.100810   -1.000000   -1.000000   -1.000000
   0.000000    0.020000    0.035000    0.047000    0.054000    0.059000    0.051000    0.057000    0.077550   -1.000000   -1.000000   -1.000000
   0.009219    0.035000    0.045000    0.049000    0.052000    0.063000    0.068000    0.068000    0.093080   -1.000000   -1.000000   -1.000000
   0.010163    0.029421    0.040000    0.052000    0.059000    0.061000    0.060000    0.068000    0.088890   -1.000000   -1.000000   -1.000000
# HER year: 1978 
   0.000000    0.013245    0.033000    0.048000    0.060000    0.071000    0.073000    0.080000    0.091330   -1.000000   -1.000000   -1.000000
   0.000000    0.020000    0.045000    0.047000    0.052000    0.055000    0.058000    0.065000    0.072680   -1.000000   -1.000000   -1.000000
   0.008917    0.035000    0.063000    0.061000    0.057000    0.057000    0.075000    0.075000    0.094020   -1.000000   -1.000000   -1.000000
   0.010075    0.028481    0.047000    0.050000    0.055000    0.060000    0.065000    0.071000    0.089150   -1.000000   -1.000000   -1.000000
# HER year: 1979 
   0.000000    0.013086    0.043000    0.059000    0.069000    0.076000    0.076000    0.100000    0.139800   -1.000000   -1.000000   -1.000000
   0.000000    0.020000    0.052000    0.064000    0.056000    0.058000    0.065000    0.072000    0.082500   -1.000000   -1.000000   -1.000000
   0.008635    0.033995    0.067000    0.070000    0.067000    0.071000    0.078000    0.082000    0.108300   -1.000000   -1.000000   -1.000000
   0.009978    0.027563    0.056000    0.068000    0.073000    0.073000    0.072000    0.085000    0.109100   -1.000000   -1.000000   -1.000000
# HER year: 1980 
   0.000000    0.012908    0.041000    0.052000    0.061000    0.061000    0.075000    0.087000    0.101120   -1.000000   -1.000000   -1.000000
   0.000000    0.020000    0.033000    0.047000    0.057000    0.049000    0.064000    0.074000    0.087310   -1.000000   -1.000000   -1.000000
   0.008372    0.032362    0.052000    0.068000    0.069000    0.075000    0.083000    0.086000    0.106780   -1.000000   -1.000000   -1.000000
   0.009870    0.026664    0.039000    0.056000    0.071000    0.069000    0.080000    0.087000    0.105280   -1.000000   -1.000000   -1.000000
# HER year: 1981 
   0.000000    0.012713    0.031000    0.046000    0.059000    0.073000    0.068000    0.091000    0.105700   -1.000000   -1.000000   -1.000000
   0.000000    0.020000    0.029000    0.044000    0.055000    0.060000    0.058000    0.074000    0.092000   -1.000000   -1.000000   -1.000000
   0.008128    0.030792    0.061000    0.070000    0.076000    0.081000    0.085000    0.090000    0.110700   -1.000000   -1.000000   -1.000000
   0.009750    0.025784    0.041000    0.054000    0.068000    0.075000    0.079000    0.085000    0.115500   -1.000000   -1.000000   -1.000000
# HER year: 1982 
   0.000000    0.012505    0.036000    0.057000    0.075000    0.087000    0.090000    0.096000    0.112100   -1.000000   -1.000000   -1.000000
   0.000000    0.020000    0.029000    0.037000    0.048000    0.064000    0.070000    0.065000    0.101100   -1.000000   -1.000000   -1.000000
   0.007901    0.029288    0.057000    0.063000    0.073000    0.075000    0.086000    0.086000    0.115400   -1.000000   -1.000000   -1.000000
   0.009622    0.024927    0.044000    0.049000    0.061000    0.072000    0.079000    0.085000    0.110900   -1.000000   -1.000000   -1.000000
# HER year: 1983 
   0.000000    0.012287    0.028000    0.051000    0.062000    0.075000    0.087000    0.090000    0.112090   -1.000000   -1.000000   -1.000000
   0.000000    0.020000    0.025000    0.048000    0.045000    0.059000    0.070000    0.078000    0.097180   -1.000000   -1.000000   -1.000000
   0.007688    0.027851    0.041000    0.065000    0.069000    0.075000    0.086000    0.100000    0.121780   -1.000000   -1.000000   -1.000000
   0.009486    0.024093    0.031000    0.046000    0.051000    0.063000    0.072000    0.081000    0.089880   -1.000000   -1.000000   -1.000000
# HER year: 1984 
   0.000000    0.012062    0.026000    0.040000    0.059000    0.063000    0.075000    0.089000    0.102180   -1.000000   -1.000000   -1.000000
   0.000000    0.019272    0.022000    0.035000    0.058000    0.057000    0.073000    0.080000    0.095480   -1.000000   -1.000000   -1.000000
   0.007489    0.026481    0.042000    0.058000    0.074000    0.072000    0.076000    0.094000    0.110370   -1.000000   -1.000000   -1.000000
   0.009343    0.023287    0.029000    0.044000    0.061000    0.059000    0.068000    0.079000    0.106230   -1.000000   -1.000000   -1.000000
# HER year: 1985 
   0.000000    0.011833    0.029000    0.051000    0.060000    0.074000    0.082000    0.079000    0.098950   -1.000000   -1.000000   -1.000000
   0.000000    0.018507    0.027000    0.053000    0.060000    0.075000    0.066000    0.077000    0.096770   -1.000000   -1.000000   -1.000000
   0.007301    0.025181    0.031000    0.043000    0.065000    0.074000    0.079000    0.091000    0.102880   -1.000000   -1.000000   -1.000000
   0.009195    0.022511    0.022000    0.034000    0.049000    0.061000    0.066000    0.078000    0.097530   -1.000000   -1.000000   -1.000000
# HER year: 1986 
   0.000000    0.011573    0.023000    0.029000    0.043000    0.051000    0.062000    0.069000    0.089820   -1.000000   -1.000000   -1.000000
   0.000000    0.017754    0.020000    0.029000    0.044000    0.055000    0.060000    0.074000    0.090470   -1.000000   -1.000000   -1.000000
   0.007144    0.023935    0.036000    0.045000    0.063000    0.073000    0.078000    0.082000    0.108230   -1.000000   -1.000000   -1.000000
   0.009039    0.021758    0.031000    0.035000    0.053000    0.060000    0.071000    0.077000    0.100580   -1.000000   -1.000000   -1.000000
# HER year: 1987 
   0.000000    0.011266    0.034000    0.047000    0.056000    0.069000    0.078000    0.086000    0.098770   -1.000000   -1.000000   -1.000000
   0.000000    0.017003    0.028000    0.038000    0.042000    0.055000    0.061000    0.068000    0.090710   -1.000000   -1.000000   -1.000000
   0.007030    0.022740    0.041000    0.048000    0.051000    0.066000    0.075000    0.078000    0.093900   -1.000000   -1.000000   -1.000000
   0.008871    0.021025    0.035000    0.037000    0.041000    0.053000    0.062000    0.069000    0.093070   -1.000000   -1.000000   -1.000000
# HER year: 1988 
   0.000000    0.010933    0.022000    0.039000    0.038000    0.049000    0.058000    0.069000    0.088190   -1.000000   -1.000000   -1.000000
   0.000000    0.016269    0.019000    0.041000    0.048000    0.047000    0.061000    0.066000    0.089590   -1.000000   -1.000000   -1.000000
   0.006944    0.021606    0.040000    0.061000    0.066000    0.066000    0.083000    0.089000    0.104940   -1.000000   -1.000000   -1.000000
   0.008694    0.020317    0.029000    0.040000    0.048000    0.055000    0.063000    0.074000    0.092400   -1.000000   -1.000000   -1.000000
# HER year: 1989 
   0.000000    0.010595    0.024000    0.025000    0.034000    0.045000    0.050000    0.060000    0.082490   -1.000000   -1.000000   -1.000000
   0.000000    0.015570    0.028000    0.031000    0.050000    0.054000    0.057000    0.071000    0.081240   -1.000000   -1.000000   -1.000000
   0.006868    0.020544    0.045000    0.041000    0.053000    0.061000    0.074000    0.088000    0.098840   -1.000000   -1.000000   -1.000000
   0.008512    0.019639    0.036000    0.033000    0.047000    0.059000    0.062000    0.074000    0.094000   -1.000000   -1.000000   -1.000000
# HER year: 1990 
   0.000000    0.010275    0.026000    0.035000    0.034000    0.052000    0.066000    0.069000    0.086750   -1.000000   -1.000000   -1.000000
   0.000000    0.014920    0.028000    0.042000    0.040000    0.062000    0.067000    0.065000    0.077070   -1.000000   -1.000000   -1.000000
   0.006787    0.019566    0.044000    0.051000    0.046000    0.054000    0.058000    0.065000    0.074460   -1.000000   -1.000000   -1.000000
   0.008327    0.018996    0.036000    0.043000    0.036000    0.054000    0.055000    0.068000    0.068900   -1.000000   -1.000000   -1.000000
# HER year: 1991 
   0.000000    0.009992    0.020000    0.031000    0.040000    0.034000    0.054000    0.048000    0.060800   -1.000000   -1.000000   -1.000000
   0.000000    0.014338    0.019000    0.029000    0.042000    0.034000    0.050000    0.048000    0.055730   -1.000000   -1.000000   -1.000000
   0.006685    0.018683    0.028000    0.042000    0.056000    0.045000    0.063000    0.064000    0.081930   -1.000000   -1.000000   -1.000000
   0.008141    0.018395    0.025000    0.035000    0.046000    0.037000    0.053000    0.045000    0.064140   -1.000000   -1.000000   -1.000000
# HER year: 1992 
   0.000000    0.009734    0.017000    0.024000    0.040000    0.053000    0.040000    0.063000    0.062320   -1.000000   -1.000000   -1.000000
   0.000000    0.013809    0.018000    0.026000    0.038000    0.046000    0.042000    0.061000    0.061000   -1.000000   -1.000000   -1.000000
   0.006557    0.017885    0.033000    0.039000    0.052000    0.058000    0.047000    0.066000    0.077890   -1.000000   -1.000000   -1.000000
   0.007933    0.017807    0.024000    0.033000    0.048000    0.061000    0.049000    0.056000    0.063100   -1.000000   -1.000000   -1.000000
# HER year: 1993 
   0.000000    0.009478    0.018000    0.027000    0.030000    0.039000    0.047000    0.037000    0.051020   -1.000000   -1.000000   -1.000000
   0.000000    0.013318    0.019000    0.028000    0.032000    0.040000    0.045000    0.043000    0.060260   -1.000000   -1.000000   -1.000000
   0.006414    0.017157    0.025000    0.034000    0.041000    0.047000    0.052000    0.049000    0.066450   -1.000000   -1.000000   -1.000000
   0.007688    0.017213    0.020000    0.029000    0.037000    0.044000    0.054000    0.052000    0.074820   -1.000000   -1.000000   -1.000000
# HER year: 1994 
   0.000000    0.009230    0.017000    0.024000    0.036000    0.044000    0.057000    0.066000    0.066340   -1.000000   -1.000000   -1.000000
   0.000000    0.012869    0.018000    0.023000    0.031000    0.037000    0.046000    0.057000    0.054720   -1.000000   -1.000000   -1.000000
   0.006264    0.016507    0.024000    0.033000    0.039000    0.042000    0.046000    0.057000    0.062940   -1.000000   -1.000000   -1.000000
   0.007427    0.016633    0.022000    0.027000    0.037000    0.037000    0.043000    0.057000    0.057140   -1.000000   -1.000000   -1.000000
# HER year: 1995 
   0.000000    0.008997    0.017000    0.020000    0.027000    0.031000    0.034000    0.042000    0.041570   -1.000000   -1.000000   -1.000000
   0.000000    0.012470    0.018000    0.024000    0.028000    0.033000    0.036000    0.043000    0.050630   -1.000000   -1.000000   -1.000000
   0.006114    0.015942    0.023000    0.028000    0.035000    0.039000    0.041000    0.051000    0.056820   -1.000000   -1.000000   -1.000000
   0.007169    0.016089    0.021000    0.027000    0.032000    0.039000    0.042000    0.049000    0.050560   -1.000000   -1.000000   -1.000000
# HER year: 1996 
   0.000000    0.008786    0.019000    0.024000    0.027000    0.032000    0.036000    0.038000    0.047400   -1.000000   -1.000000   -1.000000
   0.000000    0.012127    0.014000    0.020000    0.024000    0.027000    0.031000    0.035000    0.044970   -1.000000   -1.000000   -1.000000
   0.005974    0.015469    0.017000    0.024000    0.027000    0.031000    0.037000    0.039000    0.048610   -1.000000   -1.000000   -1.000000
   0.006932    0.015602    0.016000    0.022000    0.027000    0.029000    0.033000    0.038000    0.051340   -1.000000   -1.000000   -1.000000
# HER year: 1997 
   0.000000    0.008603    0.012000    0.018000    0.021000    0.028000    0.028000    0.031000    0.037360   -1.000000   -1.000000   -1.000000
   0.000000    0.011848    0.012000    0.018000    0.026000    0.028000    0.033000    0.039000    0.041380   -1.000000   -1.000000   -1.000000
   0.005850    0.015093    0.019000    0.022000    0.025000    0.030000    0.034000    0.039000    0.045000   -1.000000   -1.000000   -1.000000
   0.006736    0.015191    0.018000    0.021000    0.024000    0.026000    0.030000    0.030000    0.030420   -1.000000   -1.000000   -1.000000
# HER year: 1998 
   0.000000    0.008471    0.016300    0.019400    0.026400    0.032200    0.032500    0.033000    0.034700   -1.000000   -1.000000   -1.000000
   0.000000    0.011658    0.014800    0.019800    0.026600    0.030000    0.036100    0.037800    0.043800   -1.000000   -1.000000   -1.000000
   0.005732    0.014845    0.016900    0.020900    0.026600    0.030100    0.034700    0.039300    0.052300   -1.000000   -1.000000   -1.000000
   0.006575    0.014867    0.018800    0.021700    0.025700    0.029200    0.033500    0.032600    0.050300   -1.000000   -1.000000   -1.000000
# HER year: 1999 
   0.000000    0.008393    0.013400    0.020500    0.023000    0.026400    0.032400    0.033100    0.038110   -1.000000   -1.000000   -1.000000
   0.000000    0.011563    0.013900    0.020900    0.024100    0.027800    0.032700    0.035900    0.042360   -1.000000   -1.000000   -1.000000
   0.005607    0.014732    0.021500    0.023200    0.028000    0.033700    0.037600    0.038200    0.045470   -1.000000   -1.000000   -1.000000
   0.006430    0.014620    0.020900    0.023600    0.025500    0.030700    0.036200    0.038000    0.055540   -1.000000   -1.000000   -1.000000
# HER year: 2000 
   0.000000    0.008351    0.019889    0.023074    0.026829    0.028637    0.033745    0.036134    0.038270   -1.000000   -1.000000   -1.000000
   0.000000    0.011536    0.018189    0.023896    0.025892    0.028467    0.032788    0.035299    0.032936   -1.000000   -1.000000   -1.000000
   0.005482    0.014721    0.024674    0.027588    0.031453    0.036379    0.043473    0.048578    0.048597   -1.000000   -1.000000   -1.000000
   0.006301    0.014438    0.024528    0.026395    0.027957    0.031801    0.036450    0.041523    0.043355   -1.000000   -1.000000   -1.000000
# HER year: 2001 
   0.000000    0.008322    0.020008    0.029881    0.031453    0.034375    0.039892    0.038713    0.042681   -1.000000   -1.000000   -1.000000
   0.000000    0.011553    0.018118    0.027994    0.032008    0.036364    0.038079    0.041621    0.038438   -1.000000   -1.000000   -1.000000
   0.005364    0.014784    0.020310    0.023524    0.025819    0.029065    0.029239    0.037842    0.035767   -1.000000   -1.000000   -1.000000
   0.006186    0.014309    0.025127    0.029202    0.029556    0.034509    0.036415    0.037757    0.038594   -1.000000   -1.000000   -1.000000
# HER year: 2002 
   0.000000    0.008288    0.016509    0.024866    0.031405    0.032767    0.038846    0.043746    0.036023   -1.000000   -1.000000   -1.000000
   0.000000    0.011588    0.019024    0.023732    0.028851    0.034240    0.035182    0.040733    0.045936   -1.000000   -1.000000   -1.000000
   0.005260    0.014889    0.029224    0.034180    0.043903    0.046067    0.050188    0.051368    0.058237   -1.000000   -1.000000   -1.000000
   0.006086    0.014223    0.025757    0.030933    0.037766    0.042781    0.043406    0.045510    0.049940   -1.000000   -1.000000   -1.000000
# HER year: 2003 
   0.000000    0.008226    0.029625    0.037681    0.039184    0.044385    0.047068    0.052746    0.052269   -1.000000   -1.000000   -1.000000
   0.000000    0.011616    0.020488    0.026620    0.029790    0.034430    0.041706    0.046481    0.055131   -1.000000   -1.000000   -1.000000
   0.005177    0.015007    0.033574    0.032928    0.041995    0.045612    0.045315    0.050372    0.058881   -1.000000   -1.000000   -1.000000
   0.005999    0.014167    0.022376    0.027283    0.035996    0.035664    0.044675    0.052482    0.057146   -1.000000   -1.000000   -1.000000
# HER year: 2004 
   0.000000    0.008147    0.012017    0.023345    0.028180    0.035962    0.040335    0.047665    0.055464   -1.000000   -1.000000   -1.000000
   0.000000    0.011685    0.014528    0.029316    0.029483    0.039615    0.040042    0.047154    0.054846   -1.000000   -1.000000   -1.000000
   0.005114    0.015223    0.018482    0.032470    0.037904    0.044717    0.049101    0.051771    0.058460   -1.000000   -1.000000   -1.000000
   0.005935    0.014174    0.015253    0.025802    0.031878    0.038899    0.043238    0.045716    0.051791   -1.000000   -1.000000   -1.000000
# HER year: 2005 
   0.000000    0.008073    0.012171    0.015576    0.027678    0.035274    0.040531    0.050250    0.056754   -1.000000   -1.000000   -1.000000
   0.000000    0.011832    0.014535    0.019481    0.029522    0.034239    0.042735    0.044625    0.054731   -1.000000   -1.000000   -1.000000
   0.005064    0.015592    0.025046    0.028803    0.039065    0.045727    0.053503    0.059111    0.065255   -1.000000   -1.000000   -1.000000
   0.005895    0.014262    0.018503    0.022025    0.027764    0.034165    0.045435    0.047747    0.056528   -1.000000   -1.000000   -1.000000
# HER year: 2006 
   0.000000    0.007998    0.025644    0.022505    0.025274    0.031691    0.041040    0.046666    0.052804   -1.000000   -1.000000   -1.000000
   0.000000    0.012017    0.028984    0.024522    0.025626    0.037489    0.044736    0.050728    0.057766   -1.000000   -1.000000   -1.000000
   0.005027    0.016036    0.032004    0.033492    0.036876    0.042486    0.053962    0.057089    0.068674   -1.000000   -1.000000   -1.000000
   0.005871    0.014397    0.016988    0.022063    0.025549    0.030078    0.042021    0.048376    0.053466   -1.000000   -1.000000   -1.000000
# HER year: 2007 
   0.000000    0.007917    0.017324    0.024824    0.026116    0.031895    0.046699    0.051189    0.065891   -1.000000   -1.000000   -1.000000
   0.000000    0.012197    0.026452    0.028356    0.032572    0.031536    0.041284    0.049421    0.060183   -1.000000   -1.000000   -1.000000
   0.005001    0.016478    0.039269    0.035031    0.040626    0.041426    0.049035    0.051116    0.062036   -1.000000   -1.000000   -1.000000
   0.005854    0.014549    0.020820    0.022418    0.031002    0.032481    0.036945    0.047668    0.054031   -1.000000   -1.000000   -1.000000
# HER year: 2008 
   0.000000    0.007825    0.020358    0.025823    0.031064    0.036096    0.033484    0.048378    0.053881   -1.000000   -1.000000   -1.000000
   0.000000    0.012333    0.020979    0.022887    0.027314    0.035920    0.030704    0.040110    0.045790   -1.000000   -1.000000   -1.000000
   0.004985    0.016840    0.027288    0.030503    0.035358    0.041473    0.037206    0.047156    0.055185   -1.000000   -1.000000   -1.000000
   0.005835    0.014684    0.024582    0.026818    0.030418    0.037353    0.036126    0.041162    0.049258   -1.000000   -1.000000   -1.000000
# HER year: 2009 
   0.000000    0.007717    0.018276    0.026411    0.031036    0.035014    0.039961    0.035290    0.047122   -1.000000   -1.000000   -1.000000
   0.000000    0.012381    0.017537    0.022490    0.024141    0.030805    0.035529    0.031443    0.043226   -1.000000   -1.000000   -1.000000
   0.004977    0.017046    0.028044    0.032452    0.036433    0.042128    0.051608    0.044439    0.054831   -1.000000   -1.000000   -1.000000
   0.005806    0.014771    0.021825    0.030058    0.028609    0.037235    0.045297    0.037953    0.044023   -1.000000   -1.000000   -1.000000
# HER year: 2010 
   0.004000    0.007599    0.017415    0.025304    0.032283    0.032779    0.038503    0.044198    0.047608   -1.000000   -1.000000   -1.000000
   0.003500    0.012375    0.015753    0.023326    0.030195    0.029460    0.032279    0.042894    0.040219   -1.000000   -1.000000   -1.000000
   0.004979    0.017152    0.027356    0.034594    0.037175    0.038699    0.042709    0.049643    0.051273   -1.000000   -1.000000   -1.000000
   0.005772    0.014831    0.019694    0.026875    0.032336    0.036185    0.042575    0.045942    0.045635   -1.000000   -1.000000   -1.000000
# HER year: 2011 
   0.000000    0.007478    0.022849    0.023908    0.029842    0.036812    0.037815    0.045786    0.049288   -1.000000   -1.000000   -1.000000
   0.000000    0.012369    0.017629    0.020725    0.029612    0.035619    0.035838    0.046641    0.046057   -1.000000   -1.000000   -1.000000
   0.004992    0.017260    0.029734    0.040199    0.042726    0.048549    0.052330    0.056460    0.055042   -1.000000   -1.000000   -1.000000
   0.005746    0.014908    0.020824    0.026861    0.036062    0.037841    0.042375    0.047540    0.041553   -1.000000   -1.000000   -1.000000
# HER year: 2012 
   0.000000    0.007354    0.023830    0.022830    0.030325    0.037671    0.042641    0.050166    0.055180   -1.000000   -1.000000   -1.000000
   0.000000    0.012356    0.030139    0.027938    0.030913    0.040507    0.042940    0.043873    0.056407   -1.000000   -1.000000   -1.000000
   0.005015    0.017357    0.049867    0.046778    0.048144    0.052885    0.053424    0.059048    0.067132   -1.000000   -1.000000   -1.000000
   0.005727    0.014997    0.030506    0.029280    0.037331    0.047815    0.053974    0.057826    0.072923   -1.000000   -1.000000   -1.000000
# HER year: 2013 
   0.000000    0.007224    0.019196    0.034136    0.031293    0.036935    0.044871    0.048692    0.054257   -1.000000   -1.000000   -1.000000
   0.000000    0.012327    0.023060    0.037364    0.032900    0.037502    0.049662    0.049207    0.056387   -1.000000   -1.000000   -1.000000
   0.005047    0.017431    0.033037    0.050551    0.045143    0.048056    0.057310    0.055364    0.062904   -1.000000   -1.000000   -1.000000
   0.005712    0.015095    0.021580    0.026933    0.030153    0.038553    0.043903    0.051568    0.054121   -1.000000   -1.000000   -1.000000
# HER year: 2014 
   0.000000    0.007088    0.017062    0.028279    0.037169    0.032713    0.042687    0.045805    0.051042   -1.000000   -1.000000   -1.000000
   0.000000    0.012278    0.020394    0.027377    0.039768    0.033166    0.040320    0.046381    0.055383   -1.000000   -1.000000   -1.000000
   0.005089    0.017468    0.037521    0.043120    0.055220    0.050565    0.056813    0.062500    0.066389   -1.000000   -1.000000   -1.000000
   0.005701    0.015199    0.022921    0.028507    0.034389    0.037127    0.048674    0.052993    0.054945   -1.000000   -1.000000   -1.000000
# HER year: 2015 
   0.000000    0.006942    0.017721    0.026580    0.031916    0.039040    0.041032    0.050201    0.050355   -1.000000   -1.000000   -1.000000
   0.000000    0.012200    0.021118    0.025502    0.034002    0.042426    0.040682    0.046690    0.053038   -1.000000   -1.000000   -1.000000
   0.005139    0.017457    0.034018    0.035779    0.040419    0.045576    0.042571    0.046730    0.056465   -1.000000   -1.000000   -1.000000
   0.005692    0.015304    0.026301    0.027777    0.033039    0.037637    0.037583    0.041672    0.047701   -1.000000   -1.000000   -1.000000
# HER year: 2016 
   0.000000    0.006786    0.009844    0.023437    0.026848    0.031615    0.035680    0.037771    0.043694   -1.000000   -1.000000   -1.000000
   0.000000    0.012092    0.014573    0.022748    0.027721    0.032576    0.034753    0.040894    0.046029   -1.000000   -1.000000   -1.000000
   0.005198    0.017397    0.023256    0.039295    0.039028    0.045114    0.045299    0.047659    0.057164   -1.000000   -1.000000   -1.000000
   0.005684    0.015410    0.017073    0.029842    0.033659    0.038092    0.044450    0.048747    0.051949   -1.000000   -1.000000   -1.000000
# HER year: 2017 
   0.008000    0.006621    0.013962    0.017543    0.027854    0.031414    0.037183    0.044304    0.050491   -1.000000   -1.000000   -1.000000
   0.000000    0.011960    0.017750    0.018792    0.028463    0.032278    0.037720    0.049949    0.049275   -1.000000   -1.000000   -1.000000
   0.005266    0.017298    0.030370    0.029913    0.042687    0.044391    0.051004    0.060374    0.062594   -1.000000   -1.000000   -1.000000
   0.005680    0.015520    0.023084    0.026020    0.036914    0.039580    0.042679    0.049636    0.052129   -1.000000   -1.000000   -1.000000
# HER year: 2018 
   0.000000    0.006447    0.016262    0.026174    0.026626    0.035036    0.040006    0.043796    0.054797   -1.000000   -1.000000   -1.000000
   0.016600    0.011805    0.018743    0.027210    0.028219    0.036982    0.039709    0.040600    0.049407   -1.000000   -1.000000   -1.000000
   0.005344    0.017163    0.029186    0.036677    0.037196    0.049330    0.047810    0.049392    0.052737   -1.000000   -1.000000   -1.000000
   0.005679    0.015634    0.019851    0.029132    0.030455    0.047799    0.041561    0.042404    0.049771   -1.000000   -1.000000   -1.000000
# HER year: 2019 
  -1.000000    0.006265    0.017420    0.022196    0.028604    0.029287    0.038635    0.044343    0.047730   -1.000000   -1.000000   -1.000000
  -1.000000    0.011629    0.018605    0.021845    0.029452    0.033997    0.041744    0.045461    0.050953   -1.000000   -1.000000   -1.000000
   0.005431    0.016994    0.029859    0.031614    0.039769    0.038842    0.045754    0.044413    0.047992   -1.000000   -1.000000   -1.000000
   0.005682    0.015754    0.024885    0.027844    0.034720    0.032918    0.041083    0.041085    0.049368   -1.000000   -1.000000   -1.000000
# HER year: 2020 
  -1.000000    0.006075    0.016934    0.023410    0.027458    0.033122    0.032151    0.045283    0.048381   -1.000000   -1.000000   -1.000000
  -1.000000    0.011435    0.018541    0.025236    0.029754    0.036628    0.038578    0.049346    0.051705   -1.000000   -1.000000   -1.000000
   0.005527    0.016794    0.027353    0.033558    0.033813    0.038524    0.036680    0.048687    0.047117   -1.000000   -1.000000   -1.000000
   0.005688    0.015881    0.022146    0.029153    0.031073    0.034829    0.034257    0.042971    0.041171   -1.000000   -1.000000   -1.000000
# HER year: 2021 
  -1.000000    0.005878    0.015947    0.020500    0.027358    0.029637    0.032278    0.033248    0.044551   -1.000000   -1.000000   -1.000000
  -1.000000    0.011222    0.019888    0.018502    0.027522    0.026422    0.033168    0.039464    0.044895   -1.000000   -1.000000   -1.000000
   0.005633    0.016567    0.025341    0.032890    0.032168    0.037928    0.039132    0.038260    0.031327   -1.000000   -1.000000   -1.000000
   0.005699    0.016015    0.022035    0.024543    0.029140    0.030883    0.036193    0.034952    0.038095   -1.000000   -1.000000   -1.000000
# SPR year: 1974 
   0.000000    0.003840    0.010000    0.012000    0.014000    0.014000    0.015000    0.014000   -1.000000   -1.000000   -1.000000   -1.000000
   0.000000    0.004919    0.010000    0.013000    0.015000    0.015000    0.017000    0.016000   -1.000000   -1.000000   -1.000000   -1.000000
   0.002100    0.005627    0.011000    0.015000    0.016000    0.016000    0.017000    0.016000   -1.000000   -1.000000   -1.000000   -1.000000
   0.004804    0.009688    0.012000    0.014000    0.015000    0.015000    0.015000    0.015000   -1.000000   -1.000000   -1.000000   -1.000000
# SPR year: 1975 
   0.000000    0.003930    0.010000    0.012000    0.014000    0.014000    0.015000    0.014000   -1.000000   -1.000000   -1.000000   -1.000000
   0.000000    0.004864    0.010000    0.013000    0.015000    0.015000    0.017000    0.016000   -1.000000   -1.000000   -1.000000   -1.000000
   0.002207    0.006041    0.011000    0.015000    0.016000    0.016000    0.017000    0.016000   -1.000000   -1.000000   -1.000000   -1.000000
   0.004724    0.009944    0.012000    0.014000    0.015000    0.015000    0.015000    0.015000   -1.000000   -1.000000   -1.000000   -1.000000
# SPR year: 1976 
   0.000000    0.004014    0.010000    0.012000    0.014000    0.014000    0.015000    0.014000   -1.000000   -1.000000   -1.000000   -1.000000
   0.000000    0.004813    0.010000    0.013000    0.015000    0.015000    0.017000    0.016000   -1.000000   -1.000000   -1.000000   -1.000000
   0.002307    0.006426    0.011000    0.015000    0.016000    0.016000    0.017000    0.016000   -1.000000   -1.000000   -1.000000   -1.000000
   0.004647    0.010173    0.012000    0.014000    0.015000    0.015000    0.015000    0.015000   -1.000000   -1.000000   -1.000000   -1.000000
# SPR year: 1977 
   0.000000    0.004091    0.010000    0.012000    0.014000    0.014000    0.015000    0.014000   -1.000000   -1.000000   -1.000000   -1.000000
   0.000000    0.004765    0.010000    0.013000    0.015000    0.015000    0.017000    0.016000   -1.000000   -1.000000   -1.000000   -1.000000
   0.002401    0.006780    0.011000    0.015000    0.016000    0.016000    0.017000    0.016000   -1.000000   -1.000000   -1.000000   -1.000000
   0.004573    0.010375    0.012000    0.014000    0.015000    0.015000    0.015000    0.015000   -1.000000   -1.000000   -1.000000   -1.000000
# SPR year: 1978 
   0.000000    0.004160    0.010000    0.012000    0.015000    0.015000    0.016000    0.014000   -1.000000   -1.000000   -1.000000   -1.000000
   0.000000    0.004722    0.010000    0.012000    0.014000    0.016000    0.016000    0.016000   -1.000000   -1.000000   -1.000000   -1.000000
   0.002488    0.007101    0.011000    0.014000    0.015000    0.015000    0.015000    0.016000   -1.000000   -1.000000   -1.000000   -1.000000
   0.004502    0.010548    0.013000    0.012000    0.014000    0.013000    0.014000    0.015000   -1.000000   -1.000000   -1.000000   -1.000000
# SPR year: 1979 
   0.000000    0.004222    0.011000    0.013000    0.014000    0.016000    0.016000    0.015000   -1.000000   -1.000000   -1.000000   -1.000000
   0.000000    0.004682    0.013000    0.014000    0.013000    0.016000    0.016000    0.015000   -1.000000   -1.000000   -1.000000   -1.000000
   0.002569    0.007387    0.011000    0.015000    0.015000    0.016000    0.017000    0.017000   -1.000000   -1.000000   -1.000000   -1.000000
   0.004434    0.010694    0.014000    0.015000    0.015000    0.017000    0.015000    0.015000   -1.000000   -1.000000   -1.000000   -1.000000
# SPR year: 1980 
   0.000000    0.004277    0.010000    0.014000    0.015000    0.015000    0.017000    0.016000   -1.000000   -1.000000   -1.000000   -1.000000
   0.000000    0.004645    0.011000    0.014000    0.015000    0.014000    0.016000    0.015000   -1.000000   -1.000000   -1.000000   -1.000000
   0.002644    0.007636    0.012000    0.015000    0.015000    0.015000    0.017000    0.016000   -1.000000   -1.000000   -1.000000   -1.000000
   0.004368    0.010808    0.013000    0.016000    0.016000    0.016000    0.016000    0.016000   -1.000000   -1.000000   -1.000000   -1.000000
# SPR year: 1981 
   0.000000    0.004323    0.014000    0.015000    0.016000    0.016000    0.015000    0.017000   -1.000000   -1.000000   -1.000000   -1.000000
   0.000000    0.004613    0.013000    0.014000    0.018000    0.017000    0.014000    0.018000   -1.000000   -1.000000   -1.000000   -1.000000
   0.002713    0.007847    0.012000    0.015000    0.016000    0.016000    0.016000    0.018000   -1.000000   -1.000000   -1.000000   -1.000000
   0.004304    0.010892    0.014000    0.016000    0.016000    0.017000    0.017000    0.018000   -1.000000   -1.000000   -1.000000   -1.000000
# SPR year: 1982 
   0.000000    0.004362    0.010000    0.014000    0.016000    0.017000    0.017000    0.016000   -1.000000   -1.000000   -1.000000   -1.000000
   0.000000    0.004583    0.012000    0.014000    0.015000    0.017000    0.014000    0.014000   -1.000000   -1.000000   -1.000000   -1.000000
   0.002777    0.008025    0.014000    0.016000    0.016000    0.017000    0.016000    0.016000   -1.000000   -1.000000   -1.000000   -1.000000
   0.004242    0.010945    0.014000    0.016000    0.016000    0.017000    0.017000    0.016000   -1.000000   -1.000000   -1.000000   -1.000000
# SPR year: 1983 
   0.000000    0.004393    0.010000    0.013000    0.015000    0.016000    0.017000    0.017000   -1.000000   -1.000000   -1.000000   -1.000000
   0.000000    0.004558    0.011000    0.014000    0.014000    0.016000    0.016000    0.016000   -1.000000   -1.000000   -1.000000   -1.000000
   0.002835    0.008173    0.011000    0.014000    0.016000    0.015000    0.017000    0.017000   -1.000000   -1.000000   -1.000000   -1.000000
   0.004182    0.010971    0.013000    0.015000    0.016000    0.017000    0.018000    0.019000   -1.000000   -1.000000   -1.000000   -1.000000
# SPR year: 1984 
   0.000000    0.004416    0.009000    0.013000    0.015000    0.016000    0.017000    0.017000   -1.000000   -1.000000   -1.000000   -1.000000
   0.000000    0.004536    0.010000    0.015000    0.014000    0.015000    0.016000    0.017000   -1.000000   -1.000000   -1.000000   -1.000000
   0.002884    0.008295    0.011000    0.014000    0.015000    0.017000    0.016000    0.016000   -1.000000   -1.000000   -1.000000   -1.000000
   0.004125    0.010971    0.012000    0.015000    0.015000    0.017000    0.018000    0.017000   -1.000000   -1.000000   -1.000000   -1.000000
# SPR year: 1985 
   0.000000    0.004433    0.009000    0.012000    0.014000    0.016000    0.017000    0.017000   -1.000000   -1.000000   -1.000000   -1.000000
   0.000000    0.004519    0.010000    0.012000    0.012000    0.015000    0.017000    0.016000   -1.000000   -1.000000   -1.000000   -1.000000
   0.002923    0.008396    0.012000    0.014000    0.016000    0.015000    0.019000    0.017000   -1.000000   -1.000000   -1.000000   -1.000000
   0.004071    0.010945    0.013000    0.015000    0.016000    0.016000    0.016000    0.015000   -1.000000   -1.000000   -1.000000   -1.000000
# SPR year: 1986 
   0.000000    0.004443    0.010000    0.012000    0.014000    0.015000    0.016000    0.017000   -1.000000   -1.000000   -1.000000   -1.000000
   0.000000    0.004507    0.010000    0.012000    0.013000    0.016000    0.016000    0.016000   -1.000000   -1.000000   -1.000000   -1.000000
   0.002955    0.008456    0.013000    0.014000    0.015000    0.015000    0.018000    0.017000   -1.000000   -1.000000   -1.000000   -1.000000
   0.004022    0.010890    0.014000    0.015000    0.016000    0.017000    0.016000    0.018000   -1.000000   -1.000000   -1.000000   -1.000000
# SPR year: 1987 
   0.000000    0.004447    0.012000    0.014000    0.016000    0.016000    0.017000    0.018000   -1.000000   -1.000000   -1.000000   -1.000000
   0.000000    0.004503    0.011000    0.014000    0.016000    0.016000    0.017000    0.017000   -1.000000   -1.000000   -1.000000   -1.000000
   0.002981    0.008465    0.012000    0.014000    0.015000    0.016000    0.015000    0.017000   -1.000000   -1.000000   -1.000000   -1.000000
   0.003977    0.010800    0.012000    0.014000    0.015000    0.016000    0.015000    0.017000   -1.000000   -1.000000   -1.000000   -1.000000
# SPR year: 1988 
   0.000000    0.004444    0.010000    0.011000    0.013000    0.015000    0.015000    0.016000   -1.000000   -1.000000   -1.000000   -1.000000
   0.000000    0.004503    0.011000    0.012000    0.014000    0.016000    0.017000    0.018000   -1.000000   -1.000000   -1.000000   -1.000000
   0.003004    0.008436    0.013000    0.014000    0.016000    0.017000    0.017000    0.019000   -1.000000   -1.000000   -1.000000   -1.000000
   0.003937    0.010681    0.014000    0.015000    0.017000    0.017000    0.017000    0.018000   -1.000000   -1.000000   -1.000000   -1.000000
# SPR year: 1989 
   0.000000    0.004434    0.011000    0.014000    0.014000    0.016000    0.017000    0.018000   -1.000000   -1.000000   -1.000000   -1.000000
   0.000000    0.004508    0.011000    0.014000    0.015000    0.016000    0.017000    0.017000   -1.000000   -1.000000   -1.000000   -1.000000
   0.003027    0.008382    0.013000    0.015000    0.016000    0.017000    0.017000    0.018000   -1.000000   -1.000000   -1.000000   -1.000000
   0.003901    0.010537    0.015000    0.017000    0.018000    0.019000    0.018000    0.019000   -1.000000   -1.000000   -1.000000   -1.000000
# SPR year: 1990 
   0.000000    0.004417    0.013000    0.014000    0.016000    0.017000    0.017000    0.019000   -1.000000   -1.000000   -1.000000   -1.000000
   0.000000    0.004514    0.013000    0.014000    0.016000    0.018000    0.018000    0.019000   -1.000000   -1.000000   -1.000000   -1.000000
   0.003051    0.008315    0.013000    0.014000    0.015000    0.018000    0.016000    0.019000   -1.000000   -1.000000   -1.000000   -1.000000
   0.003869    0.010373    0.015000    0.016000    0.017000    0.017000    0.017000    0.019000   -1.000000   -1.000000   -1.000000   -1.000000
# SPR year: 1991 
   0.000000    0.004392    0.013000    0.015000    0.016000    0.017000    0.018000    0.018000   -1.000000   -1.000000   -1.000000   -1.000000
   0.000000    0.004522    0.013000    0.014000    0.016000    0.017000    0.018000    0.017000   -1.000000   -1.000000   -1.000000   -1.000000
   0.003069    0.008249    0.014000    0.014000    0.016000    0.017000    0.017000    0.017000   -1.000000   -1.000000   -1.000000   -1.000000
   0.003839    0.010192    0.014000    0.016000    0.017000    0.017000    0.017000    0.017000   -1.000000   -1.000000   -1.000000   -1.000000
# SPR year: 1992 
   0.000000    0.004350    0.012000    0.015000    0.015000    0.017000    0.018000    0.018000   -1.000000   -1.000000   -1.000000   -1.000000
   0.000000    0.004534    0.012000    0.015000    0.016000    0.017000    0.018000    0.019000   -1.000000   -1.000000   -1.000000   -1.000000
   0.003075    0.008138    0.013000    0.014000    0.016000    0.017000    0.017000    0.019000   -1.000000   -1.000000   -1.000000   -1.000000
   0.003811    0.009939    0.015000    0.017000    0.018000    0.019000    0.019000    0.019000   -1.000000   -1.000000   -1.000000   -1.000000
# SPR year: 1993 
   0.000000    0.004285    0.009000    0.012000    0.012000    0.012000    0.014000    0.015000   -1.000000   -1.000000   -1.000000   -1.000000
   0.000000    0.004553    0.010000    0.012000    0.013000    0.014000    0.015000    0.016000   -1.000000   -1.000000   -1.000000   -1.000000
   0.003077    0.007954    0.008000    0.010000    0.012000    0.013000    0.012000    0.014000   -1.000000   -1.000000   -1.000000   -1.000000
   0.003778    0.009586    0.009000    0.010000    0.012000    0.012000    0.013000    0.013000   -1.000000   -1.000000   -1.000000   -1.000000
# SPR year: 1994 
   0.000000    0.004206    0.009000    0.012000    0.014000    0.015000    0.015000    0.016000   -1.000000   -1.000000   -1.000000   -1.000000
   0.000000    0.004574    0.009000    0.012000    0.014000    0.014000    0.015000    0.015000   -1.000000   -1.000000   -1.000000   -1.000000
   0.003083    0.007733    0.010000    0.012000    0.013000    0.014000    0.015000    0.015000   -1.000000   -1.000000   -1.000000   -1.000000
   0.003736    0.009183    0.011000    0.012000    0.014000    0.014000    0.016000    0.015000   -1.000000   -1.000000   -1.000000   -1.000000
# SPR year: 1995 
   0.000000    0.004123    0.011000    0.011000    0.013000    0.014000    0.014000    0.014000   -1.000000   -1.000000   -1.000000   -1.000000
   0.000000    0.004594    0.010000    0.010000    0.012000    0.013000    0.014000    0.015000   -1.000000   -1.000000   -1.000000   -1.000000
   0.003101    0.007515    0.009000    0.010000    0.011000    0.012000    0.012000    0.012000   -1.000000   -1.000000   -1.000000   -1.000000
   0.003692    0.008780    0.011000    0.012000    0.013000    0.013000    0.014000    0.014000   -1.000000   -1.000000   -1.000000   -1.000000
# SPR year: 1996 
   0.000000    0.004045    0.007000    0.010000    0.011000    0.013000    0.014000    0.013000   -1.000000   -1.000000   -1.000000   -1.000000
   0.000000    0.004610    0.007000    0.010000    0.011000    0.012000    0.013000    0.013000   -1.000000   -1.000000   -1.000000   -1.000000
   0.003144    0.007337    0.007000    0.010000    0.010000    0.011000    0.011000    0.011000   -1.000000   -1.000000   -1.000000   -1.000000
   0.003651    0.008426    0.008000    0.011000    0.011000    0.013000    0.012000    0.012000   -1.000000   -1.000000   -1.000000   -1.000000
# SPR year: 1997 
   0.000000    0.003981    0.007000    0.008000    0.010000    0.012000    0.013000    0.013000   -1.000000   -1.000000   -1.000000   -1.000000
   0.000000    0.004617    0.007000    0.008000    0.010000    0.012000    0.012000    0.012000   -1.000000   -1.000000   -1.000000   -1.000000
   0.003213    0.007237    0.008000    0.009000    0.011000    0.012000    0.012000    0.013000   -1.000000   -1.000000   -1.000000   -1.000000
   0.003618    0.008170    0.008000    0.009000    0.011000    0.011000    0.011000    0.012000   -1.000000   -1.000000   -1.000000   -1.000000
# SPR year: 1998 
   0.000000    0.003922    0.007490    0.008391    0.009093    0.010769    0.010898    0.011561   -1.000000   -1.000000   -1.000000   -1.000000
   0.000000    0.004622    0.007217    0.008250    0.008708    0.009890    0.010142    0.010463   -1.000000   -1.000000   -1.000000   -1.000000
   0.003293    0.007220    0.007655    0.008666    0.009362    0.011056    0.011826    0.010310   -1.000000   -1.000000   -1.000000   -1.000000
   0.003598    0.007981    0.007929    0.008179    0.008577    0.010004    0.010432    0.010496   -1.000000   -1.000000   -1.000000   -1.000000
# SPR year: 1999 
   0.003700    0.003857    0.007196    0.008543    0.008895    0.009179    0.010829    0.011127   -1.000000   -1.000000   -1.000000   -1.000000
   0.003300    0.004630    0.007035    0.008640    0.008763    0.008751    0.009755    0.010583   -1.000000   -1.000000   -1.000000   -1.000000
   0.003368    0.007252    0.008582    0.009882    0.009760    0.010182    0.010845    0.011462   -1.000000   -1.000000   -1.000000   -1.000000
   0.003603    0.007802    0.009170    0.010563    0.009869    0.010009    0.011032    0.011681   -1.000000   -1.000000   -1.000000   -1.000000
# SPR year: 2000 
   0.000000    0.003790    0.009136    0.009448    0.010469    0.011028    0.011427    0.012931   -1.000000   -1.000000   -1.000000   -1.000000
   0.002500    0.004640    0.011282    0.010337    0.011120    0.011770    0.012086    0.013604   -1.000000   -1.000000   -1.000000   -1.000000
   0.003423    0.007316    0.011923    0.010685    0.011122    0.011333    0.011676    0.011578   -1.000000   -1.000000   -1.000000   -1.000000
   0.003633    0.007642    0.010512    0.010777    0.011066    0.011269    0.011896    0.012937   -1.000000   -1.000000   -1.000000   -1.000000
# SPR year: 2001 
   0.000000    0.003727    0.008833    0.011024    0.010221    0.010865    0.010474    0.010557   -1.000000   -1.000000   -1.000000   -1.000000
   0.000000    0.004649    0.009748    0.011430    0.011567    0.012669    0.012299    0.011795   -1.000000   -1.000000   -1.000000   -1.000000
   0.003466    0.007395    0.009876    0.011447    0.010927    0.012285    0.011628    0.011664   -1.000000   -1.000000   -1.000000   -1.000000
   0.003678    0.007510    0.010434    0.011888    0.011786    0.012141    0.012133    0.012350   -1.000000   -1.000000   -1.000000   -1.000000
# SPR year: 2002 
   0.003500    0.003672    0.009184    0.009905    0.010971    0.010673    0.010636    0.010600   -1.000000   -1.000000   -1.000000   -1.000000
   0.004300    0.004654    0.009519    0.009962    0.010533    0.011113    0.011330    0.011300   -1.000000   -1.000000   -1.000000   -1.000000
   0.003511    0.007472    0.010981    0.010826    0.012089    0.011417    0.012012    0.012000   -1.000000   -1.000000   -1.000000   -1.000000
   0.003727    0.007415    0.010871    0.011467    0.011833    0.012175    0.011933    0.011900   -1.000000   -1.000000   -1.000000   -1.000000
# SPR year: 2003 
   0.000000    0.003629    0.009927    0.010792    0.010917    0.011415    0.011165    0.010718   -1.000000   -1.000000   -1.000000   -1.000000
   0.000000    0.004655    0.009648    0.010905    0.010873    0.011725    0.011199    0.010960   -1.000000   -1.000000   -1.000000   -1.000000
   0.003552    0.007528    0.010529    0.011359    0.011010    0.012300    0.011051    0.011138   -1.000000   -1.000000   -1.000000   -1.000000
   0.003769    0.007367    0.009914    0.010650    0.010758    0.010835    0.011065    0.011150   -1.000000   -1.000000   -1.000000   -1.000000
# SPR year: 2004 
   0.000000    0.003600    0.007420    0.010822    0.011193    0.011257    0.011431    0.011335   -1.000000   -1.000000   -1.000000   -1.000000
   0.000000    0.004650    0.007892    0.010625    0.011541    0.011237    0.011437    0.011191   -1.000000   -1.000000   -1.000000   -1.000000
   0.003584    0.007585    0.007788    0.009739    0.010887    0.010691    0.011243    0.010592   -1.000000   -1.000000   -1.000000   -1.000000
   0.003794    0.007387    0.007529    0.009634    0.010861    0.010392    0.011174    0.010909   -1.000000   -1.000000   -1.000000   -1.000000
# SPR year: 2005 
   0.000000    0.003580    0.006276    0.007680    0.010621    0.010966    0.011517    0.010935   -1.000000   -1.000000   -1.000000   -1.000000
   0.000000    0.004644    0.006922    0.007966    0.010908    0.011470    0.011500    0.010887   -1.000000   -1.000000   -1.000000   -1.000000
   0.003601    0.007664    0.008223    0.009404    0.010988    0.011837    0.011905    0.012122   -1.000000   -1.000000   -1.000000   -1.000000
   0.003804    0.007473    0.008120    0.008863    0.010576    0.011464    0.012396    0.011736   -1.000000   -1.000000   -1.000000   -1.000000
# SPR year: 2006 
   0.000000    0.003566    0.007584    0.008030    0.008676    0.010663    0.011049    0.011196   -1.000000   -1.000000   -1.000000   -1.000000
   0.000000    0.004635    0.007361    0.008248    0.008935    0.011097    0.011523    0.011342   -1.000000   -1.000000   -1.000000   -1.000000
   0.003597    0.007752    0.008127    0.008669    0.009884    0.011066    0.013036    0.012057   -1.000000   -1.000000   -1.000000   -1.000000
   0.003810    0.007597    0.008901    0.008721    0.009446    0.011117    0.011091    0.011818   -1.000000   -1.000000   -1.000000   -1.000000
# SPR year: 2007 
   0.000000    0.003555    0.007129    0.008558    0.008897    0.009216    0.010649    0.011077   -1.000000   -1.000000   -1.000000   -1.000000
   0.000000    0.004623    0.007278    0.008728    0.008872    0.009307    0.010844    0.012078   -1.000000   -1.000000   -1.000000   -1.000000
   0.003563    0.007834    0.009803    0.010989    0.010566    0.011442    0.011673    0.013208   -1.000000   -1.000000   -1.000000   -1.000000
   0.003812    0.007729    0.009940    0.011212    0.010787    0.010136    0.011504    0.012399   -1.000000   -1.000000   -1.000000   -1.000000
# SPR year: 2008 
   0.000000    0.003544    0.008730    0.009548    0.010225    0.010129    0.010270    0.011591   -1.000000   -1.000000   -1.000000   -1.000000
   0.000000    0.004608    0.008535    0.009288    0.010641    0.009839    0.009192    0.010929   -1.000000   -1.000000   -1.000000   -1.000000
   0.003505    0.007898    0.010635    0.011049    0.011897    0.011071    0.011174    0.012604   -1.000000   -1.000000   -1.000000   -1.000000
   0.003812    0.007843    0.010576    0.011180    0.011437    0.011521    0.011654    0.013464   -1.000000   -1.000000   -1.000000   -1.000000
# SPR year: 2009 
   0.000000    0.003529    0.008934    0.010441    0.010862    0.011363    0.010573    0.010988   -1.000000   -1.000000   -1.000000   -1.000000
   0.000000    0.004590    0.009023    0.010460    0.010966    0.011663    0.010774    0.011127   -1.000000   -1.000000   -1.000000   -1.000000
   0.003441    0.007930    0.010721    0.011417    0.011854    0.011857    0.011902    0.011891   -1.000000   -1.000000   -1.000000   -1.000000
   0.003813    0.007908    0.009893    0.010705    0.010984    0.010817    0.011368    0.012192   -1.000000   -1.000000   -1.000000   -1.000000
# SPR year: 2010 
   0.000000    0.003514    0.007616    0.009575    0.010717    0.011169    0.011124    0.010531   -1.000000   -1.000000   -1.000000   -1.000000
   0.000000    0.004568    0.007346    0.009436    0.010240    0.010626    0.011178    0.010557   -1.000000   -1.000000   -1.000000   -1.000000
   0.003390    0.007939    0.009679    0.011732    0.012079    0.011940    0.011590    0.012664   -1.000000   -1.000000   -1.000000   -1.000000
   0.003817    0.007948    0.009576    0.010742    0.011305    0.011007    0.011287    0.012491   -1.000000   -1.000000   -1.000000   -1.000000
# SPR year: 2011 
   0.000000    0.003500    0.008439    0.009202    0.010630    0.011249    0.011698    0.011593   -1.000000   -1.000000   -1.000000   -1.000000
   0.000000    0.004542    0.009109    0.009572    0.010336    0.011203    0.010971    0.011264   -1.000000   -1.000000   -1.000000   -1.000000
   0.003372    0.007945    0.010876    0.010883    0.011401    0.012654    0.012170    0.012493   -1.000000   -1.000000   -1.000000   -1.000000
   0.003820    0.008000    0.010216    0.010758    0.011429    0.012313    0.011394    0.013734   -1.000000   -1.000000   -1.000000   -1.000000
# SPR year: 2012 
   0.000000    0.003489    0.008785    0.010552    0.010562    0.011498    0.011873    0.011809   -1.000000   -1.000000   -1.000000   -1.000000
   0.000000    0.004513    0.009413    0.011293    0.011647    0.012642    0.012854    0.012532   -1.000000   -1.000000   -1.000000   -1.000000
   0.003375    0.007945    0.011003    0.012414    0.012737    0.013015    0.012730    0.013115   -1.000000   -1.000000   -1.000000   -1.000000
   0.003822    0.008058    0.011522    0.012510    0.012578    0.012840    0.013737    0.013355   -1.000000   -1.000000   -1.000000   -1.000000
# SPR year: 2013 
   0.001000    0.003480    0.009354    0.011322    0.012499    0.012480    0.013050    0.012763   -1.000000   -1.000000   -1.000000   -1.000000
   0.001000    0.004481    0.009597    0.011515    0.012589    0.012954    0.012754    0.012815   -1.000000   -1.000000   -1.000000   -1.000000
   0.003379    0.007936    0.010268    0.012040    0.012702    0.012535    0.013307    0.013061   -1.000000   -1.000000   -1.000000   -1.000000
   0.003821    0.008118    0.010660    0.012218    0.012221    0.012395    0.012321    0.012388   -1.000000   -1.000000   -1.000000   -1.000000
# SPR year: 2014 
   0.000000    0.003474    0.008671    0.010315    0.011554    0.012385    0.012474    0.011926   -1.000000   -1.000000   -1.000000   -1.000000
   0.000000    0.004448    0.009088    0.010938    0.012467    0.013230    0.012905    0.011655   -1.000000   -1.000000   -1.000000   -1.000000
   0.003388    0.007916    0.010489    0.011885    0.012925    0.013826    0.013414    0.013308   -1.000000   -1.000000   -1.000000   -1.000000
   0.003820    0.008174    0.011006    0.012017    0.012982    0.013054    0.013302    0.013720   -1.000000   -1.000000   -1.000000   -1.000000
# SPR year: 2015 
   0.000000    0.003469    0.009280    0.010758    0.011616    0.012472    0.012918    0.012462   -1.000000   -1.000000   -1.000000   -1.000000
   0.000000    0.004413    0.009945    0.011440    0.012139    0.013247    0.014144    0.012594   -1.000000   -1.000000   -1.000000   -1.000000
   0.003405    0.007882    0.009837    0.011235    0.011813    0.013162    0.014114    0.012093   -1.000000   -1.000000   -1.000000   -1.000000
   0.003818    0.008221    0.009671    0.010975    0.011525    0.011777    0.012035    0.011776   -1.000000   -1.000000   -1.000000   -1.000000
# SPR year: 2016 
   0.002200    0.003466    0.006565    0.009529    0.010931    0.011572    0.012688    0.012234   -1.000000   -1.000000   -1.000000   -1.000000
   0.000000    0.004377    0.007515    0.009775    0.011603    0.012094    0.012365    0.012308   -1.000000   -1.000000   -1.000000   -1.000000
   0.003432    0.007836    0.009089    0.011795    0.012626    0.012642    0.013332    0.013107   -1.000000   -1.000000   -1.000000   -1.000000
   0.003816    0.008259    0.008517    0.011378    0.012295    0.012060    0.012126    0.012127   -1.000000   -1.000000   -1.000000   -1.000000
# SPR year: 2017 
   0.006000    0.003465    0.007406    0.008395    0.010499    0.011605    0.011769    0.011741   -1.000000   -1.000000   -1.000000   -1.000000
   0.000000    0.004339    0.007840    0.009134    0.011492    0.012486    0.012408    0.011995   -1.000000   -1.000000   -1.000000   -1.000000
   0.003472    0.007779    0.009599    0.010075    0.011190    0.011763    0.012327    0.012000   -1.000000   -1.000000   -1.000000   -1.000000
   0.003814    0.008292    0.009630    0.009896    0.011380    0.011777    0.011440    0.011949   -1.000000   -1.000000   -1.000000   -1.000000
# SPR year: 2018 
   0.000000    0.003467    0.008269    0.009184    0.009646    0.010750    0.011857    0.011867   -1.000000   -1.000000   -1.000000   -1.000000
   0.000000    0.004299    0.007736    0.008952    0.009687    0.011502    0.011820    0.011298   -1.000000   -1.000000   -1.000000   -1.000000
   0.003521    0.007711    0.009392    0.010636    0.010293    0.011862    0.012489    0.012000   -1.000000   -1.000000   -1.000000   -1.000000
   0.003812    0.008321    0.009479    0.010471    0.010438    0.011631    0.011728    0.011664   -1.000000   -1.000000   -1.000000   -1.000000
# SPR year: 2019 
  -1.000000    0.003471    0.007525    0.009329    0.010032    0.010048    0.011635    0.011733   -1.000000   -1.000000   -1.000000   -1.000000
  -1.000000    0.004257    0.007219    0.009054    0.010196    0.010478    0.012732    0.012620   -1.000000   -1.000000   -1.000000   -1.000000
   0.003580    0.007634    0.008800    0.010276    0.011339    0.010447    0.012069    0.011812   -1.000000   -1.000000   -1.000000   -1.000000
   0.003810    0.008348    0.009522    0.010496    0.010958    0.010896    0.012349    0.012389   -1.000000   -1.000000   -1.000000   -1.000000
# SPR year: 2020 
  -1.000000    0.003477    0.008841    0.009504    0.010394    0.010807    0.010820    0.012028   -1.000000   -1.000000   -1.000000   -1.000000
  -1.000000    0.004213    0.008975    0.010164    0.011161    0.011596    0.011909    0.013113   -1.000000   -1.000000   -1.000000   -1.000000
   0.003647    0.007547    0.009628    0.010309    0.011850    0.011805    0.010728    0.011431   -1.000000   -1.000000   -1.000000   -1.000000
   0.003808    0.008373    0.010292    0.010673    0.011500    0.011809    0.011300    0.012164   -1.000000   -1.000000   -1.000000   -1.000000
# SPR year: 2021 
  -1.000000    0.003485    0.007833    0.009270    0.009902    0.010527    0.011197    0.011007   -1.000000   -1.000000   -1.000000   -1.000000
  -1.000000    0.004166    0.008154    0.009393    0.010211    0.010431    0.012069    0.011341   -1.000000   -1.000000   -1.000000   -1.000000
   0.003721    0.007451    0.009186    0.010659    0.010662    0.011453    0.012820    0.011089   -1.000000   -1.000000   -1.000000   -1.000000
   0.003805    0.008397    0.009947    0.011182    0.011460    0.012186    0.012605    0.011424   -1.000000   -1.000000   -1.000000   -1.000000
-999 # Checksum