ParName   Value   Gradient
log_rec(16,1974)      1.80948  5.09077e-05
log_rec(16,1975)      1.36655   3.3371e-05
log_rec(16,1976)       2.6122  1.64485e-05
log_rec(16,1977)      2.02563  2.32887e-05
log_rec(16,1978)       2.2977   5.3161e-05
log_rec(16,1979)      2.09169  3.96694e-05
log_rec(16,1980)      1.93566  4.62922e-05
log_rec(16,1981)      3.20119  5.68987e-05
log_rec(16,1982)      2.17607  2.08137e-05
log_rec(16,1983)       2.2891  2.43206e-05
log_rec(16,1984)      1.95456  2.00594e-05
log_rec(16,1985)      2.20508  4.26807e-05
log_rec(16,1986)      1.83052  2.00448e-05
log_rec(16,1987)      1.87318  2.65711e-05
log_rec(16,1988)      1.65076  1.93396e-05
log_rec(16,1989)      1.51929  4.32816e-05
log_rec(16,1990)      1.63163  4.12259e-05
log_rec(16,1991)      1.79854  4.67004e-05
log_rec(16,1992)      1.30527  3.32081e-05
log_rec(16,1993)      1.79367  2.63762e-05
log_rec(16,1994)      1.56436  3.11328e-05
log_rec(16,1995)      1.74356  2.62356e-05
log_rec(16,1996)      2.22903   1.1162e-05
log_rec(16,1997)      1.08028  2.01976e-05
log_rec(16,1998)      1.54297  6.52414e-05
log_rec(16,1999)      2.15606  8.93949e-05
log_rec(16,2000)      1.12794  5.67165e-05
log_rec(16,2001)      1.18832  3.00928e-05
log_rec(16,2002)      1.29396  6.27638e-05
log_rec(16,2003)      1.83974  9.26573e-05
log_rec(16,2004)       1.5227  0.000101731
log_rec(16,2005)      2.10762  7.65019e-05
log_rec(16,2006)      1.51498  7.42658e-05
log_rec(16,2007)      1.55499  4.63201e-05
log_rec(16,2008)      1.50158  4.60663e-05
log_rec(16,2009)      1.37829  3.09589e-05
log_rec(16,2010)      1.17732 -6.24652e-05
log_rec(16,2011)      1.97488 -0.000133669
log_rec(16,2012)      2.37593 -2.84735e-05
log_rec(16,2013)      2.04551  2.08972e-05
log_rec(16,2014)      1.46605  5.08686e-05
log_rec(16,2015)      1.20382  5.66113e-05
log_rec(16,2016)      1.55283  4.45515e-05
log_rec(16,2017)     0.867779  3.06318e-05
log_rec(16,2018)     0.825107   -2.377e-05
log_rec(16,2019)      0.68499  9.14028e-06
log_rec(16,2020)     0.480664 -1.30717e-07
log_rec(16,2021)      1.18909   -4.619e-06
log_rec(16,2022)      1.32756 -1.15066e-05
log_rec(17,1974)      2.63186  1.52764e-05
log_rec(17,1975)      2.47914  8.57518e-06
log_rec(17,1976)      2.74483  1.52544e-05
log_rec(17,1977)      2.47869  1.91367e-05
log_rec(17,1978)      2.57447  2.61808e-05
log_rec(17,1979)       2.1328  2.17893e-05
log_rec(17,1980)      1.77706  1.97354e-05
log_rec(17,1981)      2.36125  1.43995e-05
log_rec(17,1982)      1.37799   1.0728e-05
log_rec(17,1983)      1.67603   1.0367e-05
log_rec(17,1984)      1.82111  1.66454e-05
log_rec(17,1985)       1.8895  2.50549e-05
log_rec(17,1986)      2.09112  5.35079e-06
log_rec(17,1987)      2.02977  4.45632e-06
log_rec(17,1988)      2.24293  1.88351e-05
log_rec(17,1989)      1.89678  2.20733e-05
log_rec(17,1990)      1.70547  2.51152e-05
log_rec(17,1991)      1.65651  2.49656e-05
log_rec(17,1992)      1.98096  3.57264e-05
log_rec(17,1993)      1.79857  3.04518e-05
log_rec(17,1994)      1.82599  4.09327e-05
log_rec(17,1995)      1.73251  2.01995e-05
log_rec(17,1996)      1.19054  1.53991e-05
log_rec(17,1997)       1.8329  7.24735e-06
log_rec(17,1998)      2.36767  7.36874e-05
log_rec(17,1999)      2.30886  6.63137e-05
log_rec(17,2000)        2.219  1.64807e-05
log_rec(17,2001)      2.39317  3.48031e-05
log_rec(17,2002)      1.99542   1.9269e-05
log_rec(17,2003)      1.60187  3.15852e-05
log_rec(17,2004)      1.65434  4.79687e-05
log_rec(17,2005)      1.66261  5.23572e-05
log_rec(17,2006)      1.69394  4.45996e-05
log_rec(17,2007)      2.11554  0.000107237
log_rec(17,2008)      1.83354  0.000111877
log_rec(17,2009)      1.29134  2.74715e-05
log_rec(17,2010)      1.82066  -2.7186e-05
log_rec(17,2011)      1.88283 -0.000109797
log_rec(17,2012)      1.68103 -2.01145e-05
log_rec(17,2013)      1.77082  3.92044e-06
log_rec(17,2014)      1.80692  2.05743e-05
log_rec(17,2015)      2.11501  4.32699e-05
log_rec(17,2016)      2.24769  5.33354e-05
log_rec(17,2017)      2.04319   3.1213e-05
log_rec(17,2018)      1.79167  1.87106e-05
log_rec(17,2019)      2.30277  1.92329e-05
log_rec(17,2020)      2.28095  1.98102e-05
log_rec(17,2021)       1.3314   5.1335e-06
log_rec(17,2022)      1.97772  4.88436e-06
log_rec(18,1974)      3.33788 -2.95782e-05
log_rec(18,1975)     0.943212  -6.1423e-06
log_rec(18,1976)      1.07788 -1.50669e-05
log_rec(18,1977)      1.85182 -2.62296e-05
log_rec(18,1978)      2.27359 -2.52904e-05
log_rec(18,1979)      2.74785 -5.28933e-05
log_rec(18,1980)      2.21086 -4.17838e-05
log_rec(18,1981)      2.54921 -3.47539e-05
log_rec(18,1982)      1.75369 -2.60438e-05
log_rec(18,1983)      2.18099 -4.32291e-06
log_rec(18,1984)      1.10385 -1.41564e-05
log_rec(18,1985)      1.21387 -6.37296e-06
log_rec(18,1986)      1.97055 -2.70438e-05
log_rec(18,1987)    0.0472899 -1.01854e-05
log_rec(18,1988)    -0.276754 -7.47674e-06
log_rec(18,1989)     0.394892 -2.01289e-05
log_rec(18,1990)      1.07248 -2.64257e-05
log_rec(18,1991)      1.42487 -2.62273e-05
log_rec(18,1992)      1.78172  -2.2693e-05
log_rec(18,1993)     0.865001 -1.82599e-05
log_rec(18,1994)      2.25528 -4.60988e-05
log_rec(18,1995)      1.59299 -1.96638e-05
log_rec(18,1996)      1.29393 -3.96082e-05
log_rec(18,1997)     0.760596 -2.52572e-05
log_rec(18,1998)      0.09525 -3.70167e-05
log_rec(18,1999)       2.3358 -5.92705e-05
log_rec(18,2000)       1.2598 -4.18397e-05
log_rec(18,2001)    -0.335346 -2.84363e-05
log_rec(18,2002)    -0.122708 -3.09972e-05
log_rec(18,2003)    -0.209349 -1.31548e-05
log_rec(18,2004)    -0.357691 -3.48745e-05
log_rec(18,2005)       1.5823 -3.12407e-05
log_rec(18,2006)      0.27738 -2.28558e-05
log_rec(18,2007)    -0.329778 -1.39433e-05
log_rec(18,2008)    -0.982171 -1.71803e-05
log_rec(18,2009)     0.904053 -4.18614e-05
log_rec(18,2010)     -1.03384 -8.80157e-06
log_rec(18,2011)     -1.65317 -1.73329e-05
log_rec(18,2012)     -1.02498  5.94574e-07
log_rec(18,2013)     -1.20504  1.10959e-05
log_rec(18,2014)     0.831093 -4.70686e-06
log_rec(18,2015)    -0.522071 -1.03785e-05
log_rec(18,2016)   -0.0432234 -1.36088e-05
log_rec(18,2017)    -0.720869 -2.73536e-05
log_rec(18,2018)    0.0377842 -2.58367e-05
log_rec(18,2019)      1.28239 -1.42328e-05
log_rec(18,2020)      1.60542 -4.37844e-06
log_rec(18,2021)     0.740861  3.58679e-06
log_rec(18,2022)     0.823128 -7.10804e-06
log_rec(19,1974)   -0.0305451   4.6571e-05
log_rec(19,1975)    -0.604709 -3.07741e-05
log_rec(19,1976)    -0.383232 -1.42354e-05
log_rec(19,1977)    -0.540997  3.27903e-06
log_rec(19,1978)     0.212984  1.33415e-05
log_rec(19,1979)   -0.0721251 -9.23052e-06
log_rec(19,1980)   -0.0918332 -2.36825e-05
log_rec(19,1981)    -0.230637 -9.01889e-06
log_rec(19,1982)   -0.0443036 -4.36624e-05
log_rec(19,1983)     0.584884  5.62363e-05
log_rec(19,1984)   -0.0328582 -2.64886e-05
log_rec(19,1985)    -0.026484 -1.93808e-05
log_rec(19,1986)    -0.565769 -1.53366e-05
log_rec(19,1987)    -0.602271 -4.25012e-05
log_rec(19,1988)    -0.290889  -2.1968e-05
log_rec(19,1989)    -0.363199 -1.29487e-05
log_rec(19,1990)     -0.26989  5.94497e-06
log_rec(19,1991)    -0.473606 -1.32016e-05
log_rec(19,1992)     0.602461  0.000105532
log_rec(19,1993)    -0.286063  -7.1369e-06
log_rec(19,1994)     0.103701  1.36801e-05
log_rec(19,1995)    -0.658959 -7.14634e-06
log_rec(19,1996)   -0.0453203 -8.27822e-06
log_rec(19,1997)    -0.616751  1.19997e-05
log_rec(19,1998)     0.180182  4.45476e-06
log_rec(19,1999)     0.203777 -1.48809e-05
log_rec(19,2000)    -0.121545   4.6884e-06
log_rec(19,2001)    -0.401832  9.63856e-06
log_rec(19,2002)    0.0566418  2.04304e-05
log_rec(19,2003)    -0.771978  6.95759e-06
log_rec(19,2004)    -0.567507  1.49321e-05
log_rec(19,2005)    -0.915444  1.24183e-05
log_rec(19,2006)    -0.909591  2.30766e-06
log_rec(19,2007)    -0.366684  4.47068e-05
log_rec(19,2008)    -0.958775 -2.47818e-06
log_rec(19,2009)    -0.582046 -1.13373e-05
log_rec(19,2010)    -0.639891 -2.58969e-05
log_rec(19,2011)    -0.923306 -4.18839e-05
log_rec(19,2012)    -0.755285 -2.42599e-05
log_rec(19,2013)    -0.357643 -3.06418e-05
log_rec(19,2014)    -0.410691 -2.14551e-05
log_rec(19,2015)    -0.936006 -2.11102e-05
log_rec(19,2016)     -1.06175 -8.60116e-06
log_rec(19,2017)     -1.16854 -3.03118e-05
log_rec(19,2018)     -0.98174 -3.77597e-05
log_rec(19,2019)    -0.627443 -3.32178e-05
log_rec(19,2020)    -0.430776 -8.61553e-05
log_rec(19,2021)    -0.437156  2.85746e-05
log_rec(19,2022)    -0.439294 -5.28561e-05
log_rec(20,1974)    -0.155972  9.05608e-06
log_rec(20,1975)    -0.219046  5.51539e-06
log_rec(20,1976)    -0.622508 -4.96578e-06
log_rec(20,1977)     -1.98839  2.29055e-06
log_rec(20,1978)    -0.790147  6.45477e-06
log_rec(20,1979)    -0.166787  8.23159e-06
log_rec(20,1980)   -0.0569571  1.92436e-06
log_rec(20,1981)     0.141235  5.30894e-06
log_rec(20,1982)     -1.16208  3.06202e-06
log_rec(20,1983)     -1.48439  -1.4973e-05
log_rec(20,1984)    0.0910133 -7.34624e-06
log_rec(20,1985)    -0.672747  1.04444e-05
log_rec(20,1986)    -0.502236 -2.45945e-05
log_rec(20,1987)    -0.144877 -1.47326e-05
log_rec(20,1988)    -0.580904 -1.58123e-05
log_rec(20,1989)    -0.312342 -2.83724e-05
log_rec(20,1990)    -0.605419 -4.60668e-06
log_rec(20,1991)     -0.51513  2.05165e-06
log_rec(20,1992)    -0.320376 -2.96916e-05
log_rec(20,1993)    -0.203373  7.23705e-06
log_rec(20,1994)    -0.375169  2.66574e-06
log_rec(20,1995)      -0.4798 -1.54172e-06
log_rec(20,1996)    -0.489884 -2.07615e-05
log_rec(20,1997)     -0.68846 -2.43223e-05
log_rec(20,1998)     -0.66601 -9.73899e-06
log_rec(20,1999)    -0.535071  2.64071e-06
log_rec(20,2000)     -1.04357 -9.87668e-06
log_rec(20,2001)    -0.269385 -2.72119e-05
log_rec(20,2002)    0.0364395  4.41863e-06
log_rec(20,2003)    -0.420811 -1.40264e-05
log_rec(20,2004)    -0.101418  3.67994e-06
log_rec(20,2005)     0.379602  1.93043e-05
log_rec(20,2006)     0.551436  4.63966e-05
log_rec(20,2007)     0.408789  4.98463e-05
log_rec(20,2008)     0.397243  4.20167e-05
log_rec(20,2009)     0.298625  2.85178e-05
log_rec(20,2010)     0.670652  4.30543e-06
log_rec(20,2011)     0.659169 -2.03262e-05
log_rec(20,2012)     0.195317 -1.35432e-05
log_rec(20,2013)   -0.0500713   -1.702e-05
log_rec(20,2014)     0.116527 -7.85581e-06
log_rec(20,2015)    -0.680421 -1.39412e-05
log_rec(20,2016)   -0.0683203  1.19145e-05
log_rec(20,2017)    -0.434606 -2.65116e-06
log_rec(20,2018)    -0.564012 -6.03787e-06
log_rec(20,2019)   -0.0308727  2.01769e-06
log_rec(20,2020)     0.108545  1.74341e-06
log_rec(20,2021)    -0.632616  -1.0789e-06
log_rec(20,2022)    -0.291239 -3.19007e-06
log_rec(21,1974)    -0.528816 -1.61765e-06
log_rec(21,1975)      -1.3792  -4.6461e-06
log_rec(21,1976)     -1.92193 -3.63264e-06
log_rec(21,1977)     -2.24615  -6.8247e-06
log_rec(21,1978)     -2.54559 -7.16255e-06
log_rec(21,1979)     -1.30371 -6.32533e-06
log_rec(21,1980)    -0.114395 -9.80929e-06
log_rec(21,1981)     0.267332 -1.61775e-05
log_rec(21,1982)     0.601543 -1.55017e-05
log_rec(21,1983)     0.517813 -1.07324e-05
log_rec(21,1984)     0.592846   -1.347e-05
log_rec(21,1985)     0.979857 -6.50967e-06
log_rec(21,1986)      1.07358 -2.54953e-05
log_rec(21,1987)     0.809831 -1.97585e-05
log_rec(21,1988)     0.351514    -3.02e-06
log_rec(21,1989)     0.156501  -1.8458e-06
log_rec(21,1990)     0.212514  -2.3535e-05
log_rec(21,1991)      0.12507 -9.11347e-06
log_rec(21,1992)     0.578831 -2.32106e-05
log_rec(21,1993)     0.614343  -3.2607e-05
log_rec(21,1994)     0.382389 -2.35708e-05
log_rec(21,1995)     0.455962  2.40755e-06
log_rec(21,1996)     0.500615 -1.54752e-05
log_rec(21,1997)    0.0565239  1.71262e-05
log_rec(21,1998)    -0.134955  -4.8895e-06
log_rec(21,1999)     0.913197  1.75697e-05
log_rec(21,2000)     0.487828  3.54536e-06
log_rec(21,2001)       1.4629  3.89194e-05
log_rec(21,2002)     0.534625  6.28331e-06
log_rec(21,2003)    0.0769789  1.18512e-05
log_rec(21,2004)     0.177411  5.14748e-06
log_rec(21,2005)    -0.161796 -1.24967e-05
log_rec(21,2006)   -0.0035323 -6.15844e-06
log_rec(21,2007)     0.293178 -2.05849e-05
log_rec(21,2008)     0.177924  -5.6955e-05
log_rec(21,2009)     0.364593 -5.79969e-05
log_rec(21,2010)     0.334125 -4.26293e-05
log_rec(21,2011)     0.129131  -1.3812e-05
log_rec(21,2012)     0.195917 -1.62133e-06
log_rec(21,2013)     0.710708  1.30772e-05
log_rec(21,2014)     0.827509  2.34162e-05
log_rec(21,2015)    -0.263865  1.53305e-05
log_rec(21,2016)   -0.0596467 -1.84158e-05
log_rec(21,2017)    -0.683167 -2.03378e-05
log_rec(21,2018)   -0.0401094 -1.12976e-05
log_rec(21,2019)     -0.19202  5.14689e-06
log_rec(21,2020)    0.0431349  2.58601e-06
log_rec(21,2021)    -0.166522  3.41205e-06
log_rec(21,2022)    0.0761319 -2.57355e-06
log_rec(22,1974)      1.53818  2.04138e-05
log_rec(22,1975)      1.00965  1.63519e-05
log_rec(22,1976)       1.0653  8.07819e-06
log_rec(22,1977)     0.499044    1.317e-05
log_rec(22,1978)      1.02465  9.95989e-06
log_rec(22,1979)      1.45198  1.70845e-05
log_rec(22,1980)     0.838036  1.76803e-05
log_rec(22,1981)      1.10245  8.20629e-06
log_rec(22,1982)     0.964629  1.05481e-05
log_rec(22,1983)     0.833916  1.07685e-05
log_rec(22,1984)     0.475847  6.36606e-06
log_rec(22,1985)      1.09051 -1.29268e-05
log_rec(22,1986)      1.21172 -2.19105e-05
log_rec(22,1987)     0.484925 -1.62622e-06
log_rec(22,1988)      1.45764  1.08803e-05
log_rec(22,1989)     0.930413  1.48836e-05
log_rec(22,1990)      1.41052  1.19452e-05
log_rec(22,1991)      1.42883  9.92996e-06
log_rec(22,1992)      1.76328  2.42167e-05
log_rec(22,1993)      1.90918  1.43428e-05
log_rec(22,1994)      2.09669  2.18038e-05
log_rec(22,1995)      1.14485  1.31328e-05
log_rec(22,1996)       2.3663  3.82818e-05
log_rec(22,1997)     0.356987  1.95764e-05
log_rec(22,1998)      0.79661  3.94013e-05
log_rec(22,1999)       1.7906  6.45034e-05
log_rec(22,2000)     0.918708  3.23293e-05
log_rec(22,2001)     0.787887  3.66048e-05
log_rec(22,2002)    -0.832613  3.04088e-05
log_rec(22,2003)     0.105021  5.76898e-05
log_rec(22,2004)    -0.513509  5.43019e-05
log_rec(22,2005)   -0.0864677  4.25302e-05
log_rec(22,2006)     0.135413  1.42617e-05
log_rec(22,2007)    -0.178887  3.54194e-05
log_rec(22,2008)   -0.0925763  1.09465e-05
log_rec(22,2009)     0.373632 -2.27752e-05
log_rec(22,2010)     -1.64474  1.63404e-05
log_rec(22,2011)     -1.63903  6.10993e-06
log_rec(22,2012)    0.0315791 -2.71785e-05
log_rec(22,2013)     0.333766 -2.03473e-06
log_rec(22,2014)     0.481768  4.14271e-05
log_rec(22,2015)     -1.83826  1.63042e-05
log_rec(22,2016)      1.60133  6.78521e-05
log_rec(22,2017)     -1.21284  1.16205e-05
log_rec(22,2018)     0.426887 -1.02287e-06
log_rec(22,2019)      1.18607  4.07636e-06
log_rec(22,2020)     0.317691  9.08172e-06
log_rec(22,2021)     0.147313  3.67984e-06
log_rec(22,2022)    -0.221416  2.50783e-06
log_rec(23,1974)     0.589238  4.70796e-06
log_rec(23,1975)    -0.307288  6.96789e-06
log_rec(23,1976)     0.272622  3.02861e-06
log_rec(23,1977)     0.776053   1.1428e-05
log_rec(23,1978)    0.0178119  1.51833e-05
log_rec(23,1979)      0.27136  6.68236e-06
log_rec(23,1980)    -0.198616  3.44423e-06
log_rec(23,1981)      1.04881  1.41659e-05
log_rec(23,1982)     -1.29508  7.00761e-07
log_rec(23,1983)      0.74882  1.29211e-05
log_rec(23,1984)    -0.259812  1.30606e-05
log_rec(23,1985)     0.932975  6.43973e-06
log_rec(23,1986)    -0.466261  5.97648e-06
log_rec(23,1987)    -0.585261 -4.95806e-08
log_rec(23,1988)      0.49226  2.31209e-05
log_rec(23,1989)    -0.121597  1.87325e-05
log_rec(23,1990)     0.155715  8.68009e-06
log_rec(23,1991)     0.731261  2.81512e-05
log_rec(23,1992)    -0.703203 -8.12666e-07
log_rec(23,1993)     0.475768  5.40184e-06
log_rec(23,1994)     0.848376  1.21849e-05
log_rec(23,1995)    -0.326993  5.26573e-06
log_rec(23,1996)      1.34186  2.79814e-05
log_rec(23,1997)     -0.39904  1.78615e-05
log_rec(23,1998)     0.101269   2.7251e-05
log_rec(23,1999)     0.536441   3.1616e-05
log_rec(23,2000)     0.772213  1.81474e-05
log_rec(23,2001)      1.01138  5.29914e-05
log_rec(23,2002)     -1.09375  2.16274e-05
log_rec(23,2003)     0.253803  6.05443e-05
log_rec(23,2004)    -0.341653  4.18707e-05
log_rec(23,2005)     0.502311  7.03898e-05
log_rec(23,2006)     0.267949   4.8416e-05
log_rec(23,2007)     0.836355  6.46795e-05
log_rec(23,2008)     0.144315  9.01163e-06
log_rec(23,2009)      1.62249 -0.000188288
log_rec(23,2010)    -0.420382 -3.14112e-05
log_rec(23,2011)    -0.156149 -3.56106e-05
log_rec(23,2012)     0.496987  6.12191e-07
log_rec(23,2013)     0.167101  2.81653e-05
log_rec(23,2014)     0.785293  6.93191e-05
log_rec(23,2015)    -0.574045  1.43891e-05
log_rec(23,2016)     0.875681  3.73926e-05
log_rec(23,2017)     -1.31628  6.21284e-06
log_rec(23,2018)    -0.942676 -4.61367e-06
log_rec(23,2019)    -0.131072  4.45538e-06
log_rec(23,2020)    -0.687871  3.74409e-06
log_rec(23,2021)    -0.212144  3.84348e-06
log_rec(23,2022)    -0.291528  2.06636e-06
log_rec(24,1974)      2.07579  5.96076e-06
log_rec(24,1975)      2.55201   2.3469e-06
log_rec(24,1976)      2.34387 -8.72571e-06
log_rec(24,1977)      1.55338 -4.39411e-06
log_rec(24,1978)      2.02172 -1.40078e-05
log_rec(24,1979)        2.043  -2.8547e-05
log_rec(24,1980)     0.695431  -1.7227e-05
log_rec(24,1981)      1.73534 -2.09111e-05
log_rec(24,1982)      1.82345 -1.50877e-05
log_rec(24,1983)      1.84576 -1.70525e-05
log_rec(24,1984)      0.98046 -2.17804e-05
log_rec(24,1985)      1.29792 -1.02415e-05
log_rec(24,1986)       1.1951 -3.27733e-05
log_rec(24,1987)      0.64805 -1.42717e-05
log_rec(24,1988)      1.02075 -4.91614e-06
log_rec(24,1989)      1.02252 -6.70693e-06
log_rec(24,1990)      1.02377 -1.11928e-05
log_rec(24,1991)      1.73583 -1.82408e-06
log_rec(24,1992)     0.966262  -1.4401e-05
log_rec(24,1993)     0.758381 -2.80299e-05
log_rec(24,1994)      1.77606 -4.12002e-05
log_rec(24,1995)      0.98342 -1.63647e-05
log_rec(24,1996)      1.49838 -1.91518e-05
log_rec(24,1997)     0.144344 -1.93703e-06
log_rec(24,1998)     0.884294  5.81737e-06
log_rec(24,1999)      1.37854  7.85813e-06
log_rec(24,2000)     0.458892 -4.33891e-06
log_rec(24,2001)     0.740741 -5.00831e-06
log_rec(24,2002)     0.155487  7.37741e-07
log_rec(24,2003)    -0.648814   1.8833e-06
log_rec(24,2004)    -0.324709 -3.31143e-06
log_rec(24,2005)       0.6557 -1.26536e-05
log_rec(24,2006)     0.444655 -1.94631e-05
log_rec(24,2007)     0.929844 -1.83788e-05
log_rec(24,2008)       1.4695 -8.10433e-05
log_rec(24,2009)      1.64618 -0.000197625
log_rec(24,2010)     0.202543 -6.70958e-05
log_rec(24,2011)     0.851446 -9.40005e-05
log_rec(24,2012)      1.60642 -2.99918e-05
log_rec(24,2013)     0.534254  1.02109e-06
log_rec(24,2014)      1.57117  3.25134e-05
log_rec(24,2015)     0.898595 -5.92185e-06
log_rec(24,2016)      1.34846 -1.88559e-05
log_rec(24,2017)     0.564961 -9.11422e-06
log_rec(24,2018)      1.38828 -4.02899e-05
log_rec(24,2019)      1.37182 -2.40826e-05
log_rec(24,2020)      1.16814 -1.89049e-05
log_rec(24,2021)     0.899556 -1.71096e-05
log_rec(24,2022)       1.5129 -1.20576e-05
log_rec(25,1974)      1.64451  3.17905e-06
log_rec(25,1975)       2.3801   1.6412e-05
log_rec(25,1976)      1.21945  2.68211e-06
log_rec(25,1977)      1.61045  1.06247e-05
log_rec(25,1978)       2.1669  4.43989e-06
log_rec(25,1979)      1.55021  2.45802e-06
log_rec(25,1980)     0.554707  5.96793e-06
log_rec(25,1981)    -0.285102 -1.38598e-07
log_rec(25,1982)    -0.513395    4.467e-06
log_rec(25,1983)    -0.018449  4.32131e-06
log_rec(25,1984)    -0.350925  4.12763e-07
log_rec(25,1985)    -0.642852  7.35085e-06
log_rec(25,1986)    0.0731585  6.57596e-06
log_rec(25,1987)    -0.400951  3.97278e-06
log_rec(25,1988)    -0.257645   7.1377e-06
log_rec(25,1989)     0.533179  8.88191e-06
log_rec(25,1990)     0.561273  6.28658e-06
log_rec(25,1991)  -0.00291758  1.77905e-05
log_rec(25,1992)     0.358835  6.81081e-07
log_rec(25,1993)      1.02417 -1.20327e-05
log_rec(25,1994)     0.649906 -5.83954e-07
log_rec(25,1995)     -0.57373 -5.10526e-06
log_rec(25,1996)    -0.276372 -7.82434e-06
log_rec(25,1997)   -0.0915172 -1.56329e-06
log_rec(25,1998)     0.506701  8.23494e-06
log_rec(25,1999)     0.185256  -1.8983e-06
log_rec(25,2000)    -0.111765 -2.82281e-06
log_rec(25,2001)    0.0520951  -3.2568e-07
log_rec(25,2002)    0.0362536   1.4638e-05
log_rec(25,2003)     0.203686  3.54299e-05
log_rec(25,2004)      1.07684  5.24463e-05
log_rec(25,2005)    -0.152351  9.58426e-06
log_rec(25,2006)     0.190981  1.57829e-05
log_rec(25,2007)   -0.0216033  3.32953e-06
log_rec(25,2008)     0.965921 -2.18663e-05
log_rec(25,2009)     0.683907 -3.79503e-05
log_rec(25,2010)     0.733367 -5.19846e-05
log_rec(25,2011)     0.509149 -4.81184e-05
log_rec(25,2012)      0.20398 -2.50033e-06
log_rec(25,2013)      1.24127  2.04828e-05
log_rec(25,2014)      1.02778  3.86266e-05
log_rec(25,2015)     0.676192  2.48134e-05
log_rec(25,2016)     0.802121  2.63353e-06
log_rec(25,2017)      1.21876  4.24645e-06
log_rec(25,2018)      1.03724 -2.02568e-05
log_rec(25,2019)     0.759006 -1.16052e-05
log_rec(25,2020)     0.628776 -1.02925e-06
log_rec(25,2021)      1.00783   -2.975e-07
log_rec(25,2022)      1.57975 -2.48732e-06
log_rec(26,1974)    -0.225898 -1.80077e-05
log_rec(26,1975)    -0.438955 -1.88144e-05
log_rec(26,1976)   -0.0693563 -4.76225e-05
log_rec(26,1977)    -0.269631  1.01351e-05
log_rec(26,1978)    -0.220245  7.98269e-06
log_rec(26,1979)    0.0759504 -4.47705e-07
log_rec(26,1980)   -0.0671511  -9.0339e-06
log_rec(26,1981)      0.70377 -1.63962e-06
log_rec(26,1982)     0.313155 -9.13694e-06
log_rec(26,1983)     0.245732 -5.79413e-07
log_rec(26,1984)     0.491628  2.40427e-06
log_rec(26,1985)      1.38062 -1.61206e-06
log_rec(26,1986)     0.624368  -1.5139e-06
log_rec(26,1987)     0.632682  6.49135e-06
log_rec(26,1988)     0.315163  3.18354e-06
log_rec(26,1989)     0.164846 -1.69696e-06
log_rec(26,1990)      0.11203  3.39371e-06
log_rec(26,1991)   -0.0459999  1.61686e-06
log_rec(26,1992)     -0.49773  3.00024e-06
log_rec(26,1993)    -0.579441  7.78176e-06
log_rec(26,1994)    -0.146146 -3.39321e-06
log_rec(26,1995)    -0.165629  2.96482e-06
log_rec(26,1996)     0.875702  -5.1067e-06
log_rec(26,1997)   -0.0853079  2.27953e-06
log_rec(26,1998)    -0.179447 -3.76026e-06
log_rec(26,1999)   -0.0610948 -1.14078e-06
log_rec(26,2000)    -0.552669  2.84951e-06
log_rec(26,2001)     0.488175  1.83355e-06
log_rec(26,2002)    -0.635111  1.96667e-07
log_rec(26,2003)      0.10866  3.21745e-06
log_rec(26,2004)    -0.261469 -6.02626e-06
log_rec(26,2005)    -0.177488  7.73217e-06
log_rec(26,2006)     0.275604 -5.68426e-06
log_rec(26,2007)     0.130099  2.30157e-05
log_rec(26,2008)    0.0813698  1.10102e-05
log_rec(26,2009)     0.312032 -7.00871e-06
log_rec(26,2010)     0.467507  4.11077e-06
log_rec(26,2011)     0.281813 -1.56874e-07
log_rec(26,2012)     0.351323 -4.16671e-06
log_rec(26,2013)     0.389636  3.27059e-06
log_rec(26,2014)    -0.195963 -2.75011e-06
log_rec(26,2015)    -0.115138 -3.56513e-06
log_rec(26,2016)     0.212465  3.99309e-06
log_rec(26,2017)    -0.202941   8.0331e-06
log_rec(26,2018)     0.589966   1.2806e-05
log_rec(26,2019)    0.0969863 -1.03548e-05
log_rec(26,2020)    -0.097565 -1.65504e-05
log_rec(26,2021)      1.07746  1.74781e-06
log_rec(26,2022)     0.269159 -2.97308e-06
log_rec(27,1974)     -1.54904 -7.25498e-06
log_rec(27,1975)    -0.732492   1.2086e-07
log_rec(27,1976)    -0.507629  1.23536e-05
log_rec(27,1977)     -1.51071 -2.99669e-05
log_rec(27,1978)     -2.73511   4.9286e-06
log_rec(27,1979)     -0.44008  -1.2872e-06
log_rec(27,1980)    -0.392124 -4.82919e-06
log_rec(27,1981)     -0.46232 -8.30484e-07
log_rec(27,1982)    -0.445789   1.0209e-06
log_rec(27,1983)     -1.09566 -2.10906e-06
log_rec(27,1984)     -0.91208 -5.30675e-06
log_rec(27,1985)    -0.440027 -2.48385e-06
log_rec(27,1986)     -1.21269  1.84889e-06
log_rec(27,1987)     0.772174 -1.87994e-06
log_rec(27,1988)    -0.721851 -1.86806e-06
log_rec(27,1989)   -0.0269062   9.9746e-07
log_rec(27,1990)     -1.01269 -2.90892e-06
log_rec(27,1991)     0.545686  1.70347e-06
log_rec(27,1992)     -1.02222  4.52263e-06
log_rec(27,1993)     -1.36739  6.16432e-06
log_rec(27,1994)    -0.864259  2.68743e-06
log_rec(27,1995)     -1.32625 -5.13253e-06
log_rec(27,1996)    0.0716481 -2.47044e-06
log_rec(27,1997)    -0.722883 -2.47219e-06
log_rec(27,1998)    -0.933772 -2.16759e-06
log_rec(27,1999)    -0.638892  4.54968e-08
log_rec(27,2000)     -1.24504 -2.79212e-06
log_rec(27,2001)    -0.238447 -2.69293e-06
log_rec(27,2002)     -1.00733  2.01903e-06
log_rec(27,2003)     -1.61455 -1.00618e-06
log_rec(27,2004)     -1.53378 -1.71529e-06
log_rec(27,2005)    -0.257345 -1.20304e-06
log_rec(27,2006)     -1.17727 -1.11656e-06
log_rec(27,2007)     -1.21222 -1.46378e-06
log_rec(27,2008)      -1.0003 -3.25138e-07
log_rec(27,2009)    -0.294455 -6.87192e-08
log_rec(27,2010)   -0.0655682 -4.91097e-07
log_rec(27,2011)     -1.43602   -8.361e-07
log_rec(27,2012)    -0.902093 -9.52217e-07
log_rec(27,2013)    -0.489833  1.84119e-06
log_rec(27,2014)     -0.84873 -1.32741e-05
log_rec(27,2015)     -1.27792  6.85196e-06
log_rec(27,2016)    -0.799016 -1.97214e-05
log_rec(27,2017)     -1.08892 -3.88414e-07
log_rec(27,2018)    -0.103728  2.63507e-07
log_rec(27,2019)     -1.94622  8.80077e-06
log_rec(27,2020)     -1.31965  9.64094e-06
log_rec(27,2021)    -0.882878  4.71995e-06
log_rec(27,2022)     -0.91247 -2.08172e-07
log_rec_older(16,1)     0.055002  1.56343e-05
log_rec_older(16,2)     -1.12128 -9.33893e-06
log_rec_older(16,3)     -3.02348 -8.55827e-06
log_rec_older(16,4)     -2.76858  -1.3332e-05
log_rec_older(16,5)     -3.98571 -5.84399e-06
log_rec_older(16,6)     -5.55519 -2.87441e-06
log_rec_older(16,7)     -6.35318  1.30984e-06
log_rec_older(16,8)      -6.4119 -5.15789e-06
log_rec_older(16,9)      -6.9111   5.4685e-05
log_rec_older(16,10)     -7.07904  7.74582e-06
log_rec_older(17,1)     0.891167  1.08569e-06
log_rec_older(17,2)     0.303523  1.86993e-05
log_rec_older(17,3)     -1.34911 -2.03028e-07
log_rec_older(17,4)       -3.422  1.08141e-05
log_rec_older(17,5)     -4.57976 -1.69463e-06
log_rec_older(17,6)     -6.86235  1.93133e-05
log_rec_older(18,1)      1.52557  2.78855e-06
log_rec_older(18,2)     -1.14122  1.26362e-05
log_rec_older(18,3)    -0.669994 -8.65729e-06
log_rec_older(18,4)     -2.58667  3.11288e-06
log_rec_older(18,5)     -5.86793 -2.02254e-06
log_rec_older(18,6)     -6.25925   -9.411e-07
log_rec_older(18,7)     -3.81799  5.82431e-06
log_rec_older(18,8)     -7.45285  5.86084e-06
log_rec_older(18,9)     -9.46285 -2.04922e-06
log_rec_older(18,10)     -9.12354   1.1034e-05
log_rec_older(19,1)      0.51124  4.68539e-05
log_rec_older(19,2)    -0.288096  1.88223e-05
log_rec_older(19,3)    -0.896116  3.74603e-06
log_rec_older(19,4)     -1.22643  2.74311e-06
log_rec_older(19,5)     -1.64716  1.44806e-05
log_rec_older(19,6)     -1.39982  7.39219e-06
log_rec_older(19,7)     -1.80078   1.3858e-05
log_rec_older(19,8)     -2.49017  1.24262e-05
log_rec_older(19,9)     -3.94194  6.68036e-06
log_rec_older(19,10)     -3.52424  1.31078e-06
log_rec_older(20,1)    -0.507741  1.06867e-05
log_rec_older(20,2)     -1.42146  7.68817e-06
log_rec_older(20,3)    -0.318717  7.12831e-06
log_rec_older(20,4)     -1.57835  -5.8947e-06
log_rec_older(20,5)     -1.16229 -1.05661e-05
log_rec_older(20,6)    -0.445968  1.26743e-05
log_rec_older(20,7)     -1.14141  4.49939e-06
log_rec_older(20,8)     -1.83678 -9.40646e-06
log_rec_older(20,9)     -2.53872  9.54808e-07
log_rec_older(20,10)     -2.66546 -5.35286e-07
log_rec_older(21,1)     -1.99208 -3.93284e-06
log_rec_older(21,2)     -2.58003 -3.14442e-06
log_rec_older(21,3)     -3.14499    4.781e-07
log_rec_older(21,4)     -4.38924  1.35895e-06
log_rec_older(21,5)     -5.47543 -2.40031e-06
log_rec_older(21,6)     -6.43818 -4.04392e-06
log_rec_older(21,7)     -7.45839  1.65521e-06
log_rec_older(21,8)     -7.23337 -4.93786e-06
log_rec_older(22,1)     0.825908  1.42384e-05
log_rec_older(22,2)     -1.71028 -2.33024e-06
log_rec_older(22,3)     -2.21923 -1.89226e-05
log_rec_older(22,4)     -3.66498  5.82264e-06
log_rec_older(23,1)    -0.667406  5.33438e-06
log_rec_older(23,2)     -1.17372  2.78889e-06
log_rec_older(23,3)     -3.22368  1.68439e-06
log_rec_older(23,4)     -2.48897 -7.12257e-06
log_rec_older(24,1)       1.3959 -9.99241e-07
log_rec_older(24,2)     -2.27507 -5.37252e-06
log_rec_older(24,3)     -4.50208 -1.50663e-06
log_rec_older(25,1)      1.28609  4.59638e-06
log_rec_older(25,2)     -1.74708  1.15743e-05
log_rec_older(25,3)      -3.8093  1.55235e-06
log_rec_older(26,1)     0.134569 -4.43519e-06
log_rec_older(26,2)    -0.148865   7.7536e-06
log_rec_older(26,3)     -2.09875 -8.56691e-06
log_rec_older(26,4)     -2.53447  1.45712e-05
log_rec_older(26,5)     -2.73508  -2.0261e-06
log_rec_older(26,6)     -3.16562  3.86122e-06
log_rec_older(26,7)      -3.9197  6.85856e-06
log_rec_older(26,8)     -4.23328 -2.16145e-06
log_rec_older(26,9)     -4.32555  1.56908e-05
log_rec_older(26,10)      -2.9725  2.22147e-07
log_rec_older(27,1)     -0.82295 -2.06646e-06
log_rec_older(27,2)    -0.817534 -1.93493e-06
log_rec_older(27,3)     -1.55579 -1.23695e-06
log_rec_older(27,4)     -2.98103  -4.4647e-06
log_rec_older(27,5)     -2.47612  2.70629e-05
log_rec_older(27,6)     -3.82583 -1.10379e-05
log_rec_older(27,7)     -3.86747 -1.61691e-06
log_rec_older(27,8)     -4.50098 -1.44509e-05
log_rec_older(27,9)     -5.09915 -4.03863e-06
log_rec_older(27,10)     -2.50198 -3.05583e-06
F_y_ini(16,1975)      1.05324 -9.16933e-07
F_y_ini(16,1976)      1.16139 -8.37735e-06
F_y_ini(16,1977)      1.12719 -7.12471e-06
F_y_ini(16,1978)      1.32173 -9.85834e-06
F_y_ini(16,1979)      1.07191 -1.10476e-05
F_y_ini(16,1980)      1.22587 -1.09248e-05
F_y_ini(16,1981)      1.22798 -1.78197e-05
F_y_ini(16,1982)       1.3045 -2.01946e-05
F_y_ini(16,1983)      1.31526 -1.67273e-05
F_y_ini(16,1984)      1.23338 -6.33216e-06
F_y_ini(16,1985)      1.23747  -9.4893e-06
F_y_ini(16,1986)      1.34241 -7.87879e-06
F_y_ini(16,1987)       1.2992 -9.90072e-06
F_y_ini(16,1988)      1.30796 -7.84125e-06
F_y_ini(16,1989)      1.34564 -7.68102e-06
F_y_ini(16,1990)      1.27958 -1.05533e-05
F_y_ini(16,1991)      1.27071  -1.3008e-05
F_y_ini(16,1992)      1.23261 -1.95308e-05
F_y_ini(16,1993)        5.007  1.26201e-10
F_y_ini(16,1994)     0.953637 -1.79993e-05
F_y_ini(16,1995)     0.906659 -1.75072e-05
F_y_ini(16,1996)     0.970617 -1.65144e-05
F_y_ini(16,1997)     0.934331 -1.75661e-05
F_y_ini(16,1998)      1.24237 -1.23237e-05
F_y_ini(16,1999)      1.25127 -1.70671e-05
F_y_ini(16,2000)      1.25495 -1.97005e-05
F_y_ini(16,2001)     0.889155 -2.81426e-05
F_y_ini(16,2002)      1.17649 -3.67284e-05
F_y_ini(16,2003)     0.739667 -2.63775e-05
F_y_ini(16,2004)     0.785393 -2.81324e-05
F_y_ini(16,2005)     0.781022 -3.05234e-05
F_y_ini(16,2006)     0.800923 -3.40147e-05
F_y_ini(16,2007)        5.007  1.26201e-10
F_y_ini(16,2008)      1.09439 -2.31451e-05
F_y_ini(16,2009)      1.08801 -1.68995e-05
F_y_ini(16,2010)     0.929683 -1.97245e-05
F_y_ini(16,2011)     0.697019 -3.86196e-06
F_y_ini(16,2012)     0.648838 -6.87471e-06
F_y_ini(16,2013)     0.606825  9.58288e-06
F_y_ini(16,2014)     0.582479   8.6797e-06
F_y_ini(16,2015)     0.602481  6.43231e-06
F_y_ini(16,2016)     0.610707 -3.66088e-06
F_y_ini(16,2017)     0.672921 -1.55157e-06
F_y_ini(16,2018)       0.9667 -1.03581e-05
F_y_ini(16,2019)     0.822328  -1.5484e-05
F_y_ini(16,2020)     0.610145 -9.83266e-07
F_y_ini(16,2021)     0.382882  3.86708e-06
F_y_ini(16,2022)     0.437379    1.211e-06
F_y_ini(17,1975)      1.02453 -1.37165e-06
F_y_ini(17,1976)     0.934381  5.44817e-06
F_y_ini(17,1977)     0.798186  7.95198e-06
F_y_ini(17,1978)     0.591914 -1.88938e-05
F_y_ini(17,1979)     0.709714  8.37331e-06
F_y_ini(17,1980)     0.627034  4.39588e-07
F_y_ini(17,1981)     0.636919 -1.63805e-05
F_y_ini(17,1982)     0.524347 -2.28899e-06
F_y_ini(17,1983)     0.716358 -2.86192e-05
F_y_ini(17,1984)     0.795856  4.69224e-05
F_y_ini(17,1985)     0.636456 -3.13933e-05
F_y_ini(17,1986)     0.893358  8.51367e-06
F_y_ini(17,1987)     0.715953   1.3457e-05
F_y_ini(17,1988)     0.631048 -2.31254e-06
F_y_ini(17,1989)     0.519378 -1.25074e-05
F_y_ini(17,1990)     0.549877  6.55962e-07
F_y_ini(17,1991)        5.007  1.26201e-10
F_y_ini(17,1992)       1.2039 -3.27832e-06
F_y_ini(17,1993)      1.35234 -2.58368e-06
F_y_ini(17,1994)      1.18278 -1.54115e-06
F_y_ini(17,1995)     0.890454 -1.49207e-07
F_y_ini(17,1996)     0.809291  1.55612e-06
F_y_ini(17,1997)     0.712482 -5.91698e-06
F_y_ini(17,1998)     0.621762 -4.22319e-07
F_y_ini(17,1999)     0.850149  6.50367e-06
F_y_ini(17,2000)     0.744589   -1.117e-05
F_y_ini(17,2001)     0.444791  1.55389e-05
F_y_ini(17,2002)     0.395472  6.21969e-06
F_y_ini(17,2003)     0.562397 -1.03855e-05
F_y_ini(17,2004)     0.475951  6.41143e-06
F_y_ini(17,2005)     0.453212  9.83989e-06
F_y_ini(17,2006)     0.590845 -1.90409e-06
F_y_ini(17,2007)        5.007  1.26201e-10
F_y_ini(17,2008)     0.969781 -4.95014e-06
F_y_ini(17,2009)     0.893811 -1.00967e-05
F_y_ini(17,2010)     0.871195 -5.85877e-06
F_y_ini(17,2011)     0.738486  -7.9729e-06
F_y_ini(17,2012)     0.779438  1.27958e-05
F_y_ini(17,2013)     0.680144 -5.03909e-07
F_y_ini(17,2014)     0.736685 -8.75855e-06
F_y_ini(17,2015)     0.929633  5.37987e-06
F_y_ini(17,2016)     0.836723  1.31879e-06
F_y_ini(17,2017)     0.642888  9.38132e-06
F_y_ini(17,2018)     0.617158  -1.7905e-05
F_y_ini(17,2019)     0.672115  4.65276e-06
F_y_ini(17,2020)     0.564016 -3.84712e-06
F_y_ini(17,2021)     0.416753  1.28546e-06
F_y_ini(17,2022)     0.261275 -1.67354e-08
F_y_ini(18,1975)       1.2376 -9.77938e-06
F_y_ini(18,1976)      1.12499  7.90444e-06
F_y_ini(18,1977)      1.08234  9.16518e-06
F_y_ini(18,1978)      1.16056 -2.16577e-06
F_y_ini(18,1979)      1.17967  1.21111e-07
F_y_ini(18,1980)      1.10346  1.38993e-05
F_y_ini(18,1981)     0.804486 -3.68035e-06
F_y_ini(18,1982)     0.772753  6.82525e-06
F_y_ini(18,1983)      1.02389 -1.39902e-05
F_y_ini(18,1984)      1.21036  4.58452e-05
F_y_ini(18,1985)        5.007  1.26201e-10
F_y_ini(18,1986)      1.03645 -1.76944e-05
F_y_ini(18,1987)      1.16688  2.96078e-05
F_y_ini(18,1988)      1.14668 -2.10327e-05
F_y_ini(18,1989)      1.12879  2.33918e-05
F_y_ini(18,1990)      1.05651  4.79221e-06
F_y_ini(18,1991)      1.09175  8.85578e-06
F_y_ini(18,1992)     0.959011  8.10819e-06
F_y_ini(18,1993)      1.19065  7.12642e-06
F_y_ini(18,1994)       1.0717  3.70848e-06
F_y_ini(18,1995)     0.953635  1.97868e-05
F_y_ini(18,1996)      1.13125  8.29939e-08
F_y_ini(18,1997)     0.858448  5.71623e-07
F_y_ini(18,1998)     0.928218  9.24974e-06
F_y_ini(18,1999)      1.16108  2.28283e-05
F_y_ini(18,2000)        5.007  1.26201e-10
F_y_ini(18,2001)     0.810952 -1.30627e-06
F_y_ini(18,2002)     0.734837  1.57908e-05
F_y_ini(18,2003)     0.398201  2.08488e-05
F_y_ini(18,2004)     0.433017 -1.12162e-05
F_y_ini(18,2005)     0.461437 -1.14543e-05
F_y_ini(18,2006)     0.727697  2.59891e-05
F_y_ini(18,2007)     0.658706  1.03052e-05
F_y_ini(18,2008)      0.43707 -3.71772e-06
F_y_ini(18,2009)     0.397865  5.46123e-06
F_y_ini(18,2010)      0.43086  1.12133e-05
F_y_ini(18,2011)     0.403162  1.81278e-06
F_y_ini(18,2012)     0.348677 -5.08382e-07
F_y_ini(18,2013)     0.307826  8.42853e-08
F_y_ini(18,2014)      0.48526  2.85952e-06
F_y_ini(18,2015)     0.736591  6.14329e-06
F_y_ini(18,2016)     0.598413 -2.39281e-06
F_y_ini(18,2017)      0.53593 -2.22252e-06
F_y_ini(18,2018)     0.509781 -5.74842e-06
F_y_ini(18,2019)     0.506692  8.83989e-07
F_y_ini(18,2020)     0.402287 -6.20749e-06
F_y_ini(18,2021)     0.259158 -7.06682e-06
F_y_ini(18,2022)     0.143437 -7.93269e-06
F_y_ini(19,1975)      1.17814  -9.8963e-06
F_y_ini(19,1976)      1.27444 -2.11354e-05
F_y_ini(19,1977)      1.62929 -1.73778e-05
F_y_ini(19,1978)     0.966017 -2.58026e-06
F_y_ini(19,1979)      1.02996  -1.3309e-05
F_y_ini(19,1980)      1.20132  6.65404e-06
F_y_ini(19,1981)      1.10376  -1.2044e-05
F_y_ini(19,1982)      1.08605 -7.24548e-06
F_y_ini(19,1983)      1.58962 -6.78134e-06
F_y_ini(19,1984)       1.3091 -2.78597e-06
F_y_ini(19,1985)      1.32578  4.35372e-06
F_y_ini(19,1986)      1.62807 -1.07873e-05
F_y_ini(19,1987)      1.38891 -1.84802e-05
F_y_ini(19,1988)       1.6019  1.89645e-06
F_y_ini(19,1989)      1.47899 -1.75531e-06
F_y_ini(19,1990)        1.278 -2.73735e-06
F_y_ini(19,1991)      1.18312 -6.62389e-06
F_y_ini(19,1992)        5.007  1.26201e-10
F_y_ini(19,1993)      1.43786 -7.60274e-06
F_y_ini(19,1994)      1.01299   2.3438e-06
F_y_ini(19,1995)       1.2921 -1.67061e-05
F_y_ini(19,1996)      1.11566 -5.34388e-06
F_y_ini(19,1997)     0.799004  -1.3051e-05
F_y_ini(19,1998)     0.821848 -3.01334e-06
F_y_ini(19,1999)      1.12617 -1.51632e-06
F_y_ini(19,2000)     0.800447   -4.075e-06
F_y_ini(19,2001)     0.612988 -8.04764e-06
F_y_ini(19,2002)     0.843531  9.59737e-06
F_y_ini(19,2003)     0.907203 -3.03056e-05
F_y_ini(19,2004)     0.655266 -2.49534e-06
F_y_ini(19,2005)     0.747449 -1.18393e-05
F_y_ini(19,2006)     0.715573 -1.24092e-05
F_y_ini(19,2007)     0.594219 -1.41147e-05
F_y_ini(19,2008)     0.882099 -1.60306e-05
F_y_ini(19,2009)     0.911293 -1.76375e-05
F_y_ini(19,2010)     0.941245 -1.84676e-05
F_y_ini(19,2011)     0.887694  4.12974e-07
F_y_ini(19,2012)     0.818872 -4.92605e-06
F_y_ini(19,2013)     0.746093 -3.49202e-06
F_y_ini(19,2014)     0.754937  5.08937e-06
F_y_ini(19,2015)     0.792257 -1.42684e-05
F_y_ini(19,2016)     0.786933   1.3316e-05
F_y_ini(19,2017)     0.934055 -1.74899e-05
F_y_ini(19,2018)     0.924317 -1.87411e-05
F_y_ini(19,2019)     0.948206  1.78207e-05
F_y_ini(19,2020)     0.710522  2.77713e-06
F_y_ini(19,2021)     0.503113 -2.95161e-06
F_y_ini(19,2022)     0.483812  -1.0026e-06
F_y_ini(20,1975)      1.32702  5.62576e-05
F_y_ini(20,1976)      1.50178 -3.88686e-05
F_y_ini(20,1977)      1.17408 -4.86238e-05
F_y_ini(20,1978)      1.48212 -1.78574e-05
F_y_ini(20,1979)      1.82916   8.0208e-06
F_y_ini(20,1980)        5.007  1.26201e-10
F_y_ini(20,1981)      1.03858 -9.26758e-06
F_y_ini(20,1982)      1.03738 -5.45879e-06
F_y_ini(20,1983)     0.888581 -7.39779e-06
F_y_ini(20,1984)     0.917216 -5.35806e-06
F_y_ini(20,1985)     0.815252  -5.3894e-06
F_y_ini(20,1986)     0.764456 -5.13768e-06
F_y_ini(20,1987)      0.83379 -4.54211e-06
F_y_ini(20,1988)     0.909689 -7.00193e-06
F_y_ini(20,1989)     0.776294 -4.67092e-06
F_y_ini(20,1990)     0.838181  1.71969e-06
F_y_ini(20,1991)      1.00151 -1.36949e-06
F_y_ini(20,1992)      1.16659  6.89665e-05
F_y_ini(20,1993)      1.32415 -2.85364e-05
F_y_ini(20,1994)      1.43448   5.6401e-06
F_y_ini(20,1995)      1.36258 -3.86601e-05
F_y_ini(20,1996)      1.01009  5.55525e-06
F_y_ini(20,1997)     0.985018  6.56244e-06
F_y_ini(20,1998)      1.11969  3.39214e-05
F_y_ini(20,1999)      1.14865   4.0847e-05
F_y_ini(20,2000)      1.37095 -4.65913e-05
F_y_ini(20,2001)      1.54516 -6.12872e-05
F_y_ini(20,2002)      1.85385 -2.79729e-05
F_y_ini(20,2003)      1.78118 -8.31518e-06
F_y_ini(20,2004)        5.007  1.26201e-10
F_y_ini(20,2005)      0.71463 -4.78324e-06
F_y_ini(20,2006)     0.581375 -5.15046e-06
F_y_ini(20,2007)     0.655501 -7.54258e-06
F_y_ini(20,2008)     0.585793 -1.02481e-05
F_y_ini(20,2009)     0.534066 -9.76226e-06
F_y_ini(20,2010)      0.49342 -4.49237e-06
F_y_ini(20,2011)     0.459719 -5.18535e-06
F_y_ini(20,2012)     0.403357  2.10459e-06
F_y_ini(20,2013)     0.401278   1.8598e-06
F_y_ini(20,2014)     0.506254  3.95471e-06
F_y_ini(20,2015)     0.468356 -8.19345e-08
F_y_ini(20,2016)     0.439888 -1.63435e-06
F_y_ini(20,2017)     0.483478 -2.39787e-06
F_y_ini(20,2018)     0.449587 -2.68732e-06
F_y_ini(20,2019)     0.399621  -8.2445e-07
F_y_ini(20,2020)      0.50746 -2.05485e-06
F_y_ini(20,2021)     0.615674 -7.94415e-07
F_y_ini(20,2022)     0.655258 -4.50701e-06
F_y_ini(21,1975)      1.65453 -5.79457e-06
F_y_ini(21,1976)     0.975039 -9.93351e-07
F_y_ini(21,1977)     0.231543  1.93029e-06
F_y_ini(21,1978)        5.007  1.26201e-10
F_y_ini(21,1979)        5.007  1.26201e-10
F_y_ini(21,1980)     0.145247 -2.15262e-06
F_y_ini(21,1981)      0.22275 -8.23341e-07
F_y_ini(21,1982)     0.191277  2.85172e-06
F_y_ini(21,1983)        5.007  1.26201e-10
F_y_ini(21,1984)      1.55206 -6.27516e-06
F_y_ini(21,1985)      1.77081  5.73154e-06
F_y_ini(21,1986)      1.50063  5.12241e-06
F_y_ini(21,1987)      1.34036  1.00195e-05
F_y_ini(21,1988)      1.28271  1.29519e-05
F_y_ini(21,1989)      1.09833  2.89519e-05
F_y_ini(21,1990)      1.04957 -1.63122e-05
F_y_ini(21,1991)      1.18831  4.19498e-06
F_y_ini(21,1992)      1.62888 -8.62718e-06
F_y_ini(21,1993)      2.12498  3.25053e-05
F_y_ini(21,1994)       1.9232 -2.66233e-06
F_y_ini(21,1995)      2.00312 -2.47074e-06
F_y_ini(21,1996)     0.815969  -2.3334e-05
F_y_ini(21,1997)     0.763649  1.46119e-05
F_y_ini(21,1998)        5.007  1.26201e-10
F_y_ini(21,1999)     0.746181 -9.72023e-07
F_y_ini(21,2000)     0.775282 -1.50314e-05
F_y_ini(21,2001)     0.599392 -1.35301e-05
F_y_ini(21,2002)     0.557944  4.68586e-06
F_y_ini(21,2003)     0.614262 -1.86217e-05
F_y_ini(21,2004)     0.656285 -1.67635e-05
F_y_ini(21,2005)     0.838371  2.60553e-05
F_y_ini(21,2006)     0.668468 -2.99418e-06
F_y_ini(21,2007)     0.593013  1.22239e-06
F_y_ini(21,2008)      0.41433  3.34203e-06
F_y_ini(21,2009)      0.24267  1.41714e-06
F_y_ini(21,2010)     0.283908  6.67636e-06
F_y_ini(21,2011)     0.272592  3.08436e-06
F_y_ini(21,2012)     0.517728  3.18492e-05
F_y_ini(21,2013)      0.61412 -6.28525e-05
F_y_ini(21,2014)     0.595234 -9.04567e-06
F_y_ini(21,2015)     0.647293  2.27425e-05
F_y_ini(21,2016)     0.625525  1.30601e-05
F_y_ini(21,2017)     0.459813 -7.51293e-06
F_y_ini(21,2018)      0.56869  2.37173e-06
F_y_ini(21,2019)     0.502358  1.28367e-05
F_y_ini(21,2020)     0.563939  9.89037e-06
F_y_ini(21,2021)     0.492006  2.01403e-06
F_y_ini(21,2022)     0.664796 -8.70481e-06
F_y_ini(22,1975)       1.4148  -3.6781e-07
F_y_ini(22,1976)      1.19054 -2.18723e-06
F_y_ini(22,1977)      2.82515 -2.89872e-06
F_y_ini(22,1978)      1.44089  3.27695e-06
F_y_ini(22,1979)     0.523859 -1.92154e-06
F_y_ini(22,1980)      1.63629   2.4246e-06
F_y_ini(22,1981)      1.18502 -7.25619e-07
F_y_ini(22,1982)        1.038  5.62498e-06
F_y_ini(22,1983)     0.424376 -1.05427e-06
F_y_ini(22,1984)     0.405357 -4.52709e-06
F_y_ini(22,1985)     0.677786  1.47226e-06
F_y_ini(22,1986)      1.71771 -8.24058e-08
F_y_ini(22,1987)       1.2056 -2.35396e-06
F_y_ini(22,1988)      1.87223 -3.80316e-06
F_y_ini(22,1989)      4.30362 -2.28756e-06
F_y_ini(22,1990)      3.48667  3.39001e-06
F_y_ini(22,1991)      2.60123   5.3011e-07
F_y_ini(22,1992)      1.39093  1.97898e-06
F_y_ini(22,1993)      0.96455  6.83075e-06
F_y_ini(22,1994)      3.98597  4.81453e-06
F_y_ini(22,1995)      1.49016 -3.80652e-06
F_y_ini(22,1996)      1.60121 -1.32607e-06
F_y_ini(22,1997)      1.57168 -8.64751e-07
F_y_ini(22,1998)      2.04463 -3.92379e-06
F_y_ini(22,1999)       1.4672 -6.45382e-06
F_y_ini(22,2000)      1.93776  2.92404e-06
F_y_ini(22,2001)      1.16229 -1.63554e-06
F_y_ini(22,2002)      3.21785 -7.30664e-07
F_y_ini(22,2003)      1.79506  5.76673e-07
F_y_ini(22,2004)      4.19759 -1.02481e-05
F_y_ini(22,2005)        5.007  1.26201e-10
F_y_ini(22,2006)      0.37152  4.97961e-06
F_y_ini(22,2007)      1.18013  5.16194e-07
F_y_ini(22,2008)      4.22308  -4.3311e-06
F_y_ini(22,2009)     0.383439 -1.95615e-06
F_y_ini(22,2010)      1.05991  4.53614e-06
F_y_ini(22,2011)     0.923061   3.4977e-06
F_y_ini(22,2012)     0.313281  5.22455e-06
F_y_ini(22,2013)     0.685749   4.5515e-06
F_y_ini(22,2014)      3.14628  2.92153e-06
F_y_ini(22,2015)      1.62038   8.0451e-06
F_y_ini(22,2016)     0.898465  -1.7679e-06
F_y_ini(22,2017)      1.01513 -3.48115e-06
F_y_ini(22,2018)      1.07019  5.10983e-06
F_y_ini(22,2019)      1.19071  4.46065e-06
F_y_ini(22,2020)      1.38429   5.8493e-06
F_y_ini(22,2021)      1.02435  3.98368e-06
F_y_ini(22,2022)      1.71783  4.96568e-06
F_y_ini(23,1975)      1.53178   -1.753e-06
F_y_ini(23,1976)      3.77226 -7.39508e-06
F_y_ini(23,1977)       3.8874 -2.82289e-06
F_y_ini(23,1978)      5.91123 -1.73324e-07
F_y_ini(23,1979)      7.07659  1.69774e-06
F_y_ini(23,1980)      5.25019 -1.70572e-06
F_y_ini(23,1981)       6.0797 -3.01686e-06
F_y_ini(23,1982)      6.59824  2.63946e-06
F_y_ini(23,1983)      3.69354  2.68067e-06
F_y_ini(23,1984)      4.64582  5.45955e-06
F_y_ini(23,1985)      8.15389  1.94859e-06
F_y_ini(23,1986)      3.13017  4.77789e-06
F_y_ini(23,1987)      2.20085 -1.29671e-06
F_y_ini(23,1988)      4.20024 -2.33244e-06
F_y_ini(23,1989)      5.23254 -7.95209e-07
F_y_ini(23,1990)      6.91667  3.71176e-06
F_y_ini(23,1991)      4.78733  4.69017e-06
F_y_ini(23,1992)      4.26861  7.66694e-06
F_y_ini(23,1993)      3.81011  -9.4852e-06
F_y_ini(23,1994)       3.4642 -8.57666e-06
F_y_ini(23,1995)      2.88919 -2.57985e-06
F_y_ini(23,1996)      4.80589 -1.34238e-06
F_y_ini(23,1997)      2.60402 -1.81493e-06
F_y_ini(23,1998)      4.11439 -2.47191e-06
F_y_ini(23,1999)      6.87296 -8.57094e-06
F_y_ini(23,2000)      4.68722 -2.06693e-06
F_y_ini(23,2001)       8.1709  1.64198e-06
F_y_ini(23,2002)       5.0281 -6.26864e-06
F_y_ini(23,2003)      7.17513 -9.82051e-06
F_y_ini(23,2004)      6.02198  7.44378e-06
F_y_ini(23,2005)        5.007  1.26201e-10
F_y_ini(23,2006)       1.0426 -4.84899e-06
F_y_ini(23,2007)     0.479845  3.80385e-05
F_y_ini(23,2008)     0.685196  6.84533e-06
F_y_ini(23,2009)      1.24363  2.95446e-06
F_y_ini(23,2010)     0.330894  3.01326e-06
F_y_ini(23,2011)     0.313877  1.00274e-05
F_y_ini(23,2012)    0.0911047 -1.54077e-06
F_y_ini(23,2013)      1.16271  1.44213e-05
F_y_ini(23,2014)      0.54435  -1.4952e-05
F_y_ini(23,2015)     0.538034  6.06889e-06
F_y_ini(23,2016)    0.0596069  2.52968e-06
F_y_ini(23,2017)     0.703423 -3.22694e-06
F_y_ini(23,2018)      1.02334 -1.90054e-05
F_y_ini(23,2019)     0.653306 -1.65128e-05
F_y_ini(23,2020)     0.610104 -2.44715e-05
F_y_ini(23,2021)     0.223914 -1.06025e-05
F_y_ini(23,2022)    0.0423304  1.26633e-06
F_y_ini(24,1975)     0.657907   1.4534e-05
F_y_ini(24,1976)      0.62819 -4.55544e-06
F_y_ini(24,1977)     0.428299 -2.83887e-06
F_y_ini(24,1978)     0.493421  5.37624e-06
F_y_ini(24,1979)     0.506923  2.42716e-06
F_y_ini(24,1980)     0.544097  3.34246e-06
F_y_ini(24,1981)     0.427317  6.42159e-06
F_y_ini(24,1982)     0.466863  2.90904e-06
F_y_ini(24,1983)     0.592822 -2.14095e-06
F_y_ini(24,1984)     0.635428  8.29185e-06
F_y_ini(24,1985)      1.03448 -6.96765e-06
F_y_ini(24,1986)     0.420549 -3.75678e-06
F_y_ini(24,1987)     0.685701 -3.83839e-07
F_y_ini(24,1988)     0.392975    1.253e-05
F_y_ini(24,1989)     0.490767  1.34983e-05
F_y_ini(24,1990)     0.444381  1.04188e-05
F_y_ini(24,1991)     0.664425  1.00868e-05
F_y_ini(24,1992)     0.356666  1.11724e-05
F_y_ini(24,1993)     0.740626  1.80647e-05
F_y_ini(24,1994)     0.464643  2.21732e-05
F_y_ini(24,1995)     0.272333  1.10771e-05
F_y_ini(24,1996)     0.312648  1.24039e-05
F_y_ini(24,1997)     0.286336  2.37913e-06
F_y_ini(24,1998)     0.234124 -4.68381e-06
F_y_ini(24,1999)     0.325627  8.42098e-06
F_y_ini(24,2000)     0.294224  3.77181e-06
F_y_ini(24,2001)     0.123763 -9.18617e-06
F_y_ini(24,2002)     0.296115 -1.08519e-06
F_y_ini(24,2003)        5.007  1.26201e-10
F_y_ini(24,2004)      0.69797 -9.19714e-06
F_y_ini(24,2005)        5.007  1.26201e-10
F_y_ini(24,2006)     0.875999  7.11724e-06
F_y_ini(24,2007)        5.007  1.26201e-10
F_y_ini(24,2008)     0.377788  7.15334e-06
F_y_ini(24,2009)     0.343691  7.42667e-06
F_y_ini(24,2010)     0.881575 -9.27336e-07
F_y_ini(24,2011)    0.0440251 -6.27276e-06
F_y_ini(24,2012)    0.0852922 -1.72098e-05
F_y_ini(24,2013)     0.732179 -5.20978e-06
F_y_ini(24,2014)     0.792523  -7.7481e-06
F_y_ini(24,2015)     0.671508   1.0704e-05
F_y_ini(24,2016)      1.05186  4.19783e-07
F_y_ini(24,2017)     0.405309  4.88122e-06
F_y_ini(24,2018)     0.859236  7.40334e-06
F_y_ini(24,2019)      1.01809  3.30752e-06
F_y_ini(24,2020)      1.27015  1.76684e-05
F_y_ini(24,2021)      1.00182 -3.19238e-05
F_y_ini(24,2022)     0.624286 -1.19317e-06
F_y_ini(25,1975)       2.4336  1.16567e-06
F_y_ini(25,1976)       2.2077 -3.54436e-06
F_y_ini(25,1977)      2.20616  1.52312e-06
F_y_ini(25,1978)      1.52273 -9.11591e-07
F_y_ini(25,1979)     0.891157   3.8878e-07
F_y_ini(25,1980)       2.2004 -1.55865e-06
F_y_ini(25,1981)      1.97988  3.65637e-07
F_y_ini(25,1982)      1.18907  1.57722e-06
F_y_ini(25,1983)      2.39431  2.48402e-06
F_y_ini(25,1984)      1.10317 -3.14283e-06
F_y_ini(25,1985)      1.17423 -3.67155e-06
F_y_ini(25,1986)      2.24375 -1.08708e-05
F_y_ini(25,1987)     0.497762  9.54587e-06
F_y_ini(25,1988)      1.44247 -1.57395e-06
F_y_ini(25,1989)      0.49307 -1.51249e-06
F_y_ini(25,1990)      1.61381  2.07205e-06
F_y_ini(25,1991)      1.73582  5.56887e-06
F_y_ini(25,1992)     0.691854  6.77842e-06
F_y_ini(25,1993)      1.44587 -5.54913e-06
F_y_ini(25,1994)     0.790085  6.63079e-06
F_y_ini(25,1995)      1.77769  9.50372e-06
F_y_ini(25,1996)      1.38492  9.58436e-07
F_y_ini(25,1997)      1.05378 -5.14121e-06
F_y_ini(25,1998)      1.77518 -6.49776e-06
F_y_ini(25,1999)      1.13101 -2.38198e-06
F_y_ini(25,2000)      1.39202 -2.71113e-06
F_y_ini(25,2001)      1.79934 -3.15153e-06
F_y_ini(25,2002)      1.63835 -1.78701e-06
F_y_ini(25,2003)      1.58068   3.7369e-06
F_y_ini(25,2004)      1.57794  -5.3646e-06
F_y_ini(25,2005)      1.15841 -1.33515e-05
F_y_ini(25,2006)      1.89232 -3.93424e-06
F_y_ini(25,2007)      1.06782  4.62341e-06
F_y_ini(25,2008)      0.96802  6.00879e-06
F_y_ini(25,2009)     0.566273  -3.7918e-06
F_y_ini(25,2010)     0.652728  1.90239e-05
F_y_ini(25,2011)     0.821702 -4.99709e-06
F_y_ini(25,2012)     0.906858 -8.15681e-06
F_y_ini(25,2013)     0.945252  9.04609e-07
F_y_ini(25,2014)      0.25621   2.7894e-06
F_y_ini(25,2015)      1.08788 -4.78325e-06
F_y_ini(25,2016)      2.45025 -7.35322e-06
F_y_ini(25,2017)     0.745434  1.47724e-06
F_y_ini(25,2018)     0.956765  -9.6591e-08
F_y_ini(25,2019)     0.701871 -2.91539e-06
F_y_ini(25,2020)     0.972153  5.13761e-06
F_y_ini(25,2021)     0.526343 -1.85843e-06
F_y_ini(25,2022)      0.16998  1.94784e-06
F_y_ini(26,1975)      1.18485  1.02976e-05
F_y_ini(26,1976)     0.948788 -5.36578e-05
F_y_ini(26,1977)       1.0368  -4.8042e-05
F_y_ini(26,1978)     0.945765 -1.09447e-05
F_y_ini(26,1979)      1.43382 -1.04652e-05
F_y_ini(26,1980)      1.14296  1.40005e-05
F_y_ini(26,1981)      1.18898  5.19257e-05
F_y_ini(26,1982)      1.31663 -2.87328e-05
F_y_ini(26,1983)      1.26033  1.21699e-05
F_y_ini(26,1984)      1.31406  1.51963e-05
F_y_ini(26,1985)      1.20715 -6.22964e-05
F_y_ini(26,1986)      1.50284  4.43868e-05
F_y_ini(26,1987)      1.53159 -3.60638e-05
F_y_ini(26,1988)      1.61458  2.35211e-05
F_y_ini(26,1989)       1.4345  2.70846e-05
F_y_ini(26,1990)        5.007  1.26201e-10
F_y_ini(26,1991)      1.17092  1.62467e-05
F_y_ini(26,1992)      1.23929 -1.01111e-05
F_y_ini(26,1993)      1.19446 -1.58446e-05
F_y_ini(26,1994)      1.19855 -2.04989e-05
F_y_ini(26,1995)       1.1412  3.75918e-05
F_y_ini(26,1996)      1.29481 -2.65564e-05
F_y_ini(26,1997)      1.44893  1.12325e-05
F_y_ini(26,1998)       1.2417  4.17188e-05
F_y_ini(26,1999)      1.26095 -6.65643e-05
F_y_ini(26,2000)     0.920648  4.20865e-05
F_y_ini(26,2001)      1.12633 -5.26625e-05
F_y_ini(26,2002)      1.05599  3.94573e-05
F_y_ini(26,2003)     0.937974 -9.17607e-06
F_y_ini(26,2004)     0.655519 -7.35691e-06
F_y_ini(26,2005)     0.646074  1.51817e-06
F_y_ini(26,2006)     0.626556  1.22107e-06
F_y_ini(26,2007)        5.007  1.26201e-10
F_y_ini(26,2008)     0.746163  1.98961e-07
F_y_ini(26,2009)     0.833821 -1.18302e-05
F_y_ini(26,2010)     0.730753 -4.13066e-06
F_y_ini(26,2011)     0.901399  4.48201e-06
F_y_ini(26,2012)     0.871503 -9.09534e-06
F_y_ini(26,2013)     0.760694 -7.85355e-06
F_y_ini(26,2014)     0.810552  1.76341e-06
F_y_ini(26,2015)     0.882621  2.61917e-06
F_y_ini(26,2016)      1.01101 -9.93596e-06
F_y_ini(26,2017)     0.817177 -2.08569e-05
F_y_ini(26,2018)      0.91853  2.92913e-05
F_y_ini(26,2019)     0.725014 -9.58341e-06
F_y_ini(26,2020)     0.716726   4.0699e-06
F_y_ini(26,2021)     0.570577 -3.81248e-07
F_y_ini(26,2022)     0.526417 -3.99553e-06
F_y_ini(27,1975)       1.0164  2.77384e-06
F_y_ini(27,1976)     0.945883  1.13469e-05
F_y_ini(27,1977)     0.860214  5.34022e-06
F_y_ini(27,1978)      1.05507 -8.85243e-07
F_y_ini(27,1979)       1.0378 -3.75321e-06
F_y_ini(27,1980)      1.04212    6.348e-06
F_y_ini(27,1981)      1.03511  2.52501e-06
F_y_ini(27,1982)      1.16533 -6.90679e-06
F_y_ini(27,1983)       1.0988  7.02118e-07
F_y_ini(27,1984)      1.25804 -2.47981e-06
F_y_ini(27,1985)       1.1786  6.31263e-07
F_y_ini(27,1986)      1.28682  1.21166e-06
F_y_ini(27,1987)      1.05588 -9.26226e-06
F_y_ini(27,1988)      1.07937  3.91169e-06
F_y_ini(27,1989)     0.890515  1.01897e-06
F_y_ini(27,1990)        5.007  1.26201e-10
F_y_ini(27,1991)      1.11426  3.27086e-06
F_y_ini(27,1992)      1.09122 -4.51558e-06
F_y_ini(27,1993)      1.18281  1.23785e-06
F_y_ini(27,1994)       1.2642 -1.56907e-05
F_y_ini(27,1995)      1.18647 -5.10449e-05
F_y_ini(27,1996)      1.68172  0.000118721
F_y_ini(27,1997)      1.42184 -5.63097e-05
F_y_ini(27,1998)      1.51808 -5.71081e-06
F_y_ini(27,1999)      1.35705  1.14519e-05
F_y_ini(27,2000)      1.49605 -6.59642e-07
F_y_ini(27,2001)      1.24813  6.18758e-07
F_y_ini(27,2002)      1.24584 -1.09733e-05
F_y_ini(27,2003)      1.22703  5.67348e-06
F_y_ini(27,2004)       1.2105 -1.55767e-05
F_y_ini(27,2005)      1.30417  8.17588e-06
F_y_ini(27,2006)      1.11505 -4.08069e-08
F_y_ini(27,2007)      1.12895  2.23948e-06
F_y_ini(27,2008)     0.966363 -8.32999e-07
F_y_ini(27,2009)      1.10912  5.45757e-06
F_y_ini(27,2010)      1.24049  1.74974e-06
F_y_ini(27,2011)      1.08572 -4.14291e-06
F_y_ini(27,2012)      1.23131  1.02712e-05
F_y_ini(27,2013)      1.12872 -2.24025e-06
F_y_ini(27,2014)      1.10073  2.22383e-06
F_y_ini(27,2015)      1.05051  1.45276e-06
F_y_ini(27,2016)       1.2647 -3.24803e-06
F_y_ini(27,2017)       1.2905 -4.19262e-06
F_y_ini(27,2018)      1.31553  1.22365e-05
F_y_ini(27,2019)      1.47348 -1.11193e-05
F_y_ini(27,2020)      1.09664 -1.46364e-05
F_y_ini(27,2021)     0.750515  -1.2693e-05
F_y_ini(27,2022)     0.468349 -2.59245e-05
F_q_ini[47](3)     0.919823  2.72382e-05
F_q_ini[48](3)      1.23268  0.000105624
F_q_ini[49](3)     0.552312  2.48932e-05
F_q_ini[50](1)    0.0813956 -3.45819e-05
F_q_ini[50](2)    0.0540149 -9.53674e-05
F_q_ini[50](3)     0.135978 -0.000192128
F_q_ini[51](1)    0.0849484  0.000891789
F_q_ini[51](2)    0.0947049  0.000790072
F_q_ini[51](3)     0.241874   0.00117138
F_q_ini[52](1)    0.0672757 -6.42843e-06
F_q_ini[52](2)     0.136949  5.29887e-05
F_q_ini[52](3)      0.35968   0.00020959
F_q_ini[55](2)      3.68152 -0.000163692
F_q_ini[56](2)      11.1529 -3.89064e-05
F_q_ini[57](2)      5.83582 -4.70626e-05
F_q_ini[58](2)      11.1303  0.000330346
F_q_ini[61](2)      3.39825 -0.000221222
F_q_ini[62](2)      8.01458 -7.65712e-05
F_q_ini[63](2)      3.32284 -0.000223881
F_q_ini[64](2)       11.694 -1.57833e-05
F_q_ini[65](3)    0.0256371 -2.58464e-05
F_q_ini[66](3)     0.037769  4.25411e-06
F_q_ini[67](1)    0.0663674  0.000808787
F_q_ini[67](2)    0.0479316  0.000263248
F_q_ini[67](3)     0.165449  0.000757738
F_q_ini[68](1)   0.00223803 -0.000260301
F_q_ini[68](2)    0.0197435  0.000131605
F_q_ini[68](3)     0.113351  0.000202769
F_q_ini[69](1)    0.0957884   3.9948e-05
F_q_ini[69](2)     0.128132 -1.93408e-07
F_q_ini[69](3)     0.130929 -3.28626e-05
F_q_ini[70](1)   0.00463549 -3.17525e-05
F_q_ini[70](2)    0.0360538 -8.07272e-05
F_q_ini[70](3)     0.116563  1.55337e-05
F_q_ini[71](1)      0.01819 -4.91132e-05
F_q_ini[71](2)      12.4139 -8.08906e-09
F_q_ini[71](3)     0.285506  9.31479e-05
F_q_ini[72](1)     0.041305 -3.89338e-06
F_q_ini[72](2)      12.4139 -8.08906e-09
F_q_ini[72](3)     0.144209  0.000115297
F_q_ini[73](1)    0.0616149  0.000160782
F_q_ini[73](2)      12.4139 -8.08906e-09
F_q_ini[73](3)     0.113849  -1.6713e-06
qq_ini(1,1)      0.80602 -1.17386e-05
qq_ini(1,2)      4.21258 -8.56101e-07
qq_ini(1,3)      6.83414    2.178e-06
qq_ini(1,4)      9.87379 -2.10723e-05
qq_ini(2,0)     0.125956 -1.59562e-05
qq_ini(2,1)      2.13911  -2.4965e-06
qq_ini(2,2)      4.18379 -9.68252e-06
qq_ini(2,3)      6.02599 -1.44374e-05
qq_ini(2,4)       7.7589  -6.2068e-06
qq_ini(3,1)      1.37416 -3.41308e-06
qq_ini(3,2)      4.00579  -6.8191e-06
qq_ini(3,3)      4.23265 -7.43087e-06
qq_ini(3,4)      3.34494 -8.83788e-07
qq_ini(4,0)     0.759818 -2.66941e-06
qq_ini(4,1)       4.0155  -3.4925e-06
qq_ini(4,2)      4.30081  9.33407e-07
qq_ini(4,3)      3.37198   -1.128e-05
qq_ini(4,4)      2.96299  4.63609e-07
qq_ini(5,1)      36.1566  5.00521e-07
qq_ini(5,2)      60.9949 -5.94577e-06
qq_ini(5,3)      66.3694 -2.41022e-06
qq_ini(5,4)      46.2754  1.40691e-06
qq_ini(6,0)      19.7328 -5.36603e-07
qq_ini(6,1)      66.7053 -3.00909e-06
qq_ini(6,2)      59.0982 -1.88242e-06
qq_ini(7,3)      0.97368  5.71838e-07
qq_ini(8,1)      1.07922  5.48496e-06
qq_ini(9,1)       1.2103  -2.0055e-06
qq_ini(9,2)      1.05441  3.19156e-07
qq_ini(9,3)      1.27465  3.80648e-07
qq_ini(10,1)      13.1838  5.78294e-06
qq_ini(11,0)      0.39906 -1.54701e-06
qq_ini(12,0)      36.9627 -3.96478e-06
qq_ini(12,1)      46.4857  2.38944e-06
qq_ini(13,1)     0.863067 -7.56913e-07
qq_ini(13,2)     0.946123 -4.58058e-07
qq_ini(13,3)     0.582301 -2.63745e-06
qq_ini(14,1)      1.87498 -4.74293e-07
qq_ini(14,2)      3.40328 -2.86599e-06
qq_ini(14,3)      3.02839  8.10609e-06
qq_ini(15,0)      1.95739  8.16928e-07
qq_ini(16,1)      3.27925   3.8076e-06
qq_ini(16,2)      8.26493 -6.99313e-06
qq_ini(16,3)      11.7902  3.65966e-06
qq_ini(17,0)     0.239855 -9.03236e-07
qq_ini(17,1)     0.975488  7.57603e-07
qq_ini(18,1)     0.459719   3.3667e-06
qq_ini(18,2)     0.861401 -1.02149e-06
qq_ini(18,3)     0.966021  9.34919e-06
qq_ini(19,1)     0.795808   1.0949e-05
qq_ini(19,2)      1.27195 -3.18429e-06
qq_ini(19,3)      2.09596  6.36327e-06
qq_ini(20,0)     0.386413 -2.24142e-06
qq_ini(20,1)      2.90763  -2.5162e-06
qq_ini(21,1)      0.96963 -1.53472e-07
qq_ini(21,2)      2.83302  7.70067e-06
qq_ini(21,3)      7.57703  3.57914e-06
qq_ini(22,2)      4.80262 -2.90343e-06
qq_ini(22,3)        7.307  6.49829e-06
qq_ini(23,0)     0.920133  2.72477e-06
qq_ini(23,1)      2.94953  2.01924e-06
qq_ini(24,1)       10.172  9.39529e-07
qq_ini(24,2)      19.4572  1.05883e-05
qq_ini(24,3)      25.3912  6.24568e-07
qq_ini(25,1)      4.02727  -4.5608e-06
qq_ini(25,2)      10.9612 -2.52822e-06
qq_ini(25,3)       12.718  3.62182e-06
qq_ini(26,1)      7.71589  1.61623e-06
qq_ini(26,2)      9.33055 -2.30383e-06
qq_ini(26,3)      5.33213 -1.56318e-05
qq_ini(27,1)       1.4832 -2.38434e-06
qq_ini(27,2)      1.67969 -7.47184e-06
qq_ini(27,3)     0.858254 -1.15146e-05
qq_ini(27,4)     0.177431 -7.81952e-06
qq_ini(28,1)      3.17253 -2.44412e-05
qq_ini(28,2)      4.55648 -5.58722e-06
qq_ini(28,3)      5.55233 -1.64234e-05
qq_ini(28,4)      7.10648 -3.32325e-06
qq_ini(29,1)    0.0691728  1.00547e-06
qq_ini(29,2)     0.515556 -1.17428e-05
qq_ini(29,3)      1.12363  8.70733e-06
qq_ini(29,4)      1.44154 -3.81666e-07
qq_ini(29,5)      1.73664 -2.18727e-06
qq_ini(30,1)      16.9667  1.03554e-06
qq_ini(30,2)      10.8833 -1.27011e-06
qq_ini(30,3)      3.56173 -2.56159e-06
qq_ini(30,4)     0.976791  1.77669e-06
qq_ini(30,5)      0.17481 -1.06279e-06
qq_ini(31,1)      7.54527 -2.31533e-06
qq_ini(31,2)      2.25069  -3.3429e-05
qq_ini(31,3)      1.09025  4.55141e-07
qq_ini(31,4)      0.39605 -1.26613e-05
qq_ini(32,0)     0.678693 -8.05402e-06
qq_ini(33,1)      25.4909 -1.42149e-07
qq_ini(33,2)       23.116 -9.46566e-06
qq_ini(33,3)      17.7615   1.6664e-05
qq_ini(33,4)      15.3161  -2.0784e-07
qq_ini(34,1)      1.85942  3.65143e-06
qq_ini(34,2)     0.762143  7.65827e-06
qq_ini(34,3)     0.245242 -2.91128e-06
qq_s2_ini(1,1)     0.281234  -5.3137e-07
qq_s2_ini(1,2)    0.0971772  3.42402e-06
qq_s2_ini(1,3)     0.180814  4.90007e-06
qq_s2_ini(2,1)      1.73228  5.38821e-06
qq_s2_ini(2,2)     0.246902 -1.08903e-05
qq_s2_ini(2,3)     0.208437  2.59964e-06
qq_s2_ini(3,1)     0.223962   1.1003e-05
qq_s2_ini(3,2)     0.118806 -2.60702e-06
qq_s2_ini(4,1)     0.545099 -2.99441e-07
qq_s2_ini(4,2)      0.16863  1.01213e-05
qq_s2_ini(4,3)    0.0957451 -2.14446e-06
qq_s2_ini(5,1)     0.162408 -3.57944e-06
qq_s2_ini(5,2)     0.174317  1.67207e-06
qq_s2_ini(6,1)     0.270009  4.86732e-06
qq_s2_ini(6,2)     0.138631 -2.79125e-06
qq_s2_ini(6,3)     0.280158 -4.42194e-06
qq_s2_ini(7,1)     0.239757  5.85031e-06
qq_s2_ini(8,1)     0.248859  1.64754e-06
qq_s2_ini(9,1)     0.216655 -3.73798e-06
qq_s2_ini(9,2)    0.0563556 -9.02674e-06
qq_s2_ini(9,3)     0.115071 -9.58016e-07
qq_s2_ini(10,1)     0.113244  2.20296e-06
qq_s2_ini(11,1)     0.167234 -7.79125e-06
qq_s2_ini(12,1)     0.451988  2.95968e-07
qq_s2_ini(12,2)      0.80736 -3.37111e-06
qq_s2_ini(13,1)      0.39177  3.77085e-06
qq_s2_ini(14,1)     0.417056  6.82749e-06
qq_s2_ini(14,2)     0.464761  8.09777e-06
qq_s2_ini(15,1)       1.4801 -4.57336e-06
qq_s2_ini(16,1)     0.557214  -3.5757e-06
qq_s2_ini(16,2)      1.16378 -1.02287e-05
qq_s2_ini(17,1)     0.538318 -1.98177e-06
qq_s2_ini(17,2)     0.856892   2.8054e-06
qq_s2_ini(18,1)     0.349835 -9.98899e-06
qq_s2_ini(18,2)     0.143976 -2.27054e-06
qq_s2_ini(19,1)     0.220628  1.12079e-06
qq_s2_ini(20,1)      0.85131  1.50416e-06
qq_s2_ini(20,2)     0.171443  1.90141e-06
qq_s2_ini(21,1)      0.30439  8.84586e-06
qq_s2_ini(21,2)     0.168319  4.52372e-06
qq_s2_ini(22,1)     0.219712   1.0601e-05
qq_s2_ini(22,2)     0.636486 -2.34713e-06
qq_s2_ini(23,1)     0.670205 -9.29169e-07
qq_s2_ini(23,2)     0.158886 -7.65723e-06
qq_s2_ini(24,1)     0.227844 -1.04722e-06
qq_s2_ini(24,2)      0.27324 -3.16881e-07
qq_s2_ini(25,1)     0.515821 -1.76299e-06
qq_s2_ini(25,2)       0.4117  3.43911e-07
qq_s2_ini(26,1)     0.205474 -3.59526e-06
qq_s2_ini(26,2)    0.0819564  6.10678e-07
qq_s2_ini(27,1)     0.199688 -4.57024e-06
qq_s2_ini(27,2)     0.533718 -4.11036e-06
qq_s2_ini(27,3)     0.341593   1.1138e-06
qq_s2_ini(28,1)    0.0881482  -7.3701e-06
qq_s2_ini(28,2)     0.055604  1.92248e-06
qq_s2_ini(28,3)      0.12717  1.43255e-06
qq_s2_ini(29,1)      0.12278 -6.55943e-06
qq_s2_ini(29,2)    0.0536742  1.00288e-05
qq_s2_ini(29,3)     0.180785  1.32449e-06
qq_s2_ini(30,1)      0.16497 -1.45133e-06
qq_s2_ini(30,2)      0.84556  1.10039e-05
qq_s2_ini(30,3)      1.32268   2.4742e-06
qq_s2_ini(31,1)     0.144715  7.88671e-06
qq_s2_ini(31,2)     0.666926 -1.46524e-05
qq_s2_ini(31,3)      1.88171  3.51211e-06
qq_s2_ini(32,1)     0.227725 -2.63809e-08
qq_s2_ini(33,1)     0.218124  7.68958e-08
qq_s2_ini(33,2)      0.15737 -3.60166e-08
qq_s2_ini(33,3)     0.163774  8.39742e-07
qq_s2_ini(33,4)     0.435031 -5.09805e-06
qq_s2_ini(34,1)     0.401156  2.79341e-05
qq_s2_ini(34,2)     0.437102 -5.30291e-06
qq_s2_ini(34,3)      1.31452 -4.27966e-05
SSB_R_alfa(16)      3.75269 -4.82708e-06
SSB_R_alfa(17)      4.72008  3.12747e-05
SSB_R_alfa(18)      14.7698 -4.01573e-06
SSB_R_alfa(19)      12.0891 -1.66121e-05
SSB_R_alfa(20)      15.2428  2.11847e-05
SSB_R_alfa(21)      52.3054 -7.14906e-06
SSB_R_alfa(22)       1011.6  3.10889e-05
SSB_R_alfa(23)      1102.78    5.102e-05
SSB_R_alfa(24)      6.86786  5.35637e-05
SSB_R_alfa(25)      6.92693  0.000200496
SSB_R_alfa(26)      9.28252  4.06631e-06
SSB_R_alfa(27)      6.60661  4.09785e-05
SSB_R_beta_ini(1)    0.0829044  3.68253e-05
SSB_R_beta_ini(2)     0.155839  6.96789e-05
SSB_R_beta_ini(3)      2.30438  0.000159503
SSB_R_beta_ini(4)      1.02585   3.6254e-06
SSB_R_beta_ini(5)      2.40005  -5.8762e-05
catch_s2_ini[16](1,1)       0.3664  -5.4921e-05
catch_s2_ini[16](1,2)    0.0205817 -9.62574e-05
catch_s2_ini[16](1,3)    0.0668928 -1.02394e-05
catch_s2_ini[16](1,4)     0.319814 -3.78894e-07
catch_s2_ini[17](1,1)      1.43917 -5.14563e-05
catch_s2_ini[17](1,2)     0.058323 -1.89672e-05
catch_s2_ini[17](1,3)     0.162747 -0.000131174
catch_s2_ini[18](1,1)     0.794684 -3.33582e-05
catch_s2_ini[18](1,2)     0.273469 -1.18248e-05
catch_s2_ini[18](1,3)    0.0783881 -2.27074e-05
catch_s2_ini[18](1,4)     0.167347 -0.000126216
catch_s2_ini[18](1,5)     0.797162  2.10742e-06
catch_s2_ini[19](1,1)     0.246866  2.82432e-06
catch_s2_ini[19](1,2)    0.0408592 -6.49855e-05
catch_s2_ini[19](1,3)    0.0540859  0.000129275
catch_s2_ini[20](1,1)     0.232283  0.000162185
catch_s2_ini[20](1,2)     0.187442 -3.00054e-05
catch_s2_ini[20](1,3)     0.040991 -0.000141282
catch_s2_ini[21](1,1)        1.005  -0.00160117
catch_s2_ini[21](1,2)     0.740898 -2.60437e-05
catch_s2_ini[21](1,3)     0.804006  7.33701e-05
catch_s2_ini[21](2,1)        1.005  5.72569e-06
catch_s2_ini[21](2,2)     0.494004  8.72612e-06
catch_s2_ini[21](2,3)     0.621139 -7.16666e-05
catch_s2_ini[21](3,1)     0.772409 -8.00854e-05
catch_s2_ini[21](3,2)     0.460325  4.05465e-05
catch_s2_ini[21](3,3)     0.185216  6.06855e-05
catch_s2_ini[21](4,1)     0.837859  1.51115e-05
catch_s2_ini[21](4,2)     0.364173  0.000209564
catch_s2_ini[21](4,3)     0.867685 -9.97826e-06
catch_s2_ini[22](1,1)        1.005   1.0559e-05
catch_s2_ini[22](1,2)        1.005 -1.90974e-05
catch_s2_ini[22](1,3)        1.005 -0.000196693
catch_s2_ini[22](2,1)        1.005  0.000134429
catch_s2_ini[22](2,2)     0.276909  -2.2739e-05
catch_s2_ini[22](2,3)      1.79704 -3.54833e-05
catch_s2_ini[22](3,1)            2      9.3e-05
catch_s2_ini[22](3,2)      1.86516  2.00441e-05
catch_s2_ini[22](3,3)            2  9.93272e-05
catch_s2_ini[22](4,1)        1.005  2.28577e-05
catch_s2_ini[22](4,2)        1.005  0.000139348
catch_s2_ini[22](4,3)        1.005 -7.31317e-06
catch_s2_ini[23](1,1)        1.005 -0.000101386
catch_s2_ini[23](1,2)        1.005 -2.73171e-05
catch_s2_ini[23](1,3)        1.005 -0.000151712
catch_s2_ini[23](2,1)        1.005 -0.000166697
catch_s2_ini[23](2,2)     0.141659 -7.68807e-05
catch_s2_ini[23](2,3)     0.568526 -2.54202e-05
catch_s2_ini[23](3,1)            2 -1.11906e-05
catch_s2_ini[23](3,2)     0.986069 -0.000119789
catch_s2_ini[23](3,3)      1.80614 -1.09191e-06
catch_s2_ini[23](4,1)        1.005 -8.01923e-06
catch_s2_ini[23](4,2)        1.005 -8.84971e-06
catch_s2_ini[23](4,3)        1.005   8.2537e-06
catch_s2_ini[24](1,1)        1.005 -6.97746e-06
catch_s2_ini[24](1,2)      1.07025  1.91964e-06
catch_s2_ini[24](1,3)      1.90531  2.69207e-06
catch_s2_ini[24](2,1)        1.005 -2.15885e-05
catch_s2_ini[24](2,2)     0.559494 -7.37147e-05
catch_s2_ini[24](2,3)      1.17032  3.55233e-06
catch_s2_ini[24](3,1)            2 -6.46847e-07
catch_s2_ini[24](3,2)     0.422568 -7.10565e-06
catch_s2_ini[24](3,3)      1.33822  2.39276e-05
catch_s2_ini[24](4,1)      1.45833  5.95153e-06
catch_s2_ini[24](4,2)     0.452056  -2.1496e-05
catch_s2_ini[24](4,3)            2  8.56888e-06
catch_s2_ini[25](1,1)      1.54597  1.96785e-06
catch_s2_ini[25](1,2)            2  4.69339e-06
catch_s2_ini[25](2,1)        1.005 -4.45319e-05
catch_s2_ini[25](2,2)        1.005  9.61754e-05
catch_s2_ini[25](3,1)     0.779576  9.49442e-06
catch_s2_ini[25](3,2)     0.913331 -1.17338e-05
catch_s2_ini[25](4,1)     0.513904  2.42776e-06
catch_s2_ini[25](4,2)       1.5185   4.6507e-06
catch_s2_ini[26](1,1)      0.17764  -3.9833e-07
catch_s2_ini[26](1,2)    0.0588246 -9.60545e-06
catch_s2_ini[26](1,3)    0.0634472 -7.32434e-05
catch_s2_ini[27](1,1)            2  -5.4532e-06
catch_s2_ini[27](1,2)      0.15843 -4.84406e-06
catch_s2_ini[27](1,3)    0.0349348 -4.17384e-06
SSB_R_s2_ini(16)     0.221933  3.19993e-05
SSB_R_s2_ini(17)    0.0843423 -0.000137163
SSB_R_s2_ini(18)      1.03856 -4.24193e-08
SSB_R_s2_ini(19)     0.126179 -2.58426e-06
SSB_R_s2_ini(20)     0.262647 -4.99375e-06
SSB_R_s2_ini(21)     0.223703 -2.38776e-05
SSB_R_s2_ini(22)     0.626572  5.47463e-05
SSB_R_s2_ini(23)     0.431373   1.0538e-05
SSB_R_s2_ini(24)     0.248918 -0.000289883
SSB_R_s2_ini(25)     0.308609  1.97998e-06
SSB_R_s2_ini(26)     0.114326  5.45864e-06
SSB_R_s2_ini(27)     0.278239  8.08197e-06
vulnera(1)      26.8931  8.96214e-07
vulnera(2)      5.60454 -3.06631e-06
vulnera(3)      78.1293  -3.2604e-06
vulnera(4)     0.264969 -2.55666e-06
vulnera(5)    0.0246295 -4.74685e-06
vulnera(6)    0.0215135 -5.59824e-06
vulnera(7)     0.288503 -2.44606e-06
vulnera(8)     0.545579 -3.37664e-06
vulnera(9)      1.78859  5.78175e-06
vulnera(10)      4.37915  2.10357e-05
vulnera(11)      1.80008  -3.1581e-06
vulnera(12)       1.2171 -3.46547e-06
vulnera(13)      1.09056 -1.84975e-05
vulnera(14)      1.44993 -8.29933e-06
vulnera(15)      1.03346  8.33623e-06
vulnera(16)     0.522613 -5.11504e-06
vulnera(17)     0.552535 -2.55996e-06
vulnera(18)   0.00718413  -3.1187e-06
vulnera(19)    0.0134434  7.42844e-06
vulnera(20)    0.0163025   1.1265e-06
vulnera(21)    0.0289351  2.13429e-06
vulnera(22)    0.0398175  -2.1271e-06
vulnera(23)      203.517 -3.98481e-06
vulnera(24)       44.136   2.0989e-06
vulnera(25)      66.7471    1.591e-06
vulnera(26)      1.85582  1.01254e-05
vulnera(27)      1.92648 -3.46542e-06
vulnera(28)      1.64871  4.12384e-07
vulnera(29)      12.0388 -6.26427e-07
vulnera(30)      153.025 -1.12008e-06
vulnera(31)      42.5563  3.24104e-06
vulnera(32)      67.3914  3.51658e-05
vulnera(33)     0.761941  8.11574e-06
vulnera(34)      3.22774  8.28251e-07
vulnera(35)      2.49063  1.92929e-06
vulnera(36)      2.90677  2.31281e-06
vulnera(37)       4.9033  5.48195e-06
vulnera(38)      63.5283 -3.29556e-07
vulnera(39)      2.39684 -8.72796e-07
vulnera(40)     0.563314  6.17284e-06
vulnera(41)     0.529285 -3.89462e-06
vulnera(42)      12.2207  5.34011e-06
vulnera(43)      2.18778 -3.94748e-06
vulnera(44)     0.470155 -6.00348e-06
vulnera(45)     0.407231  1.55796e-06
vulnera(46)     0.499667  1.27196e-06
vulnera(47)     0.117936   -6.668e-07
vulnera(48)       1.8671 -4.92932e-07
vulnera(49)     0.315903  8.11887e-07
vulnera(50)     0.266717 -6.93134e-07
vulnera(51)    0.0511263  1.50684e-06
vulnera(52)      1.24832  1.68548e-06
vulnera(53)      13.8355  1.02807e-05
vulnera(54)      3.98939  3.97629e-06
vulnera(55)      1.01426 -2.90242e-07
vulnera(56)     0.376446  2.05721e-06
vulnera(57)     0.498517  5.92111e-06
vulnera(58)      7.36191  5.02222e-06
vulnera(59)      3.37178  1.90282e-06
vulnera(60)      2.89368  7.62459e-06
vulnera(61)     0.315247 -8.29846e-06
vulnera(62)     0.419778 -2.86444e-06
vulnera(63)     0.688657 -1.62669e-06
vulnera(64)     0.520601  4.59971e-06
vulnera(65)     0.502172 -2.70612e-05
vulnera(66)      0.26056  1.61296e-05
vulnera(67)      3.50004 -4.81937e-07
vulnera(68)       3.1366  -1.0958e-06
vulnera(69)     0.130614 -2.21177e-06
vulnera(70)     0.060534 -7.37096e-07
vulnera(71)    0.0553134   0.00231875
vulnera(72)      4.62496  -0.00400303
vulnera(73)       0.4475    0.0046889
vulnera(74)      1.02916    0.0493262
vulnera(75)    0.0183884  6.16527e-05
vulnera(76)      5.06062  3.69394e-08
vulnera(77)     0.511427 -1.43896e-05
vulnera(78)     0.148449  5.77624e-06
vulnera(79)     0.277612  -1.2207e-05
vulnera(80)      7.52898 -8.05627e-05
vulnera(81)      3.29881 -3.24866e-05
vulnera(82)     0.219016 -5.99386e-06
vulnera(83)     0.302809   0.00174956
vulnera(84)     0.190453   0.00136285
vulnera(85)      0.25746 -5.72003e-05
vulnera(86)      4.39025  0.000120452
vulnera(87)    0.0400408  2.99492e-07
vulnera(88)      1.80401 -1.32908e-06
vulnera(89)       1.2968  5.23623e-06
vulnera(90)     0.553491 -1.52528e-06
vulnera(91)      1.23264 -1.09879e-05
vulnera(92)     0.142973 -2.39124e-06
vulnera(93)    0.0688175 -5.25579e-06
vulnera(94)    0.0198828  6.39803e-06
vulnera(95)     0.304133  4.94913e-06
vulnera(96)      0.14605  5.49073e-06
vulnera(97)      0.54119 -6.71239e-06
vulnera(98)     0.407003  6.70486e-06
vulnera(99)     0.674546  1.16481e-07
vulnera(100)     0.124071 -1.33104e-05
vulnera(101)    0.0515088 -1.83345e-06
vulnera(102)    0.0234032  -3.2023e-06
vulnera(103)     0.245456  1.51883e-05
vulnera(104)     0.236126   2.8371e-06
vulnera(105)      4.29706  1.35461e-06
vulnera(106)      3.99991 -1.66315e-22
vulnera(107)      1.53761 -2.26049e-06
vulnera(108)     0.467479 -1.10737e-06
vulnera(109)      1.51445 -1.66315e-22
vulnera(110)     0.238972  5.55416e-06
vulnera(111)     0.136331  -1.0113e-06
vulnera(112)      1.12444  4.07304e-06
vulnera(113)      1.73723  4.08194e-06
vulnera(114)     0.677235 -5.48417e-06
vulnera(115)      1.27709 -7.93493e-07
vulnera(116)     0.738652 -4.27839e-06
vulnera(117)      2.59195  2.80672e-06
init_stl_other_suit_slope(1)    0.0988142 -1.66315e-22
init_stl_other_suit_slope(2)    -0.593329 -1.66315e-22
init_stl_other_suit_slope(3)    -0.281157 -1.66315e-22
init_season_overlap(1)      1.85957 -1.66315e-22
init_season_overlap(2)      2.33116  -6.7801e-07
init_season_overlap(3)      0.87739 -2.96075e-06
init_season_overlap(4)      1.99036 -5.86037e-08
init_season_overlap(5)      2.65359 -3.09319e-08
init_season_overlap(6)      6.58444 -1.57256e-08
Stom_var[1]         0.12 -1.66315e-22
Stom_var[2]         0.12 -1.66315e-22
Stom_var[3]         0.12 -1.66315e-22
Stom_var[4]         0.12 -1.66315e-22
Stom_var[5]         0.12 -1.66315e-22
Stom_var[6]         0.12 -1.66315e-22
Stom_var[7]         0.12 -1.66315e-22
Stom_var[8]         0.12  3.90703e-06
Stom_var[9]      51.6033  1.13127e-06
Stom_var[10]     0.185713  6.97846e-10
Stom_var[11]    0.0464312  4.95574e-06
