# file incl_stom.in. Date  Fri Nov 17 15:27:23 2023  
# A value >=1 indicate that the stomach sample is used in SMS. Default number is no. of hauls (a number > 0)
  
##############
##############
# Predator:  01_FUL 
# quarter 1 
# 1981  1985  1986  1987  1990  1991  1995  2002  2005  2010  2013  
    0     0     0     0     0     0     0     0     0     0     0
    0     0     0     0     0     0     0     0     0     0     0
    0     0     0     0     0     0     0     0     0     0     0
    0     0     0     0     0     0     0     0     0     0     0
    0     0     0     0     0     0     0     0     0     0     0
    0     0     0     0     0     0     0     0     0     0     0
   50     0     0     0     0     0     0     0     0     0     0
    0    50    50    50     0     0     0     0     0     0     0
    0     0     0     0     0     0     0     0     0     0     0
    0     0     0     0     0     0     0     0     0     0     0
    0     0     0     0    50    50     0     0     0     0     0
    0     0     0     0     0     0     0     0     0     0     0
    0     0     0     0     0     0     0     0     0     0     0
    0     0     0     0     0     0     0     0     0     0     0
    0     0     0     0     0     0     0     0     0     0     0
# Predator:  01_FUL 
# quarter 2 
# 1981  1985  1986  1987  1990  1991  1995  2002  2005  2010  2013  
    0     0     0     0     0     0     0     0     0     0     0
    0     0     0     0     0     0     0     0     0     0     0
    0     0     0     0     0     0     0     0     0     0     0
    0     0     0     0     0     0     0     0     0     0     0
    0     0     0     0     0     0     0     0     0     0     0
    0     0     0     0     0     0     0     0     0     0     0
   50     0     0     0     0     0     0     0     0     0     0
    0    50    50    50     0     0     0     0     0     0     0
    0     0     0     0     0     0     0     0     0     0     0
    0     0     0     0     0     0     0     0     0     0     0
    0     0     0     0    50    50     0     0     0     0     0
    0     0     0     0     0     0     0     0     0     0     0
    0     0     0     0     0     0     0     0     0     0     0
    0     0     0     0     0     0     0     0     0     0     0
    0     0     0     0     0     0     0     0     0     0     0
# Predator:  01_FUL 
# quarter 3 
# 1981  1985  1986  1987  1990  1991  1995  2002  2005  2010  2013  
    0     0     0     0     0     0     0     0     0     0     0
    0     0     0     0     0     0     0     0     0     0     0
    0     0     0     0     0     0     0     0     0     0     0
    0     0     0     0     0     0     0     0     0     0     0
    0     0     0     0     0     0     0     0     0     0     0
    0     0     0     0     0     0     0     0     0     0     0
   50     0     0     0     0     0     0     0     0     0     0
    0    50    50    50     0     0     0     0     0     0     0
    0     0     0     0     0     0     0     0     0     0     0
    0     0     0     0     0     0     0     0     0     0     0
    0     0     0     0    50    50     0     0     0     0     0
    0     0     0     0     0     0     0     0     0     0     0
    0     0     0     0     0     0     0     0     0     0     0
    0     0     0     0     0     0     0     0     0     0     0
    0     0     0     0     0     0     0     0     0     0     0
# Predator:  01_FUL 
# quarter 4 
# 1981  1985  1986  1987  1990  1991  1995  2002  2005  2010  2013  
    0     0     0     0     0     0     0     0     0     0     0
    0     0     0     0     0     0     0     0     0     0     0
    0     0     0     0     0     0     0     0     0     0     0
    0     0     0     0     0     0     0     0     0     0     0
    0     0     0     0     0     0     0     0     0     0     0
    0     0     0     0     0     0     0     0     0     0     0
   50     0     0     0     0     0     0     0     0     0     0
    0    50    50    50     0     0     0     0     0     0     0
    0     0     0     0     0     0     0     0     0     0     0
    0     0     0     0     0     0     0     0     0     0     0
    0     0     0     0    50    50     0     0     0     0     0
    0     0     0     0     0     0     0     0     0     0     0
    0     0     0     0     0     0     0     0     0     0     0
    0     0     0     0     0     0     0     0     0     0     0
    0     0     0     0     0     0     0     0     0     0     0
##############
# Predator:  02_GLT 
# quarter 1 
# 1981  1985  1986  1987  1990  1991  1995  2002  2005  2010  2013  
    0     0     0     0     0     0     0     0     0     0     0
    0     0     0     0     0     0     0     0     0     0     0
    0     0     0     0     0     0     0     0     0     0     0
    0     0     0     0     0     0     0     0     0     0     0
    0     0     0     0     0     0     0     0     0     0     0
    0     0     0     0     0     0     0     0     0     0     0
   50     0     0     0     0     0     0     0     0     0     0
    0    50    50    50     0     0     0     0     0     0     0
    0     0     0     0     0     0     0     0     0     0     0
    0     0     0     0     0     0     0     0     0     0     0
    0     0     0     0    50    50     0     0     0     0     0
    0     0     0     0     0     0     0     0     0     0     0
    0     0     0     0     0     0     0     0     0     0     0
    0     0     0     0     0     0     0     0     0     0     0
    0     0     0     0     0     0     0     0     0     0     0
# Predator:  02_GLT 
# quarter 2 
# 1981  1985  1986  1987  1990  1991  1995  2002  2005  2010  2013  
    0     0     0     0     0     0     0     0     0     0     0
    0     0     0     0     0     0     0     0     0     0     0
    0     0     0     0     0     0     0     0     0     0     0
    0     0     0     0     0     0     0     0     0     0     0
    0     0     0     0     0     0     0     0     0     0     0
    0     0     0     0     0     0     0     0     0     0     0
   50     0     0     0     0     0     0     0     0     0     0
    0    50    50    50     0     0     0     0     0     0     0
    0     0     0     0     0     0     0     0     0     0     0
    0     0     0     0     0     0     0     0     0     0     0
    0     0     0     0    50    50     0     0     0     0     0
    0     0     0     0     0     0     0     0     0     0     0
    0     0     0     0     0     0     0     0     0     0     0
    0     0     0     0     0     0     0     0     0     0     0
    0     0     0     0     0     0     0     0     0     0     0
# Predator:  02_GLT 
# quarter 3 
# 1981  1985  1986  1987  1990  1991  1995  2002  2005  2010  2013  
    0     0     0     0     0     0     0     0     0     0     0
    0     0     0     0     0     0     0     0     0     0     0
    0     0     0     0     0     0     0     0     0     0     0
    0     0     0     0     0     0     0     0     0     0     0
    0     0     0     0     0     0     0     0     0     0     0
    0     0     0     0     0     0     0     0     0     0     0
   50     0     0     0     0     0     0     0     0     0     0
    0    50    50    50     0     0     0     0     0     0     0
    0     0     0     0     0     0     0     0     0     0     0
    0     0     0     0     0     0     0     0     0     0     0
    0     0     0     0    50    50     0     0     0     0     0
    0     0     0     0     0     0     0     0     0     0     0
    0     0     0     0     0     0     0     0     0     0     0
    0     0     0     0     0     0     0     0     0     0     0
    0     0     0     0     0     0     0     0     0     0     0
# Predator:  02_GLT 
# quarter 4 
# 1981  1985  1986  1987  1990  1991  1995  2002  2005  2010  2013  
    0     0     0     0     0     0     0     0     0     0     0
    0     0     0     0     0     0     0     0     0     0     0
    0     0     0     0     0     0     0     0     0     0     0
    0     0     0     0     0     0     0     0     0     0     0
    0     0     0     0     0     0     0     0     0     0     0
    0     0     0     0     0     0     0     0     0     0     0
   50     0     0     0     0     0     0     0     0     0     0
    0    50    50    50     0     0     0     0     0     0     0
    0     0     0     0     0     0     0     0     0     0     0
    0     0     0     0     0     0     0     0     0     0     0
    0     0     0     0    50    50     0     0     0     0     0
    0     0     0     0     0     0     0     0     0     0     0
    0     0     0     0     0     0     0     0     0     0     0
    0     0     0     0     0     0     0     0     0     0     0
    0     0     0     0     0     0     0     0     0     0     0
##############
# Predator:  03_HEG 
# quarter 1 
# 1981  1985  1986  1987  1990  1991  1995  2002  2005  2010  2013  
    0     0     0     0     0     0     0     0     0     0     0
    0     0     0     0     0     0     0     0     0     0     0
    0     0     0     0     0     0     0     0     0     0     0
    0     0     0     0     0     0     0     0     0     0     0
    0     0     0     0     0     0     0     0     0     0     0
    0     0     0     0     0     0     0     0     0     0     0
   50     0     0     0     0     0     0     0     0     0     0
    0    50    50    50     0     0     0     0     0     0     0
    0     0     0     0     0     0     0     0     0     0     0
    0     0     0     0     0     0     0     0     0     0     0
    0     0     0     0    50    50     0     0     0     0     0
    0     0     0     0     0     0     0     0     0     0     0
    0     0     0     0     0     0     0     0     0     0     0
    0     0     0     0     0     0     0     0     0     0     0
    0     0     0     0     0     0     0     0     0     0     0
# Predator:  03_HEG 
# quarter 2 
# 1981  1985  1986  1987  1990  1991  1995  2002  2005  2010  2013  
    0     0     0     0     0     0     0     0     0     0     0
    0     0     0     0     0     0     0     0     0     0     0
    0     0     0     0     0     0     0     0     0     0     0
    0     0     0     0     0     0     0     0     0     0     0
    0     0     0     0     0     0     0     0     0     0     0
    0     0     0     0     0     0     0     0     0     0     0
   50     0     0     0     0     0     0     0     0     0     0
    0    50    50    50     0     0     0     0     0     0     0
    0     0     0     0     0     0     0     0     0     0     0
    0     0     0     0     0     0     0     0     0     0     0
    0     0     0     0    50    50     0     0     0     0     0
    0     0     0     0     0     0     0     0     0     0     0
    0     0     0     0     0     0     0     0     0     0     0
    0     0     0     0     0     0     0     0     0     0     0
    0     0     0     0     0     0     0     0     0     0     0
# Predator:  03_HEG 
# quarter 3 
# 1981  1985  1986  1987  1990  1991  1995  2002  2005  2010  2013  
    0     0     0     0     0     0     0     0     0     0     0
    0     0     0     0     0     0     0     0     0     0     0
    0     0     0     0     0     0     0     0     0     0     0
    0     0     0     0     0     0     0     0     0     0     0
    0     0     0     0     0     0     0     0     0     0     0
    0     0     0     0     0     0     0     0     0     0     0
   50     0     0     0     0     0     0     0     0     0     0
    0    50    50    50     0     0     0     0     0     0     0
    0     0     0     0     0     0     0     0     0     0     0
    0     0     0     0     0     0     0     0     0     0     0
    0     0     0     0    50    50     0     0     0     0     0
    0     0     0     0     0     0     0     0     0     0     0
    0     0     0     0     0     0     0     0     0     0     0
    0     0     0     0     0     0     0     0     0     0     0
    0     0     0     0     0     0     0     0     0     0     0
# Predator:  03_HEG 
# quarter 4 
# 1981  1985  1986  1987  1990  1991  1995  2002  2005  2010  2013  
    0     0     0     0     0     0     0     0     0     0     0
    0     0     0     0     0     0     0     0     0     0     0
    0     0     0     0     0     0     0     0     0     0     0
    0     0     0     0     0     0     0     0     0     0     0
    0     0     0     0     0     0     0     0     0     0     0
    0     0     0     0     0     0     0     0     0     0     0
   50     0     0     0     0     0     0     0     0     0     0
    0    50    50    50     0     0     0     0     0     0     0
    0     0     0     0     0     0     0     0     0     0     0
    0     0     0     0     0     0     0     0     0     0     0
    0     0     0     0    50    50     0     0     0     0     0
    0     0     0     0     0     0     0     0     0     0     0
    0     0     0     0     0     0     0     0     0     0     0
    0     0     0     0     0     0     0     0     0     0     0
    0     0     0     0     0     0     0     0     0     0     0
##############
# Predator:  04_KTW 
# quarter 1 
# 1981  1985  1986  1987  1990  1991  1995  2002  2005  2010  2013  
    0     0     0     0     0     0     0     0     0     0     0
    0     0     0     0     0     0     0     0     0     0     0
    0     0     0     0     0     0     0     0     0     0     0
    0     0     0     0     0     0     0     0     0     0     0
    0     0     0     0     0     0     0     0     0     0     0
    0     0     0     0     0     0     0     0     0     0     0
   50     0     0     0     0     0     0     0     0     0     0
    0    50    50    50     0     0     0     0     0     0     0
    0     0     0     0     0     0     0     0     0     0     0
    0     0     0     0     0     0     0     0     0     0     0
    0     0     0     0    50    50     0     0     0     0     0
    0     0     0     0     0     0     0     0     0     0     0
    0     0     0     0     0     0     0     0     0     0     0
    0     0     0     0     0     0     0     0     0     0     0
    0     0     0     0     0     0     0     0     0     0     0
# Predator:  04_KTW 
# quarter 2 
# 1981  1985  1986  1987  1990  1991  1995  2002  2005  2010  2013  
    0     0     0     0     0     0     0     0     0     0     0
    0     0     0     0     0     0     0     0     0     0     0
    0     0     0     0     0     0     0     0     0     0     0
    0     0     0     0     0     0     0     0     0     0     0
    0     0     0     0     0     0     0     0     0     0     0
    0     0     0     0     0     0     0     0     0     0     0
   50     0     0     0     0     0     0     0     0     0     0
    0    50    50    50     0     0     0     0     0     0     0
    0     0     0     0     0     0     0     0     0     0     0
    0     0     0     0     0     0     0     0     0     0     0
    0     0     0     0    50    50     0     0     0     0     0
    0     0     0     0     0     0     0     0     0     0     0
    0     0     0     0     0     0     0     0     0     0     0
    0     0     0     0     0     0     0     0     0     0     0
    0     0     0     0     0     0     0     0     0     0     0
# Predator:  04_KTW 
# quarter 3 
# 1981  1985  1986  1987  1990  1991  1995  2002  2005  2010  2013  
    0     0     0     0     0     0     0     0     0     0     0
    0     0     0     0     0     0     0     0     0     0     0
    0     0     0     0     0     0     0     0     0     0     0
    0     0     0     0     0     0     0     0     0     0     0
    0     0     0     0     0     0     0     0     0     0     0
    0     0     0     0     0     0     0     0     0     0     0
   50     0     0     0     0     0     0     0     0     0     0
    0    50    50    50     0     0     0     0     0     0     0
    0     0     0     0     0     0     0     0     0     0     0
    0     0     0     0     0     0     0     0     0     0     0
    0     0     0     0    50    50     0     0     0     0     0
    0     0     0     0     0     0     0     0     0     0     0
    0     0     0     0     0     0     0     0     0     0     0
    0     0     0     0     0     0     0     0     0     0     0
    0     0     0     0     0     0     0     0     0     0     0
# Predator:  04_KTW 
# quarter 4 
# 1981  1985  1986  1987  1990  1991  1995  2002  2005  2010  2013  
    0     0     0     0     0     0     0     0     0     0     0
    0     0     0     0     0     0     0     0     0     0     0
    0     0     0     0     0     0     0     0     0     0     0
    0     0     0     0     0     0     0     0     0     0     0
    0     0     0     0     0     0     0     0     0     0     0
    0     0     0     0     0     0     0     0     0     0     0
   50     0     0     0     0     0     0     0     0     0     0
    0    50    50    50     0     0     0     0     0     0     0
    0     0     0     0     0     0     0     0     0     0     0
    0     0     0     0     0     0     0     0     0     0     0
    0     0     0     0    50    50     0     0     0     0     0
    0     0     0     0     0     0     0     0     0     0     0
    0     0     0     0     0     0     0     0     0     0     0
    0     0     0     0     0     0     0     0     0     0     0
    0     0     0     0     0     0     0     0     0     0     0
##############
# Predator:  05_GBG 
# quarter 1 
# 1981  1985  1986  1987  1990  1991  1995  2002  2005  2010  2013  
    0     0     0     0     0     0     0     0     0     0     0
    0     0     0     0     0     0     0     0     0     0     0
    0     0     0     0     0     0     0     0     0     0     0
    0     0     0     0     0     0     0     0     0     0     0
    0     0     0     0     0     0     0     0     0     0     0
    0     0     0     0     0     0     0     0     0     0     0
   50     0     0     0     0     0     0     0     0     0     0
    0    50    50    50     0     0     0     0     0     0     0
    0     0     0     0     0     0     0     0     0     0     0
    0     0     0     0     0     0     0     0     0     0     0
    0     0     0     0    50    50     0     0     0     0     0
    0     0     0     0     0     0     0     0     0     0     0
    0     0     0     0     0     0     0     0     0     0     0
    0     0     0     0     0     0     0     0     0     0     0
    0     0     0     0     0     0     0     0     0     0     0
# Predator:  05_GBG 
# quarter 2 
# 1981  1985  1986  1987  1990  1991  1995  2002  2005  2010  2013  
    0     0     0     0     0     0     0     0     0     0     0
    0     0     0     0     0     0     0     0     0     0     0
    0     0     0     0     0     0     0     0     0     0     0
    0     0     0     0     0     0     0     0     0     0     0
    0     0     0     0     0     0     0     0     0     0     0
    0     0     0     0     0     0     0     0     0     0     0
   50     0     0     0     0     0     0     0     0     0     0
    0    50    50    50     0     0     0     0     0     0     0
    0     0     0     0     0     0     0     0     0     0     0
    0     0     0     0     0     0     0     0     0     0     0
    0     0     0     0    50    50     0     0     0     0     0
    0     0     0     0     0     0     0     0     0     0     0
    0     0     0     0     0     0     0     0     0     0     0
    0     0     0     0     0     0     0     0     0     0     0
    0     0     0     0     0     0     0     0     0     0     0
# Predator:  05_GBG 
# quarter 3 
# 1981  1985  1986  1987  1990  1991  1995  2002  2005  2010  2013  
    0     0     0     0     0     0     0     0     0     0     0
    0     0     0     0     0     0     0     0     0     0     0
    0     0     0     0     0     0     0     0     0     0     0
    0     0     0     0     0     0     0     0     0     0     0
    0     0     0     0     0     0     0     0     0     0     0
    0     0     0     0     0     0     0     0     0     0     0
   50     0     0     0     0     0     0     0     0     0     0
    0    50    50    50     0     0     0     0     0     0     0
    0     0     0     0     0     0     0     0     0     0     0
    0     0     0     0     0     0     0     0     0     0     0
    0     0     0     0    50    50     0     0     0     0     0
    0     0     0     0     0     0     0     0     0     0     0
    0     0     0     0     0     0     0     0     0     0     0
    0     0     0     0     0     0     0     0     0     0     0
    0     0     0     0     0     0     0     0     0     0     0
# Predator:  05_GBG 
# quarter 4 
# 1981  1985  1986  1987  1990  1991  1995  2002  2005  2010  2013  
    0     0     0     0     0     0     0     0     0     0     0
    0     0     0     0     0     0     0     0     0     0     0
    0     0     0     0     0     0     0     0     0     0     0
    0     0     0     0     0     0     0     0     0     0     0
    0     0     0     0     0     0     0     0     0     0     0
    0     0     0     0     0     0     0     0     0     0     0
   50     0     0     0     0     0     0     0     0     0     0
    0    50    50    50     0     0     0     0     0     0     0
    0     0     0     0     0     0     0     0     0     0     0
    0     0     0     0     0     0     0     0     0     0     0
    0     0     0     0    50    50     0     0     0     0     0
    0     0     0     0     0     0     0     0     0     0     0
    0     0     0     0     0     0     0     0     0     0     0
    0     0     0     0     0     0     0     0     0     0     0
    0     0     0     0     0     0     0     0     0     0     0
##############
# Predator:  06_GNT 
# quarter 1 
# 1981  1985  1986  1987  1990  1991  1995  2002  2005  2010  2013  
    0     0     0     0     0     0     0     0     0     0     0
    0     0     0     0     0     0     0     0     0     0     0
    0     0     0     0     0     0     0     0     0     0     0
    0     0     0     0     0     0     0     0     0     0     0
    0     0     0     0     0     0     0     0     0     0     0
    0     0     0     0     0     0     0     0     0     0     0
   50     0     0     0     0     0     0     0     0     0     0
    0    50    50    50     0     0     0     0     0     0     0
    0     0     0     0     0     0     0     0     0     0     0
    0     0     0     0     0     0     0     0     0     0     0
    0     0     0     0    50    50     0     0     0     0     0
    0     0     0     0     0     0     0     0     0     0     0
    0     0     0     0     0     0     0     0     0     0     0
    0     0     0     0     0     0     0     0     0     0     0
    0     0     0     0     0     0     0     0     0     0     0
# Predator:  06_GNT 
# quarter 2 
# 1981  1985  1986  1987  1990  1991  1995  2002  2005  2010  2013  
    0     0     0     0     0     0     0     0     0     0     0
    0     0     0     0     0     0     0     0     0     0     0
    0     0     0     0     0     0     0     0     0     0     0
    0     0     0     0     0     0     0     0     0     0     0
    0     0     0     0     0     0     0     0     0     0     0
    0     0     0     0     0     0     0     0     0     0     0
   50     0     0     0     0     0     0     0     0     0     0
    0    50    50    50     0     0     0     0     0     0     0
    0     0     0     0     0     0     0     0     0     0     0
    0     0     0     0     0     0     0     0     0     0     0
    0     0     0     0    50    50     0     0     0     0     0
    0     0     0     0     0     0     0     0     0     0     0
    0     0     0     0     0     0     0     0     0     0     0
    0     0     0     0     0     0     0     0     0     0     0
    0     0     0     0     0     0     0     0     0     0     0
# Predator:  06_GNT 
# quarter 3 
# 1981  1985  1986  1987  1990  1991  1995  2002  2005  2010  2013  
    0     0     0     0     0     0     0     0     0     0     0
    0     0     0     0     0     0     0     0     0     0     0
    0     0     0     0     0     0     0     0     0     0     0
    0     0     0     0     0     0     0     0     0     0     0
    0     0     0     0     0     0     0     0     0     0     0
    0     0     0     0     0     0     0     0     0     0     0
   50     0     0     0     0     0     0     0     0     0     0
    0    50    50    50     0     0     0     0     0     0     0
    0     0     0     0     0     0     0     0     0     0     0
    0     0     0     0     0     0     0     0     0     0     0
    0     0     0     0    50    50     0     0     0     0     0
    0     0     0     0     0     0     0     0     0     0     0
    0     0     0     0     0     0     0     0     0     0     0
    0     0     0     0     0     0     0     0     0     0     0
    0     0     0     0     0     0     0     0     0     0     0
# Predator:  06_GNT 
# quarter 4 
# 1981  1985  1986  1987  1990  1991  1995  2002  2005  2010  2013  
    0     0     0     0     0     0     0     0     0     0     0
    0     0     0     0     0     0     0     0     0     0     0
    0     0     0     0     0     0     0     0     0     0     0
    0     0     0     0     0     0     0     0     0     0     0
    0     0     0     0     0     0     0     0     0     0     0
    0     0     0     0     0     0     0     0     0     0     0
   50     0     0     0     0     0     0     0     0     0     0
    0    50    50    50     0     0     0     0     0     0     0
    0     0     0     0     0     0     0     0     0     0     0
    0     0     0     0     0     0     0     0     0     0     0
    0     0     0     0    50    50     0     0     0     0     0
    0     0     0     0     0     0     0     0     0     0     0
    0     0     0     0     0     0     0     0     0     0     0
    0     0     0     0     0     0     0     0     0     0     0
    0     0     0     0     0     0     0     0     0     0     0
##############
# Predator:  07_PUF 
# quarter 1 
# 1981  1985  1986  1987  1990  1991  1995  2002  2005  2010  2013  
    0     0     0     0     0     0     0     0     0     0     0
    0     0     0     0     0     0     0     0     0     0     0
    0     0     0     0     0     0     0     0     0     0     0
    0     0     0     0     0     0     0     0     0     0     0
    0     0     0     0     0     0     0     0     0     0     0
    0     0     0     0     0     0     0     0     0     0     0
   50     0     0     0     0     0     0     0     0     0     0
    0    50    50    50     0     0     0     0     0     0     0
    0     0     0     0     0     0     0     0     0     0     0
    0     0     0     0     0     0     0     0     0     0     0
    0     0     0     0    50    50     0     0     0     0     0
    0     0     0     0     0     0     0     0     0     0     0
    0     0     0     0     0     0     0     0     0     0     0
    0     0     0     0     0     0     0     0     0     0     0
    0     0     0     0     0     0     0     0     0     0     0
# Predator:  07_PUF 
# quarter 2 
# 1981  1985  1986  1987  1990  1991  1995  2002  2005  2010  2013  
    0     0     0     0     0     0     0     0     0     0     0
    0     0     0     0     0     0     0     0     0     0     0
    0     0     0     0     0     0     0     0     0     0     0
    0     0     0     0     0     0     0     0     0     0     0
    0     0     0     0     0     0     0     0     0     0     0
    0     0     0     0     0     0     0     0     0     0     0
   50     0     0     0     0     0     0     0     0     0     0
    0    50    50    50     0     0     0     0     0     0     0
    0     0     0     0     0     0     0     0     0     0     0
    0     0     0     0     0     0     0     0     0     0     0
    0     0     0     0    50    50     0     0     0     0     0
    0     0     0     0     0     0     0     0     0     0     0
    0     0     0     0     0     0     0     0     0     0     0
    0     0     0     0     0     0     0     0     0     0     0
    0     0     0     0     0     0     0     0     0     0     0
# Predator:  07_PUF 
# quarter 3 
# 1981  1985  1986  1987  1990  1991  1995  2002  2005  2010  2013  
    0     0     0     0     0     0     0     0     0     0     0
    0     0     0     0     0     0     0     0     0     0     0
    0     0     0     0     0     0     0     0     0     0     0
    0     0     0     0     0     0     0     0     0     0     0
    0     0     0     0     0     0     0     0     0     0     0
    0     0     0     0     0     0     0     0     0     0     0
   50     0     0     0     0     0     0     0     0     0     0
    0    50    50    50     0     0     0     0     0     0     0
    0     0     0     0     0     0     0     0     0     0     0
    0     0     0     0     0     0     0     0     0     0     0
    0     0     0     0    50    50     0     0     0     0     0
    0     0     0     0     0     0     0     0     0     0     0
    0     0     0     0     0     0     0     0     0     0     0
    0     0     0     0     0     0     0     0     0     0     0
    0     0     0     0     0     0     0     0     0     0     0
# Predator:  07_PUF 
# quarter 4 
# 1981  1985  1986  1987  1990  1991  1995  2002  2005  2010  2013  
    0     0     0     0     0     0     0     0     0     0     0
    0     0     0     0     0     0     0     0     0     0     0
    0     0     0     0     0     0     0     0     0     0     0
    0     0     0     0     0     0     0     0     0     0     0
    0     0     0     0     0     0     0     0     0     0     0
    0     0     0     0     0     0     0     0     0     0     0
   50     0     0     0     0     0     0     0     0     0     0
    0    50    50    50     0     0     0     0     0     0     0
    0     0     0     0     0     0     0     0     0     0     0
    0     0     0     0     0     0     0     0     0     0     0
    0     0     0     0    50    50     0     0     0     0     0
    0     0     0     0     0     0     0     0     0     0     0
    0     0     0     0     0     0     0     0     0     0     0
    0     0     0     0     0     0     0     0     0     0     0
    0     0     0     0     0     0     0     0     0     0     0
##############
# Predator:  08_RAZ 
# quarter 1 
# 1981  1985  1986  1987  1990  1991  1995  2002  2005  2010  2013  
    0     0     0     0     0     0     0     0     0     0     0
    0     0     0     0     0     0     0     0     0     0     0
    0     0     0     0     0     0     0     0     0     0     0
    0     0     0     0     0     0     0     0     0     0     0
    0     0     0     0     0     0     0     0     0     0     0
    0     0     0     0     0     0     0     0     0     0     0
   50     0     0     0     0     0     0     0     0     0     0
    0    50    50    50     0     0     0     0     0     0     0
    0     0     0     0     0     0     0     0     0     0     0
    0     0     0     0     0     0     0     0     0     0     0
    0     0     0     0    50    50     0     0     0     0     0
    0     0     0     0     0     0     0     0     0     0     0
    0     0     0     0     0     0     0     0     0     0     0
    0     0     0     0     0     0     0     0     0     0     0
    0     0     0     0     0     0     0     0     0     0     0
# Predator:  08_RAZ 
# quarter 2 
# 1981  1985  1986  1987  1990  1991  1995  2002  2005  2010  2013  
    0     0     0     0     0     0     0     0     0     0     0
    0     0     0     0     0     0     0     0     0     0     0
    0     0     0     0     0     0     0     0     0     0     0
    0     0     0     0     0     0     0     0     0     0     0
    0     0     0     0     0     0     0     0     0     0     0
    0     0     0     0     0     0     0     0     0     0     0
   50     0     0     0     0     0     0     0     0     0     0
    0    50    50    50     0     0     0     0     0     0     0
    0     0     0     0     0     0     0     0     0     0     0
    0     0     0     0     0     0     0     0     0     0     0
    0     0     0     0    50    50     0     0     0     0     0
    0     0     0     0     0     0     0     0     0     0     0
    0     0     0     0     0     0     0     0     0     0     0
    0     0     0     0     0     0     0     0     0     0     0
    0     0     0     0     0     0     0     0     0     0     0
# Predator:  08_RAZ 
# quarter 3 
# 1981  1985  1986  1987  1990  1991  1995  2002  2005  2010  2013  
    0     0     0     0     0     0     0     0     0     0     0
    0     0     0     0     0     0     0     0     0     0     0
    0     0     0     0     0     0     0     0     0     0     0
    0     0     0     0     0     0     0     0     0     0     0
    0     0     0     0     0     0     0     0     0     0     0
    0     0     0     0     0     0     0     0     0     0     0
   50     0     0     0     0     0     0     0     0     0     0
    0    50    50    50     0     0     0     0     0     0     0
    0     0     0     0     0     0     0     0     0     0     0
    0     0     0     0     0     0     0     0     0     0     0
    0     0     0     0    50    50     0     0     0     0     0
    0     0     0     0     0     0     0     0     0     0     0
    0     0     0     0     0     0     0     0     0     0     0
    0     0     0     0     0     0     0     0     0     0     0
    0     0     0     0     0     0     0     0     0     0     0
# Predator:  08_RAZ 
# quarter 4 
# 1981  1985  1986  1987  1990  1991  1995  2002  2005  2010  2013  
    0     0     0     0     0     0     0     0     0     0     0
    0     0     0     0     0     0     0     0     0     0     0
    0     0     0     0     0     0     0     0     0     0     0
    0     0     0     0     0     0     0     0     0     0     0
    0     0     0     0     0     0     0     0     0     0     0
    0     0     0     0     0     0     0     0     0     0     0
   50     0     0     0     0     0     0     0     0     0     0
    0    50    50    50     0     0     0     0     0     0     0
    0     0     0     0     0     0     0     0     0     0     0
    0     0     0     0     0     0     0     0     0     0     0
    0     0     0     0    50    50     0     0     0     0     0
    0     0     0     0     0     0     0     0     0     0     0
    0     0     0     0     0     0     0     0     0     0     0
    0     0     0     0     0     0     0     0     0     0     0
    0     0     0     0     0     0     0     0     0     0     0
##############
# Predator:  09_RAJ 
# quarter 1 
# 1981  1985  1986  1987  1990  1991  1995  2002  2005  2010  2013  
    0     0     0     0     0     0     0     0     0     0     0
    0     0     0     0     0     0     0     0     0     0     0
    0     0     0     0     0     0     0     0     0     0     0
    0     0     0     0     0     0     0     0     0     0     0
    0     0     0     0     0     0     0     0     0     0     0
    0     0     0     0     0     7     0     0     0     0     0
    0     0     0     0     0    26     0     0     0     0     0
    0     0     0     0     0    21     0     0     0     0     0
    0     0     0     0     0    26     0     0     0     0     0
    0     0     0     0     0    29     0     0     0     0     0
    0     0     0     0     0    16     0     0     0     0     0
    0     0     0     0     0     0     0     0     0     0     0
    0     0     0     0     0     0     0     0     0     0     0
    0     0     0     0     0     0     0     0     0     0     0
    0     0     0     0     0     0     0     0     0     0     0
# Predator:  09_RAJ 
# quarter 2 
# 1981  1985  1986  1987  1990  1991  1995  2002  2005  2010  2013  
    0     0     0     0     0     0     0     0     0     0     0
    0     0     0     0     0     0     0     0     0     0     0
    0     0     0     0     0     0     0     0     0     0     0
    0     0     0     0     0     0     0     0     0     0     0
    0     0     0     0     0     0     0     0     0     0     0
    0     0     0     0     0    25     0     0     0     0     0
    0     0     0     0     0    30     0     0     0     0     0
    0     0     0     0     0    41     0     0     0     0     0
    0     0     0     0     0    43     0     0     0     0     0
    0     0     0     0     0    64     0     0     0     0     0
    0     0     0     0     0    16     0     0     0     0     0
    0     0     0     0     0     0     0     0     0     0     0
    0     0     0     0     0     0     0     0     0     0     0
    0     0     0     0     0     0     0     0     0     0     0
    0     0     0     0     0     0     0     0     0     0     0
# Predator:  09_RAJ 
# quarter 3 
# 1981  1985  1986  1987  1990  1991  1995  2002  2005  2010  2013  
    0     0     0     0     0     0     0     0     0     0     0
    0     0     0     0     0     0     0     0     0     0     0
    0     0     0     0     0     0     0     0     0     0     0
    0     0     0     0     0     0     0     0     0     0     0
    0     0     0     0     0     0     0     0     0     0     0
    0     0     0     0     0    29     0     0     0     0     0
    0     0     0     0     0    42     0     0     0     0     0
    0     0     0     0     0    45     0     0     0     0     0
    0     0     0     0     0    47     0     0     0     0     0
    0     0     0     0     0    58     0     0     0     0     0
    0     0     0     0     0    12     0     0     0     0     0
    0     0     0     0     0     0     0     0     0     0     0
    0     0     0     0     0     0     0     0     0     0     0
    0     0     0     0     0     0     0     0     0     0     0
    0     0     0     0     0     0     0     0     0     0     0
# Predator:  09_RAJ 
# quarter 4 
# 1981  1985  1986  1987  1990  1991  1995  2002  2005  2010  2013  
    0     0     0     0     0     0     0     0     0     0     0
    0     0     0     0     0     0     0     0     0     0     0
    0     0     0     0     0     0     0     0     0     0     0
    0     0     0     0     0     0     0     0     0     0     0
    0     0     0     0     0     0     0     0     0     0     0
    0     0     0     0     0    11     0     0     0     0     0
    0     0     0     0     0    22     0     0     0     0     0
    0     0     0     0     0    26     0     0     0     0     0
    0     0     0     0     0    33     0     0     0     0     0
    0     0     0     0     0     0     0     0     0     0     0
    0     0     0     0     0     0     0     0     0     0     0
    0     0     0     0     0     0     0     0     0     0     0
    0     0     0     0     0     0     0     0     0     0     0
    0     0     0     0     0     0     0     0     0     0     0
    0     0     0     0     0     0     0     0     0     0     0
##############
# Predator:  10_GUR 
# quarter 1 
# 1981  1985  1986  1987  1990  1991  1995  2002  2005  2010  2013  
    0     0     0     0     0     0     0     0     0     0     0
    0     0     0     0     0     0     0     0     0     0     0
    0     0     0     0     0     0     0     0     0     0     0
    0     0     0     0     0     0     0     0     0     0    50
    0     0     0     0     0     0     0     0     0     0    50
    0     0     0     0     0    77     0     0     0     0    50
    0     0     0     0     0    61     0     0     0     0    50
    0     0     0     0     0    46     0     0     0     0    50
    0     0     0     0     0    28     0     0     0     0    50
    0     0     0     0     0     9     0     0     0     0    50
    0     0     0     0     0     0     0     0     0     0     0
    0     0     0     0     0     0     0     0     0     0     0
    0     0     0     0     0     0     0     0     0     0     0
    0     0     0     0     0     0     0     0     0     0     0
    0     0     0     0     0     0     0     0     0     0     0
# Predator:  10_GUR 
# quarter 2 
# 1981  1985  1986  1987  1990  1991  1995  2002  2005  2010  2013  
    0     0     0     0     0     0     0     0     0     0     0
    0     0     0     0     0     0     0     0     0     0     0
    0     0     0     0     0     0     0     0     0     0     0
    0     0     0     0     0     0     0     0     0     0     0
    0     0     0     0     0     0     0     0     0     0     0
    0     0     0     0     0   196     0     0     0     0     0
    0     0     0     0     0   134     0     0     0     0     0
    0     0     0     0     0    84     0     0     0     0     0
    0     0     0     0     0    46     0     0     0     0     0
    0     0     0     0     0     7     0     0     0     0     0
    0     0     0     0     0     0     0     0     0     0     0
    0     0     0     0     0     0     0     0     0     0     0
    0     0     0     0     0     0     0     0     0     0     0
    0     0     0     0     0     0     0     0     0     0     0
    0     0     0     0     0     0     0     0     0     0     0
# Predator:  10_GUR 
# quarter 3 
# 1981  1985  1986  1987  1990  1991  1995  2002  2005  2010  2013  
    0     0     0     0     0     0     0     0     0     0     0
    0     0     0     0     0     0     0     0     0     0     0
    0     0     0     0     0     0     0     0     0     0    50
    0     0     0     0     0     0     0     0     0     0    50
    0     0     0     0     0     0     0     0     0     0    50
    0     0     0     0     0   149     0     0     0     0    50
    0     0     0     0     0   125     0     0     0     0    50
    0     0     0     0     0    78     0     0     0     0    50
    0     0     0     0     0    44     0     0     0     0    50
    0     0     0     0     0     7     0     0     0     0     0
    0     0     0     0     0     0     0     0     0     0     0
    0     0     0     0     0     0     0     0     0     0     0
    0     0     0     0     0     0     0     0     0     0     0
    0     0     0     0     0     0     0     0     0     0     0
    0     0     0     0     0     0     0     0     0     0     0
# Predator:  10_GUR 
# quarter 4 
# 1981  1985  1986  1987  1990  1991  1995  2002  2005  2010  2013  
    0     0     0     0     0     0     0     0     0     0     0
    0     0     0     0     0     0     0     0     0     0     0
    0     0     0     0     0     0     0     0     0     0     0
    0     0     0     0     0     0     0     0     0     0     0
    0     0     0     0     0     0     0     0     0     0     0
    0     0     0     0     0    51     0     0     0     0     0
    0     0     0     0     0    44     0     0     0     0     0
    0     0     0     0     0    27     0     0     0     0     0
    0     0     0     0     0    15     0     0     0     0     0
    0     0     0     0     0     7     0     0     0     0     0
    0     0     0     0     0     0     0     0     0     0     0
    0     0     0     0     0     0     0     0     0     0     0
    0     0     0     0     0     0     0     0     0     0     0
    0     0     0     0     0     0     0     0     0     0     0
    0     0     0     0     0     0     0     0     0     0     0
##############
# Predator:  11_W_H 
# quarter 1 
# 1981  1985  1986  1987  1990  1991  1995  2002  2005  2010  2013  
    0     0     0     0     0     0     0     0     0     0     0
    0     0     0     0     0     0     0     0     0     0     0
    0     0     0     0     0     0     0     0     0     0     0
    0     0     0     0     0     0     0     0     0     0     0
    0     0     0     0     0     0     0     0     0     0     0
    0     0     0     0     0     0     0     0     0     0     0
    0     0     0     0     0     0     0     0     0     0     0
    0     0     0     0     0     0     0     0     0     0     0
    0     0     0     0     0     0     0     0     0     0     0
    0     0     0     0     0     0     0     0     0     0     0
    0     0     0     0     0     0     0     0     0     0     0
    0     0     0     0     0     0     0     0     0     0     0
    0     0     0     0     0     0     0     0     0     0     0
    0     0     0     0     0     0     0     0     0     0     0
    0     0     0     0     0     0     0     0     0     0     0
# Predator:  11_W_H 
# quarter 2 
# 1981  1985  1986  1987  1990  1991  1995  2002  2005  2010  2013  
    0     0     0     0     0     0     0     0     0     0     0
    0     0     0     0     0     0     0     0     0     0     0
    0     0     0     0     0     0     0     0     0     0     0
    0     0     0     0     0     0     0     0     0     0     0
    0     0     0     0     0     0     0     0     0     0     0
    0     0     0     0     0     0     0     0     0     0     0
    0     0     0     0     0     0     0     0     0     0     0
    0     0     0     0     0     0     0     0     0     0     0
    0     0     0     0     0     0     0     0     0     0     0
    0     0     0     0     0     0     0     0     0     0     0
    0     0     0     0     0     0     0     0     0     0     0
    0     0     0     0     0     0     0     0     0     0     0
    0     0     0     0     0     0     0     0     0     0     0
    0     0     0     0     0     0     0     0     0     0     0
    0     0     0     0     0     0     0     0     0     0     0
# Predator:  11_W_H 
# quarter 3 
# 1981  1985  1986  1987  1990  1991  1995  2002  2005  2010  2013  
    0     0     0     0     0     0     0     0     0     0     0
    0     0     0     0     0     0     0     0     0     0     0
    0     0     0     0     0     0     0     0     0     0     0
    0     0     0     0     0     0     0     0     0     0     0
    0     0     0     0     0     0     0     0     0     0     0
    0     0     0     0     0     0     0     0     0     0     0
    0     0     0     0     0    22     0     0     0     0     0
    0     0     0     0     0    32     0     0     0     0     0
    0     0     0     0     0    19     0     0     0     0     0
    0     0     0     0     0     0     0     0     0     0     0
    0     0     0     0     0     0     0     0     0     0     0
    0     0     0     0     0     0     0     0     0     0     0
    0     0     0     0     0     0     0     0     0     0     0
    0     0     0     0     0     0     0     0     0     0     0
    0     0     0     0     0     0     0     0     0     0     0
# Predator:  11_W_H 
# quarter 4 
# 1981  1985  1986  1987  1990  1991  1995  2002  2005  2010  2013  
    0     0     0     0     0     0     0     0     0     0     0
    0     0     0     0     0     0     0     0     0     0     0
    0     0     0     0     0     0     0     0     0     0     0
    0     0     0     0     0     0     0     0     0     0     0
    0     0     0     0     0     0     0     0     0     0     0
    0     0     0     0     0     0     0     0     0     0     0
    0     0     0     0     0    21     0     0     0     0     0
    0     0     0     0     0    28     0     0     0     0     0
    0     0     0     0     0    14     0     0     0     0     0
    0     0     0     0     0     0     0     0     0     0     0
    0     0     0     0     0     0     0     0     0     0     0
    0     0     0     0     0     0     0     0     0     0     0
    0     0     0     0     0     0     0     0     0     0     0
    0     0     0     0     0     0     0     0     0     0     0
    0     0     0     0     0     0     0     0     0     0     0
##############
# Predator:  12_N_H 
# quarter 1 
# 1981  1985  1986  1987  1990  1991  1995  2002  2005  2010  2013  
    0     0     0     0     0     0     0     0     0     0     0
    0     0     0     0     0     0     0     0     0     0     0
    0     0     0     0     0     0     0     0     0     0     0
    0     0     0     0     0     0     0     0     0     0     0
    0     0     0     0     0     0     0     0     0     0     0
    0     0     0     0     0     0     0     0     0     0     0
    0     0     0     0     0     0     0     0     0     0     0
    0     0     0     0     0     0     0     0     0     0     0
    0     0     0     0     0     0     0     0     0     0     0
    0     0     0     0     0     0     0     0     0     0     0
    0     0     0     0     0     0     0     0     0     0     0
    0     0     0     0     0     0     0     0     0     0     0
    0     0     0     0     0     0     0     0     0     0     0
    0     0     0     0     0     0     0     0     0     0     0
    0     0     0     0     0     0     0     0     0     0     0
# Predator:  12_N_H 
# quarter 2 
# 1981  1985  1986  1987  1990  1991  1995  2002  2005  2010  2013  
    0     0     0     0     0     0     0     0     0     0     0
    0     0     0     0     0     0     0     0     0     0     0
    0     0     0     0     0     0     0     0     0     0     0
    0     0     0     0     0     0     0     0     0     0     0
    0     0     0     0     0    12     0     0     0     0     0
    0     0     0     0     0    31     0     0     0     0     0
    0     0     0     0     0    43     0     0     0     0     0
    0     0     0     0     0    46     0     0     0     0     0
    0     0     0     0     0    26     0     0     0     0     0
    0     0     0     0     0     0     0     0     0     0     0
    0     0     0     0     0     0     0     0     0     0     0
    0     0     0     0     0     0     0     0     0     0     0
    0     0     0     0     0     0     0     0     0     0     0
    0     0     0     0     0     0     0     0     0     0     0
    0     0     0     0     0     0     0     0     0     0     0
# Predator:  12_N_H 
# quarter 3 
# 1981  1985  1986  1987  1990  1991  1995  2002  2005  2010  2013  
    0     0     0     0     0     0     0     0     0     0     0
    0     0     0     4     0     0     0     0     0     0     0
    0     0     0    11     0     0     0     0     0     0     0
    0     0     0    32     0     0     0     0     0     0     0
    0     0     0    30     0    15     0     0     0     0     0
    0     0     0     5     0    24     0     0     0     0     0
    0     0     0     0     0    46     0     0     0     0     0
    0     0     0     0     0    51     0     0     0     0     0
    0     0     0     0     0    14     0     0     0     0     0
    0     0     0     0     0     0     0     0     0     0     0
    0     0     0     0     0     0     0     0     0     0     0
    0     0     0     0     0     0     0     0     0     0     0
    0     0     0     0     0     0     0     0     0     0     0
    0     0     0     0     0     0     0     0     0     0     0
    0     0     0     0     0     0     0     0     0     0     0
# Predator:  12_N_H 
# quarter 4 
# 1981  1985  1986  1987  1990  1991  1995  2002  2005  2010  2013  
    0     0     0     0     0     0     0     0     0     0     0
    0     0     0     0     0     0     0     0     0     0     0
    0     0     0     0     0     0     0     0     0     0     0
    0     0     0     0     0     0     0     0     0     0     0
    0     0     0     0     0     0     0     0     0     0     0
    0     0     0     0     0     8     0     0     0     0     0
    0     0     0     0     0    32     0     0     0     0     0
    0     0     0     0     0    41     0     0     0     0     0
    0     0     0     0     0    11     0     0     0     0     0
    0     0     0     0     0     0     0     0     0     0     0
    0     0     0     0     0     0     0     0     0     0     0
    0     0     0     0     0     0     0     0     0     0     0
    0     0     0     0     0     0     0     0     0     0     0
    0     0     0     0     0     0     0     0     0     0     0
    0     0     0     0     0     0     0     0     0     0     0
##############
# Predator:  13_GSE 
# quarter 1 
# 1981  1985  1986  1987  1990  1991  1995  2002  2005  2010  2013  
    0     0     0     0     0     0     0     0     0     0     0
    0     0     0     0     0     0     0     0     0     0     0
    0     0     0     0     0     0     0     0     0     0     0
    0     0     0     0     0     0     0     0     0     0     0
    0     0     0     0     0     0     0     0     0     0     0
    0     0     0     0     0     0     0     0     0     0     0
    0     0     0     0     0     0     0     0     0     0     0
    0     0     0     0     0     0     0     0     0     0     0
    0     0     0     0     0     0     0     0     0     0     0
    0     0     0     0     0     0     0     0     0     0     0
    0     0     0     0     0     0     0     0     0     0     0
    0   493     0     0     0     0     0     0     0     0     0
    0     0     0     0     0     0     0     0     0     0     0
    0     0     0     0     0     0     0     0     0     0     0
    0     0     0     0     0     0     0   692     0   771     0
# Predator:  13_GSE 
# quarter 2 
# 1981  1985  1986  1987  1990  1991  1995  2002  2005  2010  2013  
    0     0     0     0     0     0     0     0     0     0     0
    0     0     0     0     0     0     0     0     0     0     0
    0     0     0     0     0     0     0     0     0     0     0
    0     0     0     0     0     0     0     0     0     0     0
    0     0     0     0     0     0     0     0     0     0     0
    0     0     0     0     0     0     0     0     0     0     0
    0     0     0     0     0     0     0     0     0     0     0
    0     0     0     0     0     0     0     0     0     0     0
    0     0     0     0     0     0     0     0     0     0     0
    0     0     0     0     0     0     0     0     0     0     0
    0     0     0     0     0     0     0     0     0     0     0
    0   229     0     0     0     0     0     0     0     0     0
    0     0     0     0     0     0     0     0     0     0     0
    0     0     0     0     0     0     0     0     0     0     0
    0     0     0     0     0     0     0   187     0   223     0
# Predator:  13_GSE 
# quarter 3 
# 1981  1985  1986  1987  1990  1991  1995  2002  2005  2010  2013  
    0     0     0     0     0     0     0     0     0     0     0
    0     0     0     0     0     0     0     0     0     0     0
    0     0     0     0     0     0     0     0     0     0     0
    0     0     0     0     0     0     0     0     0     0     0
    0     0     0     0     0     0     0     0     0     0     0
    0     0     0     0     0     0     0     0     0     0     0
    0     0     0     0     0     0     0     0     0     0     0
    0     0     0     0     0     0     0     0     0     0     0
    0     0     0     0     0     0     0     0     0     0     0
    0     0     0     0     0     0     0     0     0     0     0
    0     0     0     0     0     0     0     0     0     0     0
    0   144     0     0     0     0     0     0     0     0     0
    0     0     0     0     0     0     0     0     0     0     0
    0     0     0     0     0     0     0     0     0     0     0
    0     0     0     0     0     0     0   230     0   166     0
# Predator:  13_GSE 
# quarter 4 
# 1981  1985  1986  1987  1990  1991  1995  2002  2005  2010  2013  
    0     0     0     0     0     0     0     0     0     0     0
    0     0     0     0     0     0     0     0     0     0     0
    0     0     0     0     0     0     0     0     0     0     0
    0     0     0     0     0     0     0     0     0     0     0
    0     0     0     0     0     0     0     0     0     0     0
    0     0     0     0     0     0     0     0     0     0     0
    0     0     0     0     0     0     0     0     0     0     0
    0     0     0     0     0     0     0     0     0     0     0
    0     0     0     0     0     0     0     0     0     0     0
    0     0     0     0     0     0     0     0     0     0     0
    0     0     0     0     0     0     0     0     0     0     0
    0   602     0     0     0     0     0     0     0     0     0
    0     0     0     0     0     0     0     0     0     0     0
    0     0     0     0     0     0     0     0     0     0     0
    0     0     0     0     0     0     0   631     0   438     0
##############
# Predator:  14_HBP 
# quarter 1 
# 1981  1985  1986  1987  1990  1991  1995  2002  2005  2010  2013  
    0     0     0     0     0     0     0     0     0     0     0
    0     0     0     0     0     0     0     0     0     0     0
    0     0     0     0     0     0     0     0     0     0     0
    0     0     0     0     0     0     0     0     0     0     0
    0     0     0     0     0     0     0     0     0     0     0
    0     0     0     0     0     0     0     0     0     0     0
    0     0     0     0     0     0     0     0     0     0     0
    0     0     0     0     0     0     0     0     0     0     0
    0     0     0     0     0     0     0     0     0     0     0
    0     0     0     0     0     0     0     0     0     0     0
    0     0     0     0     0     0     0     0     0     0     0
    0     0     0     0     0     0     0     0     0     0     0
    0     0     0     0     0     0     0     0     0     0     0
    0     0     0     0     0     0     0     0     0     0     0
    0     0     0     0     0     0     0     0     0     0     0
# Predator:  14_HBP 
# quarter 2 
# 1981  1985  1986  1987  1990  1991  1995  2002  2005  2010  2013  
    0     0     0     0     0     0     0     0     0     0     0
    0     0     0     0     0     0     0     0     0     0     0
    0     0     0     0     0     0     0     0     0     0     0
    0     0     0     0     0     0     0     0     0     0     0
    0     0     0     0     0     0     0     0     0     0     0
    0     0     0     0     0     0     0     0     0     0     0
    0     0     0     0     0     0     0     0     0     0     0
    0     0     0     0     0     0     0     0     0     0     0
    0     0     0     0     0     0     0     0     0     0     0
    0     0     0     0     0     0     0     0     0     0     0
    0     0     0     0     0     0     0     0     0     0     0
    0     0     0     0     0     0     0     0     0     0     0
    0     0     0     0     0     0     0     0     0     0     0
    0     0     0     0     0     0     0     0     0     0     0
    0     0     0     0     0     0     0     0     0     0     0
# Predator:  14_HBP 
# quarter 3 
# 1981  1985  1986  1987  1990  1991  1995  2002  2005  2010  2013  
    0     0     0     0     0     0     0     0     0     0     0
    0     0     0     0     0     0     0     0     0     0     0
    0     0     0     0     0     0     0     0     0     0     0
    0     0     0     0     0     0     0     0     0     0     0
    0     0     0     0     0     0     0     0     0     0     0
    0     0     0     0     0     0     0     0     0     0     0
    0     0     0     0     0     0     0     0     0     0     0
    0     0     0     0     0     0     0     0     0     0     0
    0     0     0     0     0     0     0     0     0     0     0
    0     0     0     0     0     0     0     0     0     0     0
    0     0     0     0     0     0     0     0     0     0     0
    0   100     0     0     0     0     0     0     0     0     0
    0     0     0     0     0     0     0     0     0     0     0
    0     0     0     0     0     0     0     0     0     0     0
    0     0     0     0     0     0   100     0   100     0     0
# Predator:  14_HBP 
# quarter 4 
# 1981  1985  1986  1987  1990  1991  1995  2002  2005  2010  2013  
    0     0     0     0     0     0     0     0     0     0     0
    0     0     0     0     0     0     0     0     0     0     0
    0     0     0     0     0     0     0     0     0     0     0
    0     0     0     0     0     0     0     0     0     0     0
    0     0     0     0     0     0     0     0     0     0     0
    0     0     0     0     0     0     0     0     0     0     0
    0     0     0     0     0     0     0     0     0     0     0
    0     0     0     0     0     0     0     0     0     0     0
    0     0     0     0     0     0     0     0     0     0     0
    0     0     0     0     0     0     0     0     0     0     0
    0     0     0     0     0     0     0     0     0     0     0
    0     0     0     0     0     0     0     0     0     0     0
    0     0     0     0     0     0     0     0     0     0     0
    0     0     0     0     0     0     0     0     0     0     0
    0     0     0     0     0     0     0     0     0     0     0
##############
# Predator:  15_HKE 
# quarter 1 
# 1981  1985  1986  1987  1990  1991  1995  2002  2005  2010  2013  
    0     0     0     0     0     0     0     0     0     0     0
    0     0     0     0     0     0     0     0     0     0     0
    0     0     0     0     0     0     0     0     0     0     0
    0     0     0     0     0     0     0     0     0     0     0
    0     0     0     0     0     0     0     0     0     0     0
    0     0     0     0     0     0     0     0     0     0    50
    0     0     0     0     0     0     0     0     0     0    50
    0     0     0     0     0     0     0     0     0     0    50
    0     0     0     0     0     0     0     0     0     0    50
    0     0     0     0     0     0     0     0     0     0    50
    0     0     0     0     0     0     0     0     0     0    50
    0     0     0     0     0     0     0     0     0     0     0
    0     0     0     0     0     0     0     0     0     0     0
    0     0     0     0     0     0     0     0     0     0     0
    0     0     0     0     0     0     0     0     0     0     0
# Predator:  15_HKE 
# quarter 2 
# 1981  1985  1986  1987  1990  1991  1995  2002  2005  2010  2013  
    0     0     0     0     0     0     0     0     0     0     0
    0     0     0     0     0     0     0     0     0     0     0
    0     0     0     0     0     0     0     0     0     0     0
    0     0     0     0     0     0     0     0     0     0     0
    0     0     0     0     0     0     0     0     0     0     0
    0     0     0     0     0     0     0     0     0     0     0
    0     0     0     0     0     0     0     0     0     0     0
    0     0     0     0     0     0     0     0     0     0     0
    0     0     0     0     0     0     0     0     0     0     0
    0     0     0     0     0     0     0     0     0     0     0
    0     0     0     0     0     0     0     0     0     0     0
    0     0     0     0     0     0     0     0     0     0     0
    0     0     0     0     0     0     0     0     0     0     0
    0     0     0     0     0     0     0     0     0     0     0
    0     0     0     0     0     0     0     0     0     0     0
# Predator:  15_HKE 
# quarter 3 
# 1981  1985  1986  1987  1990  1991  1995  2002  2005  2010  2013  
    0     0     0     0     0     0     0     0     0     0     0
    0     0     0     0     0     0     0     0     0     0     0
    0     0     0     0     0     0     0     0     0     0     0
    0     0     0     0     0     0     0     0     0     0     0
    0     0     0     0     0     0     0     0     0     0     0
    0     0     0     0     0     0     0     0     0     0     0
    0     0     0     0     0     0     0     0     0     0    50
    0     0     0     0     0     0     0     0     0     0    50
    0     0     0     0     0     0     0     0     0     0    50
    0     0     0     0     0     0     0     0     0     0    50
    0     0     0     0     0     0     0     0     0     0    50
    0     0     0     0     0     0     0     0     0     0    50
    0     0     0     0     0     0     0     0     0     0    50
    0     0     0     0     0     0     0     0     0     0    50
    0     0     0     0     0     0     0     0     0     0    50
# Predator:  15_HKE 
# quarter 4 
# 1981  1985  1986  1987  1990  1991  1995  2002  2005  2010  2013  
    0     0     0     0     0     0     0     0     0     0     0
    0     0     0     0     0     0     0     0     0     0     0
    0     0     0     0     0     0     0     0     0     0     0
    0     0     0     0     0     0     0     0     0     0     0
    0     0     0     0     0     0     0     0     0     0     0
    0     0     0     0     0     0     0     0     0     0     0
    0     0     0     0     0     0     0     0     0     0     0
    0     0     0     0     0     0     0     0     0     0     0
    0     0     0     0     0     0     0     0     0     0     0
    0     0     0     0     0     0     0     0     0     0     0
    0     0     0     0     0     0     0     0     0     0     0
    0     0     0     0     0     0     0     0     0     0     0
    0     0     0     0     0     0     0     0     0     0     0
    0     0     0     0     0     0     0     0     0     0     0
    0     0     0     0     0     0     0     0     0     0     0
##############
# Predator:  16_COD 
# quarter 1 
# 1981  1985  1986  1987  1990  1991  1995  2002  2005  2010  2013  
    0     0     0     0     0     0     0     0     0     0     0
   47    27    62    54     0     0     0     0     0     0     0
   68    61    47    69     0     0     0     0     0     0     0
   75    67    42    84     0     0     0     0     0     0     0
   95    85    34    85     0    51     0     0     0     0     0
   68    73    41    71     0    56     0     0     0     0     0
   89    75    56    68     0    29     0     0     0     0     0
   94    49    59    43     0    51     0     0     0     0     0
    0    43    42    35     0    77     0     0     0     0     0
    0    58    44    45     0   122     0     0     0     0     0
    0    44    38    49     0   170     0     0     0     0     0
    0     0     0     0     0   129     0     0     0     0     0
    0     0     0     0     0    88     0     0     0     0     0
    0     0     0     0     0   150     0     0     0     0     0
    0     0     0     0     0    59     0     0     0     0     0
# Predator:  16_COD 
# quarter 2 
# 1981  1985  1986  1987  1990  1991  1995  2002  2005  2010  2013  
    0     0     0     0     0     0     0     0     0     0     0
   25     0     0     0     0     0     0     0     0     0     0
   43     0     0     0     0     0     0     0     0     0     0
   50     0     0     0     0     0     0     0     0     0     0
   74     0     0     0     0   115     0     0     0     0     0
   58     0     0     0     0   222     0     0     0     0     0
   64     0     0     0     0   120     0     0     0     0     0
   44     0     0     0     0   121     0     0     0     0     0
    0     0     0     0     0   130     0     0     0     0     0
    0     0     0     0     0   186     0     0     0     0     0
    0     0     0     0     0   148     0     0     0     0     0
    0     0     0     0     0    97     0     0     0     0     0
    0     0     0     0     0    71     0     0     0     0     0
    0     0     0     0     0    67     0     0     0     0     0
    0     0     0     0     0    24     0     0     0     0     0
# Predator:  16_COD 
# quarter 3 
# 1981  1985  1986  1987  1990  1991  1995  2002  2005  2010  2013  
    0     0     0     0     0     0     0     0     0     0     0
    0     0    38     0     0     0     0     0     0     0     0
   20    21    79    69     0     0     0     0     0     0     0
   38    42    83    78     0     0     0     0     0     0     0
   57    62    75    85     0     0     0     0     0     0     0
   60    49    61    79     0    78     0     0     0     0     0
   48    62    53    91     0   192     0     0     0     0     0
   37    38    48    53     0   188     0     0     0     0     0
    0    28    39    37     0   103     0     0     0     0     0
    0    24    22    26     0   131     0     0     0     0     0
    0    25    24    31     0    94     0     0     0     0     0
    0     0     0     0     0    63     0     0     0     0     0
    0     0     0     0     0    30     0     0     0     0     0
    0     0     0     0     0    26     0     0     0     0     0
    0     0     0     0     0     9     0     0     0     0     0
# Predator:  16_COD 
# quarter 4 
# 1981  1985  1986  1987  1990  1991  1995  2002  2005  2010  2013  
    0     0     0     0     0     0     0     0     0     0     0
   33     0     0     0     0     0     0     0     0     0     0
   37     0     0     0     0     0     0     0     0     0     0
   40     0     0     0     0     0     0     0     0     0     0
   59     0     0     0     0    88     0     0     0     0     0
   59     0     0     0     0    47     0     0     0     0     0
   53     0     0     0     0    44     0     0     0     0     0
   45     0     0     0     0   107     0     0     0     0     0
    0     0     0     0     0    92     0     0     0     0     0
    0     0     0     0     0    85     0     0     0     0     0
    0     0     0     0     0    60     0     0     0     0     0
    0     0     0     0     0    55     0     0     0     0     0
    0     0     0     0     0    45     0     0     0     0     0
    0     0     0     0     0    28     0     0     0     0     0
    0     0     0     0     0     8     0     0     0     0     0
##############
# Predator:  17_WHG 
# quarter 1 
# 1981  1985  1986  1987  1990  1991  1995  2002  2005  2010  2013  
  152    87    68    91     0     0     0     0     0     0     0
  186    94    74   104     0     0     0     0     0     0     0
  176   104    82    85     0    45     0     0     0     0     0
  171    93    74    71     0   109     0     0     0     0     0
  135    74    50    52     0   137     0     0     0     0     0
   29    42    27    29     0   146     0     0     0     0     0
    0    22    11     7     0   145     0     0     0     0     0
    0     0     0     0     0   121     0     0     0     0     0
    0     0     0     0     0    50     0     0     0     0     0
    0     0     0     0     0    22     0     0     0     0     0
    0     0     0     0     0     0     0     0     0     0     0
    0     0     0     0     0     0     0     0     0     0     0
    0     0     0     0     0     0     0     0     0     0     0
    0     0     0     0     0     0     0     0     0     0     0
    0     0     0     0     0     0     0     0     0     0     0
# Predator:  17_WHG 
# quarter 2 
# 1981  1985  1986  1987  1990  1991  1995  2002  2005  2010  2013  
   45     0     0     0     0     0     0     0     0     0     0
   78     0     0     0     0     0     0     0     0     0     0
   92     0     0     0     0    26     0     0     0     0     0
   96     0     0     0     0    71     0     0     0     0     0
   91     0     0     0     0   221     0     0     0     0     0
   21     0     0     0     0   279     0     0     0     0     0
    0     0     0     0     0   273     0     0     0     0     0
    0     0     0     0     0   223     0     0     0     0     0
    0     0     0     0     0    92     0     0     0     0     0
    0     0     0     0     0    33     0     0     0     0     0
    0     0     0     0     0     0     0     0     0     0     0
    0     0     0     0     0     0     0     0     0     0     0
    0     0     0     0     0     0     0     0     0     0     0
    0     0     0     0     0     0     0     0     0     0     0
    0     0     0     0     0     0     0     0     0     0     0
# Predator:  17_WHG 
# quarter 3 
# 1981  1985  1986  1987  1990  1991  1995  2002  2005  2010  2013  
   27    25    72    33     0     0     0     0     0     0     0
   49    59    70    75     0     0     0     0     0     0     0
   91    94    90    96     0   104     0     0     0     0     0
  120   107   106   106     0   100     0     0     0     0     0
  108    90    96    80     0   129     0     0     0     0     0
   28    43    63    50     0   202     0     0     0     0     0
    0    16    15    14     0   225     0     0     0     0     0
    0     0     0     0     0   179     0     0     0     0     0
    0     0     0     0     0    82     0     0     0     0     0
    0     0     0     0     0    15     0     0     0     0     0
    0     0     0     0     0     0     0     0     0     0     0
    0     0     0     0     0     0     0     0     0     0     0
    0     0     0     0     0     0     0     0     0     0     0
    0     0     0     0     0     0     0     0     0     0     0
    0     0     0     0     0     0     0     0     0     0     0
# Predator:  17_WHG 
# quarter 4 
# 1981  1985  1986  1987  1990  1991  1995  2002  2005  2010  2013  
   62     0     0     0     0     0     0     0     0     0     0
   73     0     0     0     0     0     0     0     0     0     0
   78     0     0     0     0   103     0     0     0     0     0
   89     0     0     0     0   115     0     0     0     0     0
   84     0     0     0     0   165     0     0     0     0     0
   24     0     0     0     0   165     0     0     0     0     0
    0     0     0     0     0   184     0     0     0     0     0
    0     0     0     0     0   165     0     0     0     0     0
    0     0     0     0     0    95     0     0     0     0     0
    0     0     0     0     0    26     0     0     0     0     0
    0     0     0     0     0     0     0     0     0     0     0
    0     0     0     0     0     0     0     0     0     0     0
    0     0     0     0     0     0     0     0     0     0     0
    0     0     0     0     0     0     0     0     0     0     0
    0     0     0     0     0     0     0     0     0     0     0
##############
# Predator:  18_HAD 
# quarter 1 
# 1981  1985  1986  1987  1990  1991  1995  2002  2005  2010  2013  
    0     0     0     0     0     0     0     0     0     0     0
   50     0     0     0     0     0     0     0     0     0     0
   55     0     0     0     0     0     0     0     0     0     0
   56     0     0     0     0     0     0     0     0     0     0
   80     0     0     0     0   106     0     0     0     0     0
   39     0     0     0     0    71     0     0     0     0     0
   22     0     0     0     0    67     0     0     0     0     0
    0     0     0     0     0    76     0     0     0     0     0
    0     0     0     0     0    69     0     0     0     0     0
    0     0     0     0     0    50     0     0     0     0     0
    0     0     0     0     0    17     0     0     0     0     0
    0     0     0     0     0     0     0     0     0     0     0
    0     0     0     0     0     0     0     0     0     0     0
    0     0     0     0     0     0     0     0     0     0     0
    0     0     0     0     0     0     0     0     0     0     0
# Predator:  18_HAD 
# quarter 2 
# 1981  1985  1986  1987  1990  1991  1995  2002  2005  2010  2013  
    0     0     0     0     0     0     0     0     0     0     0
   50     0     0     0     0     0     0     0     0     0     0
   57     0     0     0     0     0     0     0     0     0     0
   60     0     0     0     0     0     0     0     0     0     0
   62     0     0     0     0    89     0     0     0     0     0
   42     0     0     0     0   112     0     0     0     0     0
   15     0     0     0     0   109     0     0     0     0     0
    0     0     0     0     0   106     0     0     0     0     0
    0     0     0     0     0   104     0     0     0     0     0
    0     0     0     0     0    72     0     0     0     0     0
    0     0     0     0     0    23     0     0     0     0     0
    0     0     0     0     0     0     0     0     0     0     0
    0     0     0     0     0     0     0     0     0     0     0
    0     0     0     0     0     0     0     0     0     0     0
    0     0     0     0     0     0     0     0     0     0     0
# Predator:  18_HAD 
# quarter 3 
# 1981  1985  1986  1987  1990  1991  1995  2002  2005  2010  2013  
    0     0     0     0     0     0     0     0     0     0     0
   56     0     0     0     0     0     0     0     0     0     0
   69     0     0     0     0     0     0     0     0     0     0
   80     0     0     0     0     0     0     0     0     0     0
   81     0     0     0     0   100     0     0     0     0     0
   48     0     0     0     0   159     0     0     0     0     0
   19     0     0     0     0   181     0     0     0     0     0
    0     0     0     0     0   175     0     0     0     0     0
    0     0     0     0     0   113     0     0     0     0     0
    0     0     0     0     0    85     0     0     0     0     0
    0     0     0     0     0    25     0     0     0     0     0
    0     0     0     0     0     0     0     0     0     0     0
    0     0     0     0     0     0     0     0     0     0     0
    0     0     0     0     0     0     0     0     0     0     0
    0     0     0     0     0     0     0     0     0     0     0
# Predator:  18_HAD 
# quarter 4 
# 1981  1985  1986  1987  1990  1991  1995  2002  2005  2010  2013  
    0     0     0     0     0     0     0     0     0     0     0
   85     0     0     0     0     0     0     0     0     0     0
   77     0     0     0     0     0     0     0     0     0     0
   74     0     0     0     0     0     0     0     0     0     0
   81     0     0     0     0   149     0     0     0     0     0
   60     0     0     0     0    73     0     0     0     0     0
   19     0     0     0     0    70     0     0     0     0     0
    0     0     0     0     0    69     0     0     0     0     0
    0     0     0     0     0    61     0     0     0     0     0
    0     0     0     0     0    46     0     0     0     0     0
    0     0     0     0     0    23     0     0     0     0     0
    0     0     0     0     0     0     0     0     0     0     0
    0     0     0     0     0     0     0     0     0     0     0
    0     0     0     0     0     0     0     0     0     0     0
    0     0     0     0     0     0     0     0     0     0     0
##############
# Predator:  19_POK 
# quarter 1 
# 1981  1985  1986  1987  1990  1991  1995  2002  2005  2010  2013  
    0     0     0     0     0     0     0     0     0     0     0
    0     0     0     0     0     0     0     0     0     0     0
    0     0     0     0     0     0     0     0     0     0     0
    0     0     0     0     0     0     0     0     0     0     0
    5     0     0     0     0     0     0     0     0     0     0
   10     0     0     0     0     0     0     0     0     0     0
   53     0     0     0     0     0     0     0     0     0     0
   57     0     0     0     0    19     0     0     0     0     0
    0     0     0     0     0    20     0     0     0     0     0
   14     0     0     0     0    50     0     0     0     0     0
    0     0     0     0     0    27     0     0     0     0     0
    0     0     0     0     0    16     0     0     0     0     0
    0     0     0     0     0    12     0     0     0     0     0
    0     0     0     0     0     6     0     0     0     0     0
    0     0     0     0     0     0     0     0     0     0     0
# Predator:  19_POK 
# quarter 2 
# 1981  1985  1986  1987  1990  1991  1995  2002  2005  2010  2013  
    0     0     0     0     0     0     0     0     0     0     0
    0     0     0     0     0     0     0     0     0     0     0
    0     0     0     0     0     0     0     0     0     0     0
    0     0     0     0     0     0     0     0     0     0     0
    3     0     0     0     0     0     0     0     0     0     0
    0     0     0     0     0     0     0     0     0     0     0
    7     0     0     0     0     0     0     0     0     0     0
   10     0     0     0     0     5     0     0     0     0     0
    0     0     0     0     0    26     0     0     0     0     0
    0     0     0     0     0    38     0     0     0     0     0
    0     0     0     0     0    34     0     0     0     0     0
    0     0     0     0     0    22     0     0     0     0     0
    0     0     0     0     0    17     0     0     0     0     0
    0     0     0     0     0    18     0     0     0     0     0
    0     0     0     0     0     6     0     0     0     0     0
# Predator:  19_POK 
# quarter 3 
# 1981  1985  1986  1987  1990  1991  1995  2002  2005  2010  2013  
    0     0     0     0     0     0     0     0     0     0     0
    0     0     0     0     0     0     0     0     0     0     0
    0     0     0     0     0     0     0     0     0     0     0
    0     0     0     0     0     0     0     0     0     0     0
   12     0    60     5     0     0     0     0     0     0     0
   21     0    60     5     0     0     0     0     0     0     0
   31     0    47    24     0     0     0     0     0     0     0
   27     0    58    48     0     0     0     0     0     0     0
    0     0    58    48     0     5     0     0     0     0     0
    0     0     0     0     0    21     0     0     0     0     0
    0     0    29    15     0    15     0     0     0     0     0
    0     0     0     0     0     7     0     0     0     0     0
    0     0     0     0     0     6     0     0     0     0     0
    0     0     0     0     0     8     0     0     0     0     0
    0     0     0     0     0     0     0     0     0     0     0
# Predator:  19_POK 
# quarter 4 
# 1981  1985  1986  1987  1990  1991  1995  2002  2005  2010  2013  
    0     0     0     0     0     0     0     0     0     0     0
    0     0     0     0     0     0     0     0     0     0     0
    0     0     0     0     0     0     0     0     0     0     0
    0     0     0     0     0     0     0     0     0     0     0
    1     0     0     0     0     0     0     0     0     0     0
    6     0     0     0     0     0     0     0     0     0     0
   17     0     0     0     0     0     0     0     0     0     0
   21     0     0     0     0     0     0     0     0     0     0
    0     0     0     0     0    15     0     0     0     0     0
    0     0     0     0     0    43     0     0     0     0     0
    0     0     0     0     0    28     0     0     0     0     0
    0     0     0     0     0    14     0     0     0     0     0
    0     0     0     0     0     6     0     0     0     0     0
    0     0     0     0     0     6     0     0     0     0     0
    0     0     0     0     0     4     0     0     0     0     0
##############
# Predator:  20_MAC 
# quarter 1 
# 1981  1985  1986  1987  1990  1991  1995  2002  2005  2010  2013  
    0     0     0     0     0     0     0     0     0     0     0
    0     0     0     0     0     0     0     0     0     0     0
   13     0     0     0     0     0     0     0     0     0     0
   14     0     0     0     0     0     0     0     0     0     0
   19     0     0     0     0    69     0     0     0     0     0
    0     0     0     0     0   129     0     0     0     0     0
    0     0     0     0     0    48     0     0     0     0     0
    0     0     0     0     0    32     0     0     0     0     0
    0     0     0     0     0     4     0     0     0     0     0
    0     0     0     0     0     0     0     0     0     0     0
    0     0     0     0     0     0     0     0     0     0     0
    0     0     0     0     0     0     0     0     0     0     0
    0     0     0     0     0     0     0     0     0     0     0
    0     0     0     0     0     0     0     0     0     0     0
    0     0     0     0     0     0     0     0     0     0     0
# Predator:  20_MAC 
# quarter 2 
# 1981  1985  1986  1987  1990  1991  1995  2002  2005  2010  2013  
    0     0     0     0     0     0     0     0     0     0     0
    0     0     0     0     0     0     0     0     0     0     0
   12     0     0     0     0     0     0     0     0     0     0
   29     0     0     0     0     0     0     0     0     0     0
   78     0     0     0     0     0     0     0     0     0     0
   79     0     0     0     0    29     0     0     0     0     0
    0     0     0     0     0    43     0     0     0     0     0
    0     0     0     0     0    59     0     0     0     0     0
    0     0     0     0     0    42     0     0     0     0     0
    0     0     0     0     0    20     0     0     0     0     0
    0     0     0     0     0     0     0     0     0     0     0
    0     0     0     0     0     0     0     0     0     0     0
    0     0     0     0     0     0     0     0     0     0     0
    0     0     0     0     0     0     0     0     0     0     0
    0     0     0     0     0     0     0     0     0     0     0
# Predator:  20_MAC 
# quarter 3 
# 1981  1985  1986  1987  1990  1991  1995  2002  2005  2010  2013  
    0     0     0     0     0     0     0     0     0     0     0
    0     0     0     0     0     0     0     0     0     0     0
   12     0     0     0     0     0     0     0     0     0     0
   93     0     0     0     0     0     0     0     0     0     0
  176     0     0     0     0     0     0     0     0     0     0
   88     0     0     0     0    18     0     0     0     0     0
    0     0     0     0     0    49     0     0     0     0     0
    0     0     0     0     0    71     0     0     0     0     0
    0     0     0     0     0    48     0     0     0     0     0
    0     0     0     0     0    23     0     0     0     0     0
    0     0     0     0     0     0     0     0     0     0     0
    0     0     0     0     0     0     0     0     0     0     0
    0     0     0     0     0     0     0     0     0     0     0
    0     0     0     0     0     0     0     0     0     0     0
    0     0     0     0     0     0     0     0     0     0     0
# Predator:  20_MAC 
# quarter 4 
# 1981  1985  1986  1987  1990  1991  1995  2002  2005  2010  2013  
    0     0     0     0     0     0     0     0     0     0     0
    0     0     0     0     0     0     0     0     0     0     0
    0     0     0     0     0     0     0     0     0     0     0
   21     0     0     0     0     0     0     0     0     0     0
   59     0     0     0     0     9     0     0     0     0     0
   33     0     0     0     0    13     0     0     0     0     0
    0     0     0     0     0    20     0     0     0     0     0
    0     0     0     0     0    31     0     0     0     0     0
    0     0     0     0     0    26     0     0     0     0     0
    0     0     0     0     0    10     0     0     0     0     0
    0     0     0     0     0     0     0     0     0     0     0
    0     0     0     0     0     0     0     0     0     0     0
    0     0     0     0     0     0     0     0     0     0     0
    0     0     0     0     0     0     0     0     0     0     0
    0     0     0     0     0     0     0     0     0     0     0
-999 # checksum
