#  1974 1975 1976 1977 1978 1979 1980 1981 1982 1983 1984 1985 1986 1987 1988 1989 1990 1991 1992 1993 1994 1995 1996 1997 1998 1999 2000 2001 2002 2003 2004 2005 2006 2007 2008 2009 2010 2011 2012 2013 2014 2015 2016 2017  2018 2019 2020 2021 2022
    1    1    1    1    1    1    1    1    1    1    1    1    1    1    1    1    1    1    1    1    1    1    1    1    1    1    1    1    1    1    1    1    1    1    1    1    1    1    1    1      1    1    1    1     1    1  1     1    1 #  Cod 
    1    1    1    1    1    1    1    1    1    1    1    1    1    1    1    1    1    1    1    1    1    1    1    1    1    1    1    1    1    1    1    1    1    1    1    1    1    1    1    1      1    1    1    1     1    1  1     1    1 #  Whiting 
    1    1    1    1    1    1    1    1    1    1    1    1    1    1    1    1    1    1    1    1    1    1    1    1    1    1    1    1    1    1    1    1    1    1    1    1    1    1    1    1      1    1    1    1     1    1  1     1    1 #  Haddock 
    0    1    1    1    1    1    1    1    1    0    1    1    1    1    1    1    1    1    0    1    1    1    1    1    1    1    1    1    1    1    1    1    1    1    1    1    1    1    1    1      1    1    1    1     1    1  1     1    1 #  Saithe 
    1    1    1    1    1    1    1    1    1    1    1    1    1    1    1    1    1    1    1    1    1    1    1    1    1    1    1    1    1    1    1    1    1    1    1    1    1    1    1    1      1    1    1    1     1    1  1     1    1 #  Mackerel 
    1    1    1    1    1    1    1    1    1    1    1    1    1    1    1    1    1    1    1    1    1    1    1    1    1    1    1    1    1    1    1    1    1    1    1    1    1    1    1    1      1    1    1    1     1    1  1     1    1 #  Herring 
    1    1    1    1    1    1    1    1    1    1    1    1    1    1    1    1    1    1    1    1    1    1    1    1    1    1    1    1    1    1    1    1    1    1    1    1    1    1    1    1      1    1    1    1     1    1  1     1    1 #  N Sandeel 
    1    1    1    1    1    1    1    1    1    1    1    1    1    1    1    1    1    1    1    1    1    1    1    1    1    1    1    1    1    1    1    1    1    1    1    1    1    1    1    1      1    1    1    1     1    1  1     1    1 #  S Sandeel 
    1    1    1    1    1    1    1    1    1    1    1    1    1    1    1    1    1    1    1    1    1    1    1    1    1    1    1    1    1    1    1    1    1    1    1    1    1    1    1    1      1    1    1    1     1    1  1     1    1 #  Nor. pout 
    1    1    1    1    1    1    1    1    1    1    1    1    1    1    1    1    1    1    1    1    1    1    1    1    1    1    1    1    1    1    1    1    1    1    1    1    1    1    1    1      1    1    1    1     1    1  1     1    1 #  Sprat 
    1    1    1    1    1    1    1    1    1    1    1    0    1    1    1    1    1    1    1    1    1    1    0    1    1    1    1    1    1    1    1    1    1    1    1    1    1    1    1    1      1    1    1    1     1    1  1     1    1 #  Plaice 
    1    1    1    1    1    1    1    1    1    1    1    1    1    0    1    1    1    0    1    1    1    1    1    1    1    1    1    1    1    1    1    1    1    1    1    1    1    1    1    1      1    1    1    1     1    1  1     1    1 #  Sole 
#####
-999 # check value
