##############################################################
#Data extracted from file  C:/_C_drev/SMS-git/NS_2023_04__Boots_0500_haul_as_observed/stom_struc_at_length.in 
#Date  Fri Nov  3 20:07:05 2023 
#stom.first  1e-06   #  stomcon for inserted (first length class) values
#stom.mid  1e-06  # stomcon for inserted (mid length class) values
#stom.last  1e-06   # stomcon for inserted (last length class) values
#stom.exp  1e-06   # stomcon for inserted (expanded species and length class) values
#stom.min.abs 1e-06    # absolut minimum value for stom con for inserted values
#delete.tails TRUE    # artifictal data deleted or not
#inserted.haul.no.propor  1  # proportion of number hauls in case of invented values (first, mid and last values)
##############################################################
# File for stomach contents data by length groups of predators and preys
##############################################################
# n_stl_y:  number of years with stomach data
 11 
# n_stl_yq:  number of year, quarter combinations with stomach data
36 
# n_stl_yqd:  number of year, quarter, area combinations with stomach data
36 
# n_stl_yqdp:  number of year, quarter, area, predator combinations with stomach data
279 
# n_stl_yqdpl:  number of year, quarter, area, predator, predator length combinations with stomach data
672 
# n_stl_yqdplp:  number of year, quarter, area, predator, predator length, prey  combinations with stomach data
3471 
##############################################################
# stl_Y: year name, first and last year-quarter index
1981 1 4 
1985 5 8 
1986 9 12 
1987 13 16 
1990 17 20 
1991 21 24 
1995 25 25 
2002 26 29 
2005 30 30 
2010 31 34 
2013 35 36 
# stl_yq: quarter name, first and last quarter-area index
1 1 1 
2 2 2 
3 3 3 
4 4 4 
1 5 5 
2 6 6 
3 7 7 
4 8 8 
1 9 9 
2 10 10 
3 11 11 
4 12 12 
1 13 13 
2 14 14 
3 15 15 
4 16 16 
1 17 17 
2 18 18 
3 19 19 
4 20 20 
1 21 21 
2 22 22 
3 23 23 
4 24 24 
3 25 25 
1 26 26 
2 27 27 
3 28 28 
4 29 29 
3 30 30 
1 31 31 
2 32 32 
3 33 33 
4 34 34 
1 35 35 
3 36 36 
# stl_yqd: area name, and first and last year-quarter-species-age index
1 1 13 
1 14 26 
1 27 39 
1 40 52 
1 53 63 
1 64 72 
1 73 84 
1 85 93 
1 94 103 
1 104 111 
1 112 122 
1 123 130 
1 131 140 
1 141 148 
1 149 160 
1 161 168 
1 169 176 
1 177 184 
1 185 192 
1 193 200 
1 201 215 
1 216 231 
1 232 248 
1 249 265 
1 266 266 
1 267 267 
1 268 268 
1 269 269 
1 270 270 
1 271 271 
1 272 272 
1 273 273 
1 274 274 
1 275 275 
1 276 277 
1 278 279 
##############################################################
# stl_yqdp: predator name, and first and last area-pred index
1 1 1 
2 2 2 
3 3 3 
4 4 4 
5 5 5 
6 6 6 
7 7 7 
8 8 8 
16 9 15 
17 16 21 
18 22 27 
19 28 32 
20 33 35 
1 36 36 
2 37 37 
3 38 38 
4 39 39 
5 40 40 
6 41 41 
7 42 42 
8 43 43 
16 44 50 
17 51 56 
18 57 62 
19 63 65 
20 66 69 
1 70 70 
2 71 71 
3 72 72 
4 73 73 
5 74 74 
6 75 75 
7 76 76 
8 77 77 
16 78 83 
17 84 89 
18 90 95 
19 96 99 
20 100 103 
1 104 104 
2 105 105 
3 106 106 
4 107 107 
5 108 108 
6 109 109 
7 110 110 
8 111 111 
16 112 118 
17 119 124 
18 125 130 
19 131 134 
20 135 137 
1 138 138 
2 139 139 
3 140 140 
4 141 141 
5 142 142 
6 143 143 
7 144 144 
8 145 145 
13 146 146 
16 147 156 
17 157 163 
1 164 164 
2 165 165 
3 166 166 
4 167 167 
5 168 168 
6 169 169 
7 170 170 
8 171 171 
13 172 172 
1 173 173 
2 174 174 
3 175 175 
4 176 176 
5 177 177 
6 178 178 
7 179 179 
8 180 180 
13 181 181 
14 182 182 
16 183 191 
17 192 198 
1 199 199 
2 200 200 
3 201 201 
4 202 202 
5 203 203 
6 204 204 
7 205 205 
8 206 206 
13 207 207 
1 208 208 
2 209 209 
3 210 210 
4 211 211 
5 212 212 
6 213 213 
7 214 214 
8 215 215 
16 216 225 
17 226 232 
1 233 233 
2 234 234 
3 235 235 
4 236 236 
5 237 237 
6 238 238 
7 239 239 
8 240 240 
1 241 241 
2 242 242 
3 243 243 
4 244 244 
5 245 245 
6 246 246 
7 247 247 
8 248 248 
16 249 258 
17 259 265 
19 266 271 
1 272 272 
2 273 273 
3 274 274 
4 275 275 
5 276 276 
6 277 277 
7 278 278 
8 279 279 
1 280 280 
2 281 281 
3 282 282 
4 283 283 
5 284 284 
6 285 285 
7 286 286 
8 287 287 
16 288 297 
17 298 304 
1 305 305 
2 306 306 
3 307 307 
4 308 308 
5 309 309 
6 310 310 
7 311 311 
8 312 312 
1 313 313 
2 314 314 
3 315 315 
4 316 316 
5 317 317 
6 318 318 
7 319 319 
8 320 320 
12 321 325 
16 326 334 
17 335 341 
19 342 347 
1 348 348 
2 349 349 
3 350 350 
4 351 351 
5 352 352 
6 353 353 
7 354 354 
8 355 355 
1 356 356 
2 357 357 
3 358 358 
4 359 359 
5 360 360 
6 361 361 
7 362 362 
8 363 363 
1 364 364 
2 365 365 
3 366 366 
4 367 367 
5 368 368 
6 369 369 
7 370 370 
8 371 371 
1 372 372 
2 373 373 
3 374 374 
4 375 375 
5 376 376 
6 377 377 
7 378 378 
8 379 379 
1 380 380 
2 381 381 
3 382 382 
4 383 383 
5 384 384 
6 385 385 
7 386 386 
8 387 387 
1 388 388 
2 389 389 
3 390 390 
4 391 391 
5 392 392 
6 393 393 
7 394 394 
8 395 395 
9 396 401 
10 402 406 
16 407 417 
17 418 425 
18 426 432 
19 433 439 
20 440 444 
1 445 445 
2 446 446 
3 447 447 
4 448 448 
5 449 449 
6 450 450 
7 451 451 
8 452 452 
9 453 458 
10 459 463 
12 464 468 
16 469 479 
17 480 487 
18 488 494 
19 495 502 
20 503 507 
1 508 508 
2 509 509 
3 510 510 
4 511 511 
5 512 512 
6 513 513 
7 514 514 
8 515 515 
9 516 521 
10 522 526 
11 527 529 
12 530 534 
16 535 544 
17 545 552 
18 553 559 
19 560 565 
20 566 570 
1 571 571 
2 572 572 
3 573 573 
4 574 574 
5 575 575 
6 576 576 
7 577 577 
8 578 578 
9 579 582 
10 583 587 
11 588 590 
12 591 594 
16 595 605 
17 606 613 
18 614 620 
19 621 627 
20 628 633 
14 634 634 
13 635 635 
13 636 636 
13 637 637 
13 638 638 
14 639 639 
13 640 640 
13 641 641 
13 642 642 
13 643 643 
10 644 650 
15 651 656 
10 657 663 
15 664 672 
##############################################################
# stl_yqdpl: predator length name, first and last predator-length-prey index, and predator length
9 1 6 0500-0700
9 7 13 0500-0700
9 14 19 0500-0700
9 20 27 0500-0700
9 28 36 0500-0700
9 37 38 0500-0700
9 39 42 0500-0700
9 43 49 0500-0700
4 50 52 0150-0200
5 53 56 0200-0250
6 57 62 0250-0300
7 63 71 0300-0400
8 72 80 0400-0500
9 81 89 0500-0700
10 90 98 0700-1000
3 99 101 0100-0150
4 102 105 0150-0200
5 106 111 0200-0250
6 112 119 0250-0300
7 120 127 0300-0400
8 128 135 0400-0500
4 136 137 0150-0200
5 138 139 0200-0250
6 140 142 0250-0300
7 143 146 0300-0400
8 147 149 0400-0500
9 150 152 0500-0700
7 153 155 0300-0400
8 156 158 0400-0500
9 159 161 0500-0700
10 162 167 0700-1000
12 168 172 1200-9999
5 173 173 0200-0250
6 174 174 0250-0300
7 175 175 0300-0400
9 176 184 0500-0700
9 185 190 0500-0700
9 191 197 0500-0700
9 198 200 0500-0700
9 201 209 0500-0700
9 210 215 0500-0700
9 216 219 0500-0700
9 220 223 0500-0700
4 224 224 0150-0200
5 225 228 0200-0250
6 229 234 0250-0300
7 235 242 0300-0400
8 243 251 0400-0500
9 252 260 0500-0700
10 261 269 0700-1000
3 270 270 0100-0150
4 271 274 0150-0200
5 275 280 0200-0250
6 281 287 0250-0300
7 288 294 0300-0400
8 295 298 0400-0500
4 299 299 0150-0200
5 300 301 0200-0250
6 302 303 0250-0300
7 304 307 0300-0400
8 308 310 0400-0500
9 311 313 0500-0700
7 314 314 0300-0400
9 315 317 0500-0700
10 318 320 0700-1000
5 321 323 0200-0250
6 324 326 0250-0300
7 327 331 0300-0400
8 332 336 0400-0500
9 337 339 0500-0700
9 340 344 0500-0700
9 345 353 0500-0700
9 354 356 0500-0700
9 357 365 0500-0700
9 366 371 0500-0700
9 372 375 0500-0700
9 376 379 0500-0700
5 380 382 0200-0250
6 383 388 0250-0300
7 389 397 0300-0400
8 398 404 0400-0500
9 405 413 0500-0700
10 414 422 0700-1000
3 423 423 0100-0150
4 424 428 0150-0200
5 429 435 0200-0250
6 436 443 0250-0300
7 444 451 0300-0400
8 452 458 0400-0500
4 459 460 0150-0200
5 461 462 0200-0250
6 463 465 0250-0300
7 466 468 0300-0400
8 469 471 0400-0500
9 472 474 0500-0700
7 475 478 0300-0400
8 479 483 0400-0500
9 484 489 0500-0700
10 490 493 0700-1000
5 494 494 0200-0250
6 495 500 0250-0300
7 501 506 0300-0400
8 507 512 0400-0500
9 513 518 0500-0700
9 519 524 0500-0700
9 525 530 0500-0700
9 531 538 0500-0700
9 539 545 0500-0700
9 546 547 0500-0700
9 548 551 0500-0700
9 552 558 0500-0700
4 559 560 0150-0200
5 561 562 0200-0250
6 563 568 0250-0300
7 569 574 0300-0400
8 575 582 0400-0500
9 583 591 0500-0700
10 592 600 0700-1000
3 601 604 0100-0150
4 605 608 0150-0200
5 609 617 0200-0250
6 618 626 0250-0300
7 627 635 0300-0400
8 636 639 0400-0500
4 640 641 0150-0200
5 642 643 0200-0250
6 644 646 0250-0300
7 647 649 0300-0400
8 650 652 0400-0500
9 653 655 0500-0700
7 656 656 0300-0400
8 657 659 0400-0500
9 660 663 0500-0700
10 664 667 0700-1000
6 668 668 0250-0300
7 669 673 0300-0400
8 674 676 0400-0500
10 677 682 0500-0600
10 683 689 0500-0600
10 690 695 0500-0600
10 696 703 0500-0600
10 704 712 0500-0600
10 713 714 0500-0600
10 715 718 0500-0600
10 719 725 0500-0600
14 726 734 1000-1200
4 735 737 0150-0200
5 738 744 0200-0250
6 745 752 0250-0300
7 753 760 0300-0350
8 761 769 0350-0400
9 770 777 0400-0500
10 778 785 0500-0600
11 786 794 0600-0700
12 795 802 0700-0800
13 803 810 0800-1000
3 811 813 0100-0150
4 814 818 0150-0200
5 819 825 0200-0250
6 826 833 0250-0300
7 834 841 0300-0350
8 842 849 0350-0400
9 850 856 0400-0500
10 857 865 0500-0600
10 866 871 0500-0600
10 872 878 0500-0600
10 879 881 0500-0600
10 882 890 0500-0600
10 891 896 0500-0600
10 897 900 0500-0600
10 901 904 0500-0600
14 905 913 1000-1200
10 914 916 0500-0600
10 917 921 0500-0600
10 922 930 0500-0600
10 931 933 0500-0600
10 934 942 0500-0600
10 943 948 0500-0600
10 949 952 0500-0600
10 953 956 0500-0600
14 957 965 1000-1200
14 966 971 1000-1200
5 972 973 0200-0250
6 974 980 0250-0300
7 981 988 0300-0350
8 989 995 0350-0400
9 996 1004 0400-0500
10 1005 1011 0500-0600
11 1012 1017 0600-0700
12 1018 1025 0700-0800
13 1026 1032 0800-1000
3 1033 1037 0100-0150
4 1038 1043 0150-0200
5 1044 1052 0200-0250
6 1053 1061 0250-0300
7 1062 1070 0300-0350
8 1071 1078 0350-0400
9 1079 1083 0400-0500
10 1084 1089 0500-0600
10 1090 1095 0500-0600
10 1096 1101 0500-0600
10 1102 1109 0500-0600
10 1110 1116 0500-0600
10 1117 1118 0500-0600
10 1119 1122 0500-0600
10 1123 1129 0500-0600
14 1130 1138 1000-1200
10 1139 1144 0500-0600
10 1145 1151 0500-0600
10 1152 1157 0500-0600
10 1158 1165 0500-0600
10 1166 1174 0500-0600
10 1175 1176 0500-0600
10 1177 1180 0500-0600
10 1181 1187 0500-0600
4 1188 1190 0150-0200
5 1191 1194 0200-0250
6 1195 1200 0250-0300
7 1201 1206 0300-0350
8 1207 1212 0350-0400
9 1213 1220 0400-0500
10 1221 1229 0500-0600
11 1230 1237 0600-0700
12 1238 1246 0700-0800
13 1247 1255 0800-1000
3 1256 1258 0100-0150
4 1259 1265 0150-0200
5 1266 1272 0200-0250
6 1273 1281 0250-0300
7 1282 1289 0300-0350
8 1290 1296 0350-0400
9 1297 1301 0400-0500
10 1302 1310 0500-0600
10 1311 1316 0500-0600
10 1317 1323 0500-0600
10 1324 1326 0500-0600
10 1327 1335 0500-0600
10 1336 1341 0500-0600
10 1342 1345 0500-0600
10 1346 1349 0500-0600
10 1350 1352 0500-0600
10 1353 1357 0500-0600
10 1358 1366 0500-0600
10 1367 1369 0500-0600
10 1370 1378 0500-0600
10 1379 1384 0500-0600
10 1385 1388 0500-0600
10 1389 1392 0500-0600
4 1393 1393 0150-0200
5 1394 1399 0200-0250
6 1400 1406 0250-0300
7 1407 1413 0300-0350
8 1414 1420 0350-0400
9 1421 1428 0400-0500
10 1429 1435 0500-0600
11 1436 1441 0600-0700
12 1442 1447 0700-0800
13 1448 1454 0800-1000
3 1455 1459 0100-0150
4 1460 1465 0150-0200
5 1466 1473 0200-0250
6 1474 1482 0250-0300
7 1483 1491 0300-0350
8 1492 1499 0350-0400
9 1500 1504 0400-0500
7 1505 1508 0300-0350
8 1509 1512 0350-0400
9 1513 1517 0400-0500
10 1518 1522 0500-0600
11 1523 1527 0600-0700
13 1528 1531 0800-1000
10 1532 1537 0500-0600
10 1538 1543 0500-0600
10 1544 1549 0500-0600
10 1550 1557 0500-0600
10 1558 1564 0500-0600
10 1565 1566 0500-0600
10 1567 1570 0500-0600
10 1571 1577 0500-0600
10 1578 1583 0500-0600
10 1584 1590 0500-0600
10 1591 1596 0500-0600
10 1597 1604 0500-0600
10 1605 1613 0500-0600
10 1614 1615 0500-0600
10 1616 1619 0500-0600
10 1620 1626 0500-0600
4 1627 1628 0150-0200
5 1629 1635 0200-0250
6 1636 1643 0250-0300
7 1644 1651 0300-0350
8 1652 1658 0350-0400
9 1659 1667 0400-0500
10 1668 1675 0500-0600
11 1676 1684 0600-0700
12 1685 1692 0700-0800
13 1693 1699 0800-1000
3 1700 1703 0100-0150
4 1704 1709 0150-0200
5 1710 1716 0200-0250
6 1717 1724 0250-0300
7 1725 1732 0300-0350
8 1733 1739 0350-0400
9 1740 1742 0400-0500
10 1743 1751 0500-0600
10 1752 1757 0500-0600
10 1758 1764 0500-0600
10 1765 1767 0500-0600
10 1768 1776 0500-0600
10 1777 1782 0500-0600
10 1783 1786 0500-0600
10 1787 1790 0500-0600
10 1791 1793 0500-0600
10 1794 1798 0500-0600
10 1799 1807 0500-0600
10 1808 1810 0500-0600
10 1811 1819 0500-0600
10 1820 1825 0500-0600
10 1826 1829 0500-0600
10 1830 1833 0500-0600
4 1834 1834 0150-0200
5 1835 1836 0200-0250
6 1837 1840 0250-0300
7 1841 1843 0300-0350
8 1844 1847 0350-0400
5 1848 1853 0200-0250
6 1854 1860 0250-0300
7 1861 1867 0300-0350
8 1868 1874 0350-0400
9 1875 1883 0400-0500
10 1884 1890 0500-0600
11 1891 1898 0600-0700
12 1899 1905 0700-0800
13 1906 1913 0800-1000
3 1914 1915 0100-0150
4 1916 1921 0150-0200
5 1922 1928 0200-0250
6 1929 1936 0250-0300
7 1937 1944 0300-0350
8 1945 1953 0350-0400
9 1954 1959 0400-0500
7 1960 1960 0300-0350
8 1961 1961 0350-0400
9 1962 1967 0400-0500
10 1968 1972 0500-0600
11 1973 1977 0600-0700
13 1978 1981 0800-1000
10 1982 1987 0500-0600
10 1988 1993 0500-0600
10 1994 1999 0500-0600
10 2000 2007 0500-0600
10 2008 2014 0500-0600
10 2015 2016 0500-0600
10 2017 2020 0500-0600
10 2021 2027 0500-0600
13 2028 2033 0500-0600
13 2034 2040 0500-0600
13 2041 2046 0500-0600
13 2047 2054 0500-0600
13 2055 2063 0500-0600
13 2064 2065 0500-0600
13 2066 2069 0500-0600
13 2070 2076 0500-0600
13 2077 2085 0500-0600
13 2086 2091 0500-0600
13 2092 2098 0500-0600
13 2099 2101 0500-0600
13 2102 2110 0500-0600
13 2111 2116 0500-0600
13 2117 2120 0500-0600
13 2121 2124 0500-0600
13 2125 2127 0500-0600
13 2128 2132 0500-0600
13 2133 2141 0500-0600
13 2142 2144 0500-0600
13 2145 2153 0500-0600
13 2154 2159 0500-0600
13 2160 2163 0500-0600
13 2164 2167 0500-0600
13 2168 2173 0500-0600
13 2174 2179 0500-0600
13 2180 2185 0500-0600
13 2186 2193 0500-0600
13 2194 2200 0500-0600
13 2201 2202 0500-0600
13 2203 2206 0500-0600
13 2207 2213 0500-0600
13 2214 2219 0500-0600
13 2220 2226 0500-0600
13 2227 2232 0500-0600
13 2233 2240 0500-0600
13 2241 2249 0500-0600
13 2250 2251 0500-0600
13 2252 2255 0500-0600
13 2256 2262 0500-0600
8 2263 2263 0200-0250
9 2264 2266 0250-0300
10 2267 2268 0300-0350
11 2269 2270 0350-0400
12 2271 2273 0400-0500
13 2274 2275 0500-0600
8 2276 2278 0200-0250
9 2279 2284 0250-0300
10 2285 2289 0300-0350
11 2290 2293 0350-0400
12 2294 2296 0400-0500
7 2297 2300 0150-0200
8 2301 2303 0200-0250
9 2304 2306 0250-0300
10 2307 2311 0300-0350
11 2312 2318 0350-0400
12 2319 2326 0400-0500
13 2327 2335 0500-0600
14 2336 2343 0600-0700
15 2344 2352 0700-0800
16 2353 2361 0800-1000
17 2362 2368 1000-1200
5 2369 2369 0100-0120
6 2370 2372 0120-0150
7 2373 2378 0150-0200
8 2379 2385 0200-0250
9 2386 2393 0250-0300
10 2394 2401 0300-0350
11 2402 2409 0350-0400
12 2410 2415 0400-0500
7 2416 2416 0150-0200
8 2417 2418 0200-0250
9 2419 2419 0250-0300
10 2420 2422 0300-0350
11 2423 2425 0350-0400
12 2426 2427 0400-0500
13 2428 2429 0500-0600
10 2430 2432 0300-0350
11 2433 2434 0350-0400
12 2435 2438 0400-0500
13 2439 2442 0500-0600
14 2443 2444 0600-0700
15 2445 2447 0700-0800
16 2448 2450 0800-1000
7 2451 2451 0150-0200
8 2452 2452 0200-0250
9 2453 2453 0250-0300
10 2454 2454 0300-0350
11 2455 2455 0350-0400
13 2456 2464 0500-0600
13 2465 2470 0500-0600
13 2471 2477 0500-0600
13 2478 2480 0500-0600
13 2481 2489 0500-0600
13 2490 2495 0500-0600
13 2496 2499 0500-0600
13 2500 2503 0500-0600
8 2504 2504 0200-0250
9 2505 2506 0250-0300
10 2507 2508 0300-0350
11 2509 2511 0350-0400
12 2512 2516 0400-0500
13 2517 2518 0500-0600
8 2519 2521 0200-0250
9 2522 2524 0250-0300
10 2525 2530 0300-0350
11 2531 2535 0350-0400
12 2536 2539 0400-0500
7 2540 2540 0150-0200
8 2541 2541 0200-0250
9 2542 2542 0250-0300
10 2543 2544 0300-0350
11 2545 2545 0350-0400
7 2546 2547 0150-0200
8 2548 2550 0200-0250
9 2551 2554 0250-0300
10 2555 2560 0300-0350
11 2561 2567 0350-0400
12 2568 2576 0400-0500
13 2577 2585 0500-0600
14 2586 2593 0600-0700
15 2594 2602 0700-0800
16 2603 2611 0800-1000
17 2612 2618 1000-1200
5 2619 2619 0100-0120
6 2620 2621 0120-0150
7 2622 2625 0150-0200
8 2626 2630 0200-0250
9 2631 2637 0250-0300
10 2638 2644 0300-0350
11 2645 2651 0350-0400
12 2652 2658 0400-0500
7 2659 2660 0150-0200
8 2661 2662 0200-0250
9 2663 2664 0250-0300
10 2665 2666 0300-0350
11 2667 2668 0350-0400
12 2669 2671 0400-0500
13 2672 2672 0500-0600
10 2673 2673 0300-0350
11 2674 2676 0350-0400
12 2677 2679 0400-0500
13 2680 2683 0500-0600
14 2684 2687 0600-0700
15 2688 2691 0700-0800
16 2692 2697 0800-1000
17 2698 2700 1000-1200
8 2701 2703 0200-0250
9 2704 2708 0250-0300
10 2709 2713 0300-0350
11 2714 2719 0350-0400
12 2720 2724 0400-0500
13 2725 2727 0500-0600
13 2728 2732 0500-0600
13 2733 2741 0500-0600
13 2742 2744 0500-0600
13 2745 2753 0500-0600
13 2754 2759 0500-0600
13 2760 2763 0500-0600
13 2764 2767 0500-0600
8 2768 2769 0200-0250
9 2770 2773 0250-0300
10 2774 2777 0300-0350
11 2778 2782 0350-0400
12 2783 2786 0400-0500
13 2787 2791 0500-0600
8 2792 2797 0200-0250
9 2798 2805 0250-0300
10 2806 2812 0300-0350
11 2813 2820 0350-0400
12 2821 2822 0400-0500
9 2823 2825 0250-0300
10 2826 2828 0300-0350
11 2829 2831 0350-0400
7 2832 2832 0150-0200
8 2833 2833 0200-0250
9 2834 2834 0250-0300
10 2835 2838 0300-0350
11 2839 2842 0350-0400
8 2843 2846 0200-0250
9 2847 2852 0250-0300
10 2853 2860 0300-0350
11 2861 2866 0350-0400
12 2867 2875 0400-0500
13 2876 2882 0500-0600
14 2883 2890 0600-0700
15 2891 2897 0700-0800
16 2898 2904 0800-1000
17 2905 2909 1000-1200
5 2910 2913 0100-0120
6 2914 2916 0120-0150
7 2917 2923 0150-0200
8 2924 2932 0200-0250
9 2933 2941 0250-0300
10 2942 2950 0300-0350
11 2951 2958 0350-0400
12 2959 2964 0400-0500
7 2965 2967 0150-0200
8 2968 2970 0200-0250
9 2971 2973 0250-0300
10 2974 2976 0300-0350
11 2977 2979 0350-0400
12 2980 2982 0400-0500
13 2983 2985 0500-0600
11 2986 2989 0350-0400
12 2990 2994 0400-0500
13 2995 3000 0500-0600
14 3001 3004 0600-0700
15 3005 3009 0700-0800
16 3010 3014 0800-1000
8 3015 3015 0200-0250
9 3016 3019 0250-0300
10 3020 3024 0300-0350
11 3025 3030 0350-0400
12 3031 3034 0400-0500
13 3035 3040 0500-0600
13 3041 3046 0500-0600
13 3047 3052 0500-0600
13 3053 3060 0500-0600
13 3061 3067 0500-0600
13 3068 3069 0500-0600
13 3070 3073 0500-0600
13 3074 3080 0500-0600
8 3081 3081 0200-0250
9 3082 3084 0250-0300
10 3085 3088 0300-0350
11 3089 3092 0350-0400
8 3093 3098 0200-0250
9 3099 3102 0250-0300
10 3103 3109 0300-0350
11 3110 3114 0350-0400
12 3115 3116 0400-0500
9 3117 3117 0250-0300
10 3118 3119 0300-0350
11 3120 3121 0350-0400
8 3122 3122 0200-0250
9 3123 3123 0250-0300
10 3124 3125 0300-0350
11 3126 3126 0350-0400
7 3127 3127 0150-0200
8 3128 3129 0200-0250
9 3130 3135 0250-0300
10 3136 3142 0300-0350
11 3143 3149 0350-0400
12 3150 3157 0400-0500
13 3158 3164 0500-0600
14 3165 3172 0600-0700
15 3173 3178 0700-0800
16 3179 3186 0800-1000
17 3187 3192 1000-1200
5 3193 3194 0100-0120
6 3195 3198 0120-0150
7 3199 3204 0150-0200
8 3205 3213 0200-0250
9 3214 3222 0250-0300
10 3223 3230 0300-0350
11 3231 3238 0350-0400
12 3239 3244 0400-0500
7 3245 3247 0150-0200
8 3248 3248 0200-0250
9 3249 3251 0250-0300
10 3252 3254 0300-0350
11 3255 3257 0350-0400
12 3258 3260 0400-0500
13 3261 3263 0500-0600
11 3264 3265 0350-0400
12 3266 3270 0400-0500
13 3271 3275 0500-0600
14 3276 3279 0600-0700
15 3280 3284 0700-0800
16 3285 3289 0800-1000
17 3290 3293 1000-1200
7 3294 3295 0150-0200
8 3296 3298 0200-0250
9 3299 3300 0250-0300
10 3301 3304 0300-0350
11 3305 3309 0350-0400
12 3310 3313 0400-0500
17 3314 3319 1000-1200
17 3320 3328 1000-1200
17 3329 3337 1000-1200
17 3338 3346 1000-1200
17 3347 3355 1000-1200
17 3356 3362 1000-1200
17 3363 3371 1000-1200
17 3372 3380 1000-1200
17 3381 3389 1000-1200
17 3390 3398 1000-1200
6 3399 3399 0120-0150
7 3400 3400 0150-0200
8 3401 3401 0200-0250
9 3402 3404 0250-0300
10 3405 3407 0300-0350
11 3408 3409 0350-0400
12 3410 3410 0400-0500
8 3411 3411 0200-0250
9 3412 3413 0250-0300
10 3414 3415 0300-0350
11 3416 3417 0350-0400
12 3418 3419 0400-0500
13 3420 3421 0500-0600
5 3422 3422 0100-0120
6 3423 3424 0120-0150
7 3425 3428 0150-0200
8 3429 3435 0200-0250
9 3436 3440 0250-0300
10 3441 3446 0300-0350
11 3447 3449 0350-0400
9 3450 3451 0250-0300
10 3452 3453 0300-0350
11 3454 3455 0350-0400
12 3456 3457 0400-0500
13 3458 3460 0500-0600
14 3461 3463 0600-0700
15 3464 3466 0700-0800
16 3467 3469 0800-1000
17 3470 3471 1000-1200
##############################################################
# stl_yqdplp: prey name, first and last year-quarter-predator-length-prey-length
0 0 0
16 3 3
17 3 3
21 2 4
24 2 3
25 1 3
0 0 0
17 3 5
18 3 4
21 2 4
22 2 4
23 2 4
25 1 3
0 0 0
17 3 3
18 3 3
21 4 6
24 2 3
25 1 3
0 0 0
16 3 3
17 3 3
18 3 3
21 3 5
22 2 3
23 2 3
25 1 3
0 0 0
16 3 3
17 3 3
18 3 3
21 4 6
22 2 3
23 2 3
24 2 3
25 1 3
0 0 0
21 4 7
0 0 0
21 2 3
22 2 4
23 2 4
0 0 0
17 3 5
21 2 3
22 2 2
23 2 2
24 2 3
25 1 2
0 0 0
23 2 2
25 2 2
0 0 0
23 2 3
24 2 2
25 1 2
0 0 0
21 3 3
22 2 2
23 2 2
24 2 2
25 1 3
0 0 0
16 3 3
17 3 4
18 3 3
21 3 3
22 2 5
23 2 4
24 2 3
25 1 3
0 0 0
16 3 4
17 3 5
18 3 4
21 2 6
22 2 5
23 2 4
24 2 4
25 1 3
0 0 0
16 3 7
17 3 7
18 3 6
21 3 6
22 2 5
23 2 5
24 2 4
25 1 3
0 0 0
16 3 7
17 3 7
18 3 6
21 3 6
22 2 3
23 2 4
24 2 4
25 1 3
0 0 0
22 2 2
25 1 1
0 0 0
22 2 3
24 2 2
25 1 3
0 0 0
16 3 3
22 2 4
23 2 3
24 2 3
25 1 3
0 0 0
17 3 3
18 3 3
21 3 3
22 2 4
23 3 3
24 2 4
25 1 3
0 0 0
17 3 4
18 3 4
21 2 4
22 2 4
23 2 4
24 2 4
25 1 3
0 0 0
17 3 4
18 3 5
21 3 3
22 3 5
23 3 3
24 2 4
25 1 2
0 0 0
22 2 2
0 0 0
22 2 4
0 0 0
22 2 2
24 2 2
0 0 0
22 2 5
23 2 2
24 2 2
0 0 0
22 2 4
24 2 3
0 0 0
22 4 4
24 2 3
0 0 0
22 2 2
24 2 2
0 0 0
18 3 4
24 2 4
0 0 0
18 3 4
24 2 4
0 0 0
17 3 5
18 3 5
21 2 2
22 3 3
24 2 4
0 0 0
17 6 6
18 3 3
22 3 3
24 3 5
0 0 0
0 0 0
0 0 0
0 0 0
16 3 3
17 3 3
18 3 3
21 3 4
22 2 4
23 2 4
24 2 3
25 1 3
0 0 0
17 3 5
21 3 4
22 2 4
23 2 4
25 1 3
0 0 0
16 3 3
17 3 3
18 3 3
21 4 6
24 2 3
25 1 3
0 0 0
22 2 4
23 2 4
0 0 0
16 3 3
17 3 3
18 3 3
21 4 6
22 2 4
23 2 4
24 2 3
25 1 3
0 0 0
16 5 7
21 4 7
22 2 4
23 2 4
25 2 4
0 0 0
22 2 4
23 2 4
25 1 3
0 0 0
22 2 3
23 2 3
25 1 3
0 0 0
0 0 0
23 2 3
24 2 2
25 1 2
0 0 0
16 4 4
18 3 3
22 2 2
23 2 4
25 1 2
0 0 0
17 3 3
18 3 4
21 3 4
22 2 4
23 2 4
24 3 3
25 1 3
0 0 0
16 3 3
17 3 5
18 3 4
21 4 4
22 2 4
23 2 5
24 3 4
25 1 3
0 0 0
16 4 5
17 3 5
18 3 5
21 4 5
22 2 5
23 2 5
24 3 4
25 3 4
0 0 0
16 4 8
17 4 6
18 3 6
21 4 6
22 2 5
23 2 2
24 3 4
25 3 3
0 0 0
0 0 0
22 2 3
23 2 2
25 1 1
0 0 0
17 3 3
22 2 4
23 2 3
24 2 2
25 1 3
0 0 0
17 3 3
18 3 4
22 2 4
23 2 4
24 2 4
25 1 3
0 0 0
17 3 3
18 3 4
22 2 4
23 2 4
24 2 4
25 2 3
0 0 0
22 2 3
23 3 4
24 3 4
0 0 0
0 0 0
22 2 3
0 0 0
22 2 3
0 0 0
22 2 4
23 2 2
24 2 2
0 0 0
22 2 4
24 3 3
0 0 0
22 3 3
24 3 3
0 0 0
0 0 0
18 3 3
24 3 4
0 0 0
22 2 2
24 3 4
0 0 0
23 3 4
25 1 1
0 0 0
23 2 4
25 1 2
0 0 0
21 3 3
22 2 2
23 2 4
25 1 2
0 0 0
21 3 3
22 2 3
23 2 4
25 2 3
0 0 0
22 1 4
23 1 4
0 0 0
17 3 5
22 2 4
23 2 4
25 2 3
0 0 0
16 1 3
17 1 3
18 2 3
21 4 6
22 2 4
23 2 4
24 1 3
25 2 3
0 0 0
22 1 4
23 1 4
0 0 0
16 1 3
17 1 3
18 2 3
21 4 6
22 2 4
23 2 4
24 1 3
25 2 3
0 0 0
16 5 7
21 4 7
22 1 4
23 1 4
25 2 4
0 0 0
22 1 4
23 1 4
25 2 3
0 0 0
22 1 3
23 1 3
25 2 3
0 0 0
17 2 2
22 1 3
0 0 0
17 2 2
18 3 3
22 2 2
23 1 3
24 1 2
0 0 0
16 1 3
17 1 3
18 2 3
21 2 5
22 1 4
23 2 2
24 1 2
25 2 3
0 0 0
17 2 4
18 2 4
21 2 6
22 1 4
24 1 4
25 3 4
0 0 0
16 4 5
17 2 6
18 2 6
21 2 7
22 1 4
23 1 3
24 1 4
25 2 2
0 0 0
16 2 7
17 5 7
18 2 7
21 4 7
22 1 3
23 2 2
24 1 4
25 1 1
0 0 0
0 0 0
16 1 2
18 2 2
22 1 2
24 1 1
0 0 0
17 1 2
21 2 2
22 1 2
23 1 2
24 1 2
25 2 3
0 0 0
17 1 3
18 2 3
21 2 3
22 1 4
23 1 2
24 1 2
25 1 2
0 0 0
17 1 3
18 2 3
21 2 3
22 1 4
23 1 2
24 1 3
25 2 3
0 0 0
17 2 3
18 2 3
22 2 4
23 3 3
24 1 3
25 3 3
0 0 0
22 1 2
0 0 0
22 1 3
0 0 0
22 1 3
24 1 2
0 0 0
22 1 3
24 1 3
0 0 0
22 1 3
24 1 4
0 0 0
22 1 2
24 2 3
0 0 0
18 2 2
22 1 2
24 1 1
0 0 0
17 3 3
18 2 2
22 1 2
24 1 3
0 0 0
17 4 4
18 2 3
21 2 3
22 1 2
24 1 4
0 0 0
18 2 4
21 3 3
24 1 4
0 0 0
0 0 0
21 2 2
22 1 3
23 1 5
24 1 2
25 3 3
0 0 0
21 2 3
22 1 2
23 1 5
24 1 2
25 2 3
0 0 0
21 2 4
22 1 2
23 3 3
24 1 2
25 2 3
0 0 0
16 2 3
17 2 3
21 2 4
24 2 3
25 1 3
0 0 0
17 3 5
21 2 4
22 2 4
23 2 4
25 1 3
0 0 0
17 2 3
18 2 3
21 4 6
24 2 3
25 1 3
0 0 0
16 2 3
17 2 3
18 2 3
21 3 5
22 2 3
23 2 3
25 1 3
0 0 0
16 2 3
17 2 3
18 2 3
21 4 6
24 2 3
25 1 3
0 0 0
21 4 7
0 0 0
21 2 3
22 2 4
23 2 4
0 0 0
17 2 5
21 2 3
22 1 2
23 1 2
24 2 3
25 1 2
0 0 0
22 1 1
0 0 0
22 2 3
0 0 0
16 3 3
18 2 3
22 1 3
24 2 3
25 2 2
0 0 0
17 2 2
18 2 3
22 1 3
23 1 4
24 1 4
0 0 0
17 2 5
18 2 4
21 3 4
22 1 5
23 1 3
24 1 3
25 1 3
0 0 0
16 2 4
17 2 5
18 2 4
21 3 6
22 1 3
23 1 4
24 2 4
25 2 3
0 0 0
16 3 7
17 2 7
18 2 7
21 4 7
22 2 5
23 1 1
24 1 4
25 3 3
0 0 0
22 2 2
23 1 1
24 1 1
0 0 0
22 2 3
23 1 1
24 1 2
0 0 0
16 2 2
17 2 3
18 2 3
21 2 2
22 1 3
23 1 3
24 1 3
25 1 3
0 0 0
16 2 3
17 2 3
18 2 4
21 2 2
22 1 4
23 2 2
24 1 3
25 2 3
0 0 0
16 2 3
17 2 4
18 2 3
21 2 3
22 1 4
23 2 4
24 1 3
25 1 3
0 0 0
17 3 3
18 2 4
24 2 3
0 0 0
22 1 1
0 0 0
24 2 2
0 0 0
22 2 2
24 1 3
0 0 0
22 1 3
24 2 3
0 0 0
22 1 3
24 1 3
0 0 0
22 1 1
24 1 3
0 0 0
0 0 0
18 3 3
24 2 3
0 0 0
18 2 3
21 3 3
24 1 4
0 0 0
18 3 3
21 2 3
24 1 4
0 0 0
0 0 0
21 2 3
23 3 3
24 2 3
25 3 3
0 0 0
21 2 3
24 2 4
0 0 0
16 3 3
17 3 3
21 2 4
24 2 3
25 1 3
0 0 0
17 3 5
18 3 4
21 2 4
22 2 4
23 2 4
25 1 3
0 0 0
17 3 3
18 3 3
21 4 6
24 2 3
25 1 3
0 0 0
16 3 3
17 3 3
18 3 3
21 3 5
22 2 3
23 2 3
25 1 3
0 0 0
16 3 3
17 3 3
18 3 3
21 4 6
22 2 3
23 2 3
24 2 3
25 1 3
0 0 0
21 4 7
0 0 0
21 2 3
22 2 4
23 2 4
0 0 0
17 3 5
21 2 3
22 2 2
23 2 2
24 2 3
25 1 2
0 0 0
16 3 12
17 3 8
18 3 9
21 3 6
22 2 5
23 2 5
24 2 5
26 1 6
0 0 0
22 2 2
25 1 1
0 0 0
18 3 3
21 2 2
22 2 2
23 2 2
24 2 3
25 1 2
0 0 0
17 3 3
18 3 3
21 2 3
22 2 2
23 2 3
24 2 4
25 1 2
0 0 0
17 3 3
18 3 4
21 2 4
22 2 4
23 2 4
24 2 4
25 1 3
0 0 0
16 4 4
17 3 4
18 3 4
21 2 5
22 2 4
23 2 5
24 2 4
25 1 3
0 0 0
17 3 4
18 3 4
21 2 5
22 2 4
23 2 4
24 2 4
25 1 3
0 0 0
17 4 6
18 3 6
21 2 6
22 2 3
23 2 5
24 2 4
25 2 3
0 0 0
16 3 7
17 3 7
18 3 6
21 2 6
22 3 4
23 2 5
24 2 4
25 2 3
0 0 0
16 4 6
17 3 6
18 3 6
21 2 6
22 2 4
24 2 4
25 1 2
0 0 0
16 5 6
17 3 6
18 3 7
21 3 7
23 2 3
24 2 4
25 1 3
0 0 0
22 2 2
25 1 2
0 0 0
22 2 3
23 2 3
24 2 2
25 1 2
0 0 0
17 3 3
21 2 2
22 2 4
23 2 4
24 2 4
25 1 3
0 0 0
17 3 3
18 3 4
21 2 4
22 2 3
23 2 4
24 2 4
25 1 3
0 0 0
17 3 3
18 3 3
21 2 4
22 2 3
23 2 4
24 2 3
25 1 3
0 0 0
17 3 4
18 3 3
21 2 4
22 3 4
23 3 4
24 2 4
25 1 3
0 0 0
16 3 3
17 5 5
18 3 3
21 3 4
24 2 3
25 2 3
0 0 0
16 3 3
17 3 3
18 3 3
21 3 4
22 2 4
23 2 4
24 2 3
25 1 3
0 0 0
17 3 5
21 3 4
22 2 4
23 2 4
25 1 3
0 0 0
16 3 3
17 3 3
18 3 3
21 4 6
24 2 3
25 1 3
0 0 0
22 2 4
23 2 4
0 0 0
16 3 3
17 3 3
18 3 3
21 4 6
22 2 4
23 2 4
24 2 3
25 1 3
0 0 0
16 5 8
21 4 7
22 2 4
23 2 4
25 2 4
0 0 0
22 2 4
23 2 4
25 1 3
0 0 0
22 2 3
23 2 3
25 1 3
0 0 0
16 4 12
17 3 7
18 3 10
21 3 6
22 2 5
23 2 5
24 2 5
26 3 6
0 0 0
22 1 4
23 1 4
0 0 0
17 3 5
22 2 4
23 2 4
25 2 3
0 0 0
16 1 3
17 1 3
18 2 3
21 4 6
22 2 4
23 2 4
24 1 3
25 2 3
0 0 0
22 1 4
23 1 4
0 0 0
16 1 3
17 1 3
18 2 3
21 4 6
22 2 4
23 2 4
24 1 3
25 2 3
0 0 0
16 5 8
21 4 7
22 1 4
23 1 4
25 2 4
0 0 0
22 1 4
23 1 4
25 2 3
0 0 0
22 1 3
23 1 3
25 2 3
0 0 0
16 2 10
17 2 6
18 5 9
21 3 6
22 2 5
23 2 5
24 1 5
26 2 6
0 0 0
16 2 7
17 1 7
21 4 6
22 2 4
23 2 4
0 0 0
22 2 2
0 0 0
16 1 2
17 1 3
18 2 2
21 2 3
22 1 3
23 2 2
0 0 0
16 2 2
17 2 3
18 2 2
21 2 4
22 1 3
23 1 4
24 1 3
0 0 0
17 1 3
18 2 3
21 2 4
22 1 3
23 2 2
24 1 4
0 0 0
16 1 2
17 1 6
18 2 4
21 3 5
22 1 5
23 1 3
24 1 4
25 3 3
0 0 0
17 1 6
18 2 4
21 2 6
22 1 3
23 1 4
24 1 4
0 0 0
17 5 6
18 2 6
21 4 5
22 1 3
24 1 4
0 0 0
16 3 7
17 4 7
18 2 7
21 3 5
22 3 3
23 3 3
24 1 3
0 0 0
16 6 7
17 1 6
18 2 6
21 4 6
22 2 3
24 2 4
0 0 0
17 1 2
18 2 2
22 1 2
25 1 1
0 0 0
17 1 2
22 1 3
23 1 3
24 1 1
25 2 2
0 0 0
16 1 2
17 1 2
18 2 2
21 2 3
22 1 4
23 1 3
24 1 1
25 1 3
0 0 0
16 2 2
17 1 2
18 2 3
21 2 4
22 1 4
23 1 4
24 1 2
25 1 3
0 0 0
16 2 2
17 1 3
18 2 3
21 2 5
22 1 4
23 1 4
24 1 4
25 1 3
0 0 0
17 1 2
18 2 3
21 2 4
22 1 4
23 2 4
24 1 3
25 3 3
0 0 0
18 2 2
21 3 5
24 2 3
25 2 3
0 0 0
16 1 3
17 2 3
21 2 4
24 2 3
25 1 3
0 0 0
17 3 5
21 2 4
22 2 4
23 2 4
25 1 3
0 0 0
17 1 3
18 2 3
21 4 6
24 2 3
25 1 3
0 0 0
16 2 3
17 2 3
18 2 3
21 3 5
22 2 3
23 2 3
25 1 3
0 0 0
16 1 3
17 2 3
18 2 3
21 4 6
24 2 3
25 1 3
0 0 0
21 4 7
0 0 0
21 2 3
22 2 4
23 2 4
0 0 0
17 2 5
21 2 3
22 1 2
23 1 2
24 2 3
25 1 2
0 0 0
16 3 12
17 2 9
18 3 9
21 3 5
22 2 5
23 2 5
24 1 5
26 1 6
0 0 0
16 3 3
17 3 3
21 2 4
24 2 3
25 1 3
0 0 0
17 3 5
18 3 4
21 2 4
22 2 4
23 2 4
25 1 3
0 0 0
17 3 3
18 3 3
21 4 6
24 2 3
25 1 3
0 0 0
16 3 3
17 3 3
18 3 3
21 3 5
22 2 3
23 2 3
25 1 3
0 0 0
16 3 3
17 3 3
18 3 3
21 4 6
22 2 3
23 2 3
24 2 3
25 1 3
0 0 0
21 4 7
0 0 0
21 2 3
22 2 4
23 2 4
0 0 0
17 3 5
21 2 3
22 2 2
23 2 2
24 2 3
25 1 2
0 0 0
22 2 3
23 2 2
0 0 0
21 2 3
22 2 3
23 2 2
0 0 0
18 3 3
21 2 3
22 2 4
23 2 3
25 3 3
0 0 0
18 3 3
21 2 4
22 2 3
24 2 3
25 2 3
0 0 0
17 4 4
18 3 4
22 2 4
24 2 4
25 2 2
0 0 0
17 3 5
18 3 4
21 2 6
22 2 3
23 2 2
24 2 4
25 2 3
0 0 0
16 3 5
17 3 6
18 3 6
21 2 6
22 2 4
23 2 4
24 2 4
25 2 3
0 0 0
16 4 6
17 3 6
18 3 4
21 2 5
23 3 3
24 2 4
25 2 3
0 0 0
16 3 6
17 3 7
18 3 7
21 2 6
22 3 3
23 2 4
24 2 4
25 2 3
0 0 0
16 3 8
17 3 6
18 3 6
21 2 6
22 2 4
23 3 3
24 2 4
25 2 3
0 0 0
22 2 3
25 1 1
0 0 0
17 3 3
21 2 2
22 2 3
23 2 3
24 2 2
25 1 1
0 0 0
17 3 3
21 2 3
22 2 3
23 2 3
24 2 3
25 2 3
0 0 0
16 3 3
17 3 3
18 3 3
21 2 3
22 2 4
23 2 3
24 2 3
25 1 3
0 0 0
17 3 3
18 3 3
21 2 4
22 2 4
23 2 4
24 2 4
25 2 3
0 0 0
17 3 4
18 3 3
21 2 4
22 3 3
24 2 4
25 2 3
0 0 0
21 2 2
23 3 3
24 2 3
25 2 3
0 0 0
16 3 3
17 3 3
18 3 3
21 3 4
22 2 4
23 2 4
24 2 3
25 1 3
0 0 0
17 3 5
21 3 4
22 2 4
23 2 4
25 1 3
0 0 0
16 3 3
17 3 3
18 3 3
21 4 6
24 2 3
25 1 3
0 0 0
22 2 4
23 2 4
0 0 0
16 3 3
17 3 3
18 3 3
21 4 6
22 2 4
23 2 4
24 2 3
25 1 3
0 0 0
16 5 8
21 4 7
22 2 4
23 2 4
25 2 4
0 0 0
22 2 4
23 2 4
25 1 3
0 0 0
22 2 3
23 2 3
25 1 3
0 0 0
22 1 4
23 1 4
0 0 0
17 3 5
22 2 4
23 2 4
25 2 3
0 0 0
16 1 3
17 1 3
18 2 3
21 4 6
22 2 4
23 2 4
24 1 3
25 2 3
0 0 0
22 1 4
23 1 4
0 0 0
16 1 3
17 1 3
18 2 3
21 4 6
22 2 4
23 2 4
24 1 3
25 2 3
0 0 0
16 5 8
21 4 7
22 1 4
23 1 4
25 2 4
0 0 0
22 1 4
23 1 4
25 2 3
0 0 0
22 1 3
23 1 3
25 2 3
0 0 0
0 0 0
17 1 2
18 2 2
21 2 3
22 1 3
24 1 2
0 0 0
17 1 2
18 2 3
21 2 3
22 1 4
23 1 4
24 1 2
0 0 0
17 1 3
18 2 2
21 2 3
22 1 3
23 1 4
24 1 3
0 0 0
17 2 2
18 2 3
21 2 3
22 1 4
23 1 4
24 1 4
0 0 0
16 2 2
17 3 4
18 2 5
21 3 5
22 1 4
23 1 3
24 1 4
0 0 0
17 2 4
18 2 5
21 2 6
22 1 3
23 1 4
24 1 4
0 0 0
17 2 4
18 2 4
21 2 5
22 1 3
24 1 5
0 0 0
17 2 6
18 2 4
21 2 5
22 2 3
24 1 4
0 0 0
16 6 6
17 3 6
18 4 5
21 4 7
22 2 4
24 1 5
0 0 0
16 1 1
17 1 1
22 1 2
24 1 1
0 0 0
17 1 2
21 2 2
22 1 3
23 1 2
24 1 1
0 0 0
17 1 2
18 2 2
21 2 3
22 1 4
23 1 3
24 1 2
25 1 3
0 0 0
16 2 2
17 1 3
18 2 3
21 2 3
22 1 4
23 1 4
24 1 3
25 1 3
0 0 0
16 2 2
17 1 3
18 2 3
21 2 4
22 1 4
23 2 4
24 1 5
25 1 3
0 0 0
17 1 3
18 2 3
21 2 4
22 1 3
23 3 4
24 1 4
25 2 3
0 0 0
17 1 2
18 2 2
21 2 4
24 1 4
0 0 0
18 2 3
22 1 3
24 1 3
0 0 0
18 2 3
22 1 3
24 1 3
0 0 0
17 1 2
18 2 3
22 1 3
24 1 4
0 0 0
17 1 2
18 2 3
22 1 1
24 1 4
0 0 0
17 1 2
18 2 3
22 1 1
24 1 4
0 0 0
18 2 3
21 5 7
24 1 4
0 0 0
16 1 3
17 2 3
21 2 4
24 2 3
25 1 3
0 0 0
17 3 5
21 2 4
22 2 4
23 2 4
25 1 3
0 0 0
17 1 3
18 2 3
21 4 6
24 2 3
25 1 3
0 0 0
16 2 3
17 2 3
18 2 3
21 3 5
22 2 3
23 2 3
25 1 3
0 0 0
16 1 3
17 2 3
18 2 3
21 4 6
24 2 3
25 1 3
0 0 0
21 4 7
0 0 0
21 2 3
22 2 4
23 2 4
0 0 0
17 2 5
21 2 3
22 1 2
23 1 2
24 2 3
25 1 2
0 0 0
16 3 3
17 3 3
21 2 4
24 2 3
25 1 3
0 0 0
17 3 5
18 3 4
21 2 4
22 2 4
23 2 4
25 1 3
0 0 0
17 3 3
18 3 3
21 4 6
24 2 3
25 1 3
0 0 0
16 3 3
17 3 3
18 3 3
21 3 5
22 2 3
23 2 3
25 1 3
0 0 0
16 3 3
17 3 3
18 3 3
21 4 6
22 2 3
23 2 3
24 2 3
25 1 3
0 0 0
21 4 7
0 0 0
21 2 3
22 2 4
23 2 4
0 0 0
17 3 5
21 2 3
22 2 2
23 2 2
24 2 3
25 1 2
0 0 0
22 2 2
0 0 0
17 3 3
21 2 3
22 2 3
23 2 2
24 3 3
25 1 1
0 0 0
16 3 3
17 3 4
18 3 3
21 2 3
22 2 4
23 2 3
24 2 3
0 0 0
16 3 3
17 3 3
18 3 3
21 2 3
22 2 4
23 2 3
24 2 4
0 0 0
17 3 4
18 3 4
21 2 4
22 2 4
23 2 4
24 2 4
0 0 0
16 3 3
17 3 4
18 3 5
21 2 5
22 2 4
23 2 3
24 2 3
25 3 3
0 0 0
16 3 4
17 3 6
18 3 3
21 2 6
23 3 4
24 3 4
25 1 3
0 0 0
16 4 4
17 3 6
18 3 4
21 3 5
22 2 4
23 5 5
24 3 3
25 2 2
0 0 0
16 6 6
17 3 6
18 3 6
21 2 6
22 2 3
24 2 3
25 2 3
0 0 0
16 5 7
17 3 6
18 3 6
21 2 5
22 3 4
24 5 5
0 0 0
22 2 2
23 2 3
25 1 1
0 0 0
21 2 3
22 2 3
23 2 3
24 2 3
25 1 2
0 0 0
17 3 3
21 2 3
22 2 4
23 2 3
24 2 3
25 1 3
0 0 0
17 3 3
18 3 3
21 2 3
22 2 4
23 2 4
24 2 3
25 1 3
0 0 0
17 3 4
18 3 3
21 2 4
22 2 3
23 2 4
24 2 4
25 1 3
0 0 0
18 3 3
21 3 4
22 3 4
23 2 3
24 3 3
25 2 3
0 0 0
21 3 3
24 2 2
0 0 0
16 3 3
17 3 3
18 3 3
21 3 4
22 2 4
23 2 4
24 2 3
25 1 3
0 0 0
17 3 5
21 3 4
22 2 4
23 2 4
25 1 3
0 0 0
16 3 3
17 3 3
18 3 3
21 4 6
24 2 3
25 1 3
0 0 0
22 2 4
23 2 4
0 0 0
16 3 3
17 3 3
18 3 3
21 4 6
22 2 4
23 2 4
24 2 3
25 1 3
0 0 0
16 5 8
21 4 7
22 2 4
23 2 4
25 2 4
0 0 0
22 2 4
23 2 4
25 1 3
0 0 0
22 2 3
23 2 3
25 1 3
0 0 0
22 1 4
23 1 4
0 0 0
17 3 5
22 2 4
23 2 4
25 2 3
0 0 0
16 1 3
17 1 3
18 2 3
21 4 6
22 2 4
23 2 4
24 1 3
25 2 3
0 0 0
22 1 4
23 1 4
0 0 0
16 1 3
17 1 3
18 2 3
21 4 6
22 2 4
23 2 4
24 1 3
25 2 3
0 0 0
16 5 8
21 4 7
22 1 4
23 1 4
25 2 4
0 0 0
22 1 4
23 1 4
25 2 3
0 0 0
22 1 3
23 1 3
25 2 3
0 0 0
0 0 0
17 1 1
0 0 0
17 1 1
21 2 2
25 2 2
0 0 0
21 2 3
25 2 2
0 0 0
17 1 1
21 2 2
25 2 2
0 0 0
17 1 2
18 2 2
21 2 3
22 1 3
24 2 2
0 0 0
17 1 3
18 2 2
21 2 3
22 1 4
23 1 3
24 2 2
0 0 0
17 2 4
18 2 3
21 2 5
22 1 4
23 1 5
24 1 4
0 0 0
17 1 4
18 2 4
21 2 4
22 1 5
23 1 4
24 1 4
0 0 0
16 3 3
17 1 5
18 2 4
21 2 5
22 1 5
23 2 5
24 1 4
25 3 3
0 0 0
17 1 5
18 2 5
21 2 6
22 2 3
23 3 4
24 2 4
0 0 0
17 1 5
18 2 5
21 2 5
22 3 4
23 4 4
24 3 4
25 3 3
0 0 0
16 6 7
17 2 7
18 4 7
21 2 5
22 3 3
24 3 4
0 0 0
16 6 6
17 3 7
18 2 5
21 3 6
22 2 4
23 3 3
24 2 4
0 0 0
22 1 1
0 0 0
17 1 2
21 2 2
22 1 3
23 1 4
24 1 1
0 0 0
17 1 2
21 2 2
22 1 4
23 1 4
24 1 3
25 1 3
0 0 0
17 1 2
18 2 2
21 2 4
22 2 4
23 2 4
24 1 4
25 1 4
0 0 0
17 1 3
18 2 2
21 2 4
22 1 4
23 1 4
24 1 4
25 1 3
0 0 0
16 2 2
17 1 3
18 2 4
21 2 4
22 2 3
23 1 3
24 1 4
25 1 3
0 0 0
16 2 2
18 2 2
21 3 3
24 1 3
25 2 3
0 0 0
0 0 0
0 0 0
17 1 2
18 2 2
21 4 4
22 2 2
24 1 4
0 0 0
17 2 2
18 2 3
21 5 5
24 2 5
0 0 0
17 2 2
18 2 3
21 5 5
24 2 5
0 0 0
18 4 4
21 3 7
24 3 4
0 0 0
16 1 3
17 2 3
21 2 4
24 2 3
25 1 3
0 0 0
17 3 5
21 2 4
22 2 4
23 2 4
25 1 3
0 0 0
17 1 3
18 2 3
21 4 6
24 2 3
25 1 3
0 0 0
16 2 3
17 2 3
18 2 3
21 3 5
22 2 3
23 2 3
25 1 3
0 0 0
16 1 3
17 2 3
18 2 3
21 4 6
24 2 3
25 1 3
0 0 0
21 4 7
0 0 0
21 2 3
22 2 4
23 2 4
0 0 0
17 2 5
21 2 3
22 1 2
23 1 2
24 2 3
25 1 2
0 0 0
16 5 6
17 5 6
21 4 7
24 4 6
25 1 5
0 0 0
17 5 8
18 5 7
21 3 7
22 3 7
23 3 7
25 1 6
0 0 0
17 5 6
18 5 6
21 7 9
24 4 6
25 1 5
0 0 0
16 5 6
17 5 6
18 5 6
21 5 8
22 4 6
23 4 6
25 1 5
0 0 0
16 5 6
17 5 6
18 5 6
21 7 9
22 3 6
23 3 6
24 4 6
25 1 5
0 0 0
21 7 10
0 0 0
21 3 5
22 3 7
23 3 7
0 0 0
17 5 8
21 3 5
22 3 3
23 3 3
24 4 6
25 1 3
0 0 0
16 5 6
17 5 6
18 5 6
21 5 7
22 3 7
23 3 7
24 4 6
25 2 6
0 0 0
17 5 8
21 5 7
22 4 7
23 4 7
25 2 6
0 0 0
16 5 6
17 5 6
18 5 6
21 7 9
24 4 6
25 2 6
0 0 0
22 3 7
23 3 7
0 0 0
16 5 6
17 5 6
18 5 6
21 7 9
22 3 7
23 3 7
24 4 6
25 2 6
0 0 0
16 8 11
21 7 10
22 3 7
23 3 7
25 4 7
0 0 0
22 3 7
23 3 7
25 1 5
0 0 0
22 3 6
23 3 6
25 1 5
0 0 0
22 2 7
23 2 7
0 0 0
17 5 8
22 4 7
23 4 7
25 4 6
0 0 0
16 2 6
17 2 6
18 3 6
21 7 9
22 3 7
23 3 7
24 2 6
25 4 6
0 0 0
22 2 7
23 2 7
0 0 0
16 2 6
17 2 6
18 3 6
21 7 9
22 3 7
23 3 7
24 2 6
25 4 6
0 0 0
16 8 11
21 7 10
22 2 7
23 2 7
25 4 7
0 0 0
22 2 7
23 2 7
25 3 5
0 0 0
22 2 6
23 2 6
25 4 5
0 0 0
16 2 6
17 3 6
21 4 7
24 3 6
25 2 5
0 0 0
17 5 8
21 3 7
22 3 7
23 3 7
25 1 6
0 0 0
17 2 6
18 4 6
21 7 9
24 3 6
25 2 5
0 0 0
16 3 6
17 3 6
18 4 6
21 5 8
22 4 6
23 4 6
25 1 5
0 0 0
16 2 6
17 3 6
18 4 6
21 7 9
24 3 6
25 2 5
0 0 0
21 7 10
0 0 0
21 3 5
22 3 7
23 3 7
0 0 0
17 4 8
21 3 5
22 2 3
23 2 3
24 4 6
25 1 3
0 0 0
16 5 6
17 5 6
21 4 7
24 4 6
25 1 5
0 0 0
17 5 8
18 5 7
21 3 7
22 3 7
23 3 7
25 1 6
0 0 0
17 5 6
18 5 6
21 7 9
24 4 6
25 1 5
0 0 0
16 5 6
17 5 6
18 5 6
21 5 8
22 4 6
23 4 6
25 1 5
0 0 0
16 5 6
17 5 6
18 5 6
21 7 9
22 3 6
23 3 6
24 4 6
25 1 5
0 0 0
21 7 10
0 0 0
21 3 5
22 3 7
23 3 7
0 0 0
17 5 8
21 3 5
22 3 3
23 3 3
24 4 6
25 1 3
0 0 0
0 0 0
22 3 5
24 3 3
0 0 0
22 3 5
0 0 0
22 3 5
0 0 0
22 3 7
24 7 7
0 0 0
22 4 5
0 0 0
22 3 4
24 5 5
0 0 0
16 6 6
17 5 5
22 3 5
23 6 6
24 4 6
0 0 0
17 5 6
22 3 6
23 5 5
24 4 6
0 0 0
17 5 6
22 3 7
24 4 7
0 0 0
17 5 6
24 4 7
0 0 0
22 4 4
23 7 7
25 1 3
0 0 0
23 5 6
25 4 4
0 0 0
22 4 4
24 5 5
0 0 0
17 6 6
22 3 5
23 7 7
24 5 6
0 0 0
17 5 7
21 4 8
22 3 6
23 3 6
24 5 6
25 4 4
0 0 0
17 5 8
18 6 7
21 6 8
22 3 6
23 5 7
24 4 6
25 4 6
0 0 0
16 7 7
17 6 9
18 5 7
21 5 9
22 4 4
23 6 7
24 4 7
25 4 4
0 0 0
16 7 11
17 5 10
18 6 8
21 5 9
23 7 7
24 4 7
25 4 6
0 0 0
16 6 8
17 5 10
18 6 8
21 4 9
22 7 7
23 5 6
24 4 6
25 3 6
0 0 0
16 9 9
17 5 10
18 7 12
21 3 9
22 3 7
23 4 5
24 4 7
25 4 4
0 0 0
16 7 7
17 5 10
18 8 9
21 5 8
22 5 5
25 3 4
0 0 0
0 0 0
22 3 5
25 2 2
0 0 0
21 4 4
22 3 6
23 3 5
24 3 6
25 1 4
0 0 0
17 5 6
21 5 6
22 3 5
23 3 5
24 3 6
25 1 5
0 0 0
17 5 6
18 6 7
21 4 5
22 3 7
23 3 6
24 3 7
25 1 5
0 0 0
17 5 7
18 5 7
21 4 6
22 3 6
23 4 7
24 3 7
25 2 6
0 0 0
17 5 7
18 7 7
21 5 6
22 7 7
23 6 6
24 3 7
25 2 4
0 0 0
17 5 5
18 6 6
21 6 7
23 7 7
24 5 7
0 0 0
0 0 0
22 3 5
0 0 0
0 0 0
22 3 5
24 4 4
0 0 0
22 4 4
24 6 6
0 0 0
24 4 5
0 0 0
24 5 5
0 0 0
22 3 3
24 3 7
0 0 0
24 4 7
0 0 0
21 6 6
22 6 6
24 3 7
0 0 0
21 8 8
22 3 3
24 5 7
0 0 0
24 5 8
0 0 0
21 8 8
24 6 9
0 0 0
21 9 9
24 4 7
0 0 0
0 0 0
0 0 0
0 0 0
0 0 0
0 0 0
16 5 6
17 5 6
18 5 6
21 5 7
22 3 7
23 3 7
24 4 6
25 2 6
0 0 0
17 5 8
21 5 7
22 4 7
23 4 7
25 2 6
0 0 0
16 5 6
17 5 6
18 5 6
21 7 9
24 4 6
25 2 6
0 0 0
22 3 7
23 3 7
0 0 0
16 5 6
17 5 6
18 5 6
21 7 9
22 3 7
23 3 7
24 4 6
25 2 6
0 0 0
16 8 11
21 7 10
22 3 7
23 3 7
25 4 7
0 0 0
22 3 7
23 3 7
25 1 5
0 0 0
22 3 6
23 3 6
25 1 5
0 0 0
0 0 0
22 6 6
0 0 0
22 4 5
0 0 0
22 4 7
23 3 7
0 0 0
17 7 7
22 5 7
23 4 7
24 4 7
0 0 0
17 7 7
0 0 0
22 3 5
23 3 6
0 0 0
22 3 7
23 3 7
0 0 0
17 5 6
18 6 6
22 3 6
23 3 7
25 1 5
0 0 0
17 5 6
22 3 7
23 4 6
24 6 6
0 0 0
17 5 6
22 3 3
24 5 7
0 0 0
0 0 0
0 0 0
0 0 0
25 3 4
0 0 0
0 0 0
22 3 6
0 0 0
22 3 7
23 4 7
0 0 0
22 3 7
23 4 7
25 2 2
0 0 0
16 5 5
22 3 7
23 4 7
24 5 7
25 4 4
0 0 0
17 6 6
18 6 6
21 8 8
22 3 6
23 3 7
24 3 7
0 0 0
16 7 8
17 6 8
18 5 7
21 7 7
22 3 7
23 6 6
24 3 8
25 5 5
0 0 0
16 6 8
17 6 9
18 5 8
21 6 8
22 3 7
23 5 7
24 5 8
25 4 6
0 0 0
17 6 10
18 7 9
21 5 9
22 3 8
23 5 7
24 4 7
25 3 5
0 0 0
16 5 12
17 5 10
18 7 8
21 5 9
22 3 8
23 6 8
24 4 7
25 4 5
0 0 0
16 8 12
17 6 10
18 6 11
21 7 9
22 3 7
23 7 7
24 6 7
25 4 6
0 0 0
17 7 9
18 7 8
21 7 9
22 6 6
24 5 6
25 4 5
0 0 0
0 0 0
22 3 3
0 0 0
22 3 5
23 3 5
25 1 2
0 0 0
22 3 7
23 3 7
24 3 7
25 2 6
0 0 0
17 6 7
21 6 7
22 3 7
23 3 8
24 3 7
25 2 5
0 0 0
17 5 7
21 6 6
22 3 7
23 3 7
24 3 7
25 2 7
0 0 0
17 5 6
21 6 6
22 3 5
23 3 7
24 3 7
25 3 6
0 0 0
17 5 5
21 5 6
22 3 4
23 7 7
24 4 7
25 6 6
0 0 0
22 3 4
0 0 0
22 3 4
0 0 0
22 4 5
0 0 0
22 3 4
0 0 0
22 3 6
0 0 0
22 3 6
24 6 6
0 0 0
0 0 0
0 0 0
22 3 3
24 5 6
0 0 0
22 3 7
24 4 7
0 0 0
18 7 7
22 3 4
24 5 7
0 0 0
21 8 9
22 3 7
24 4 7
0 0 0
17 9 9
21 8 9
24 4 7
0 0 0
17 8 10
18 8 9
21 7 10
22 3 4
24 4 7
0 0 0
21 8 9
24 5 6
0 0 0
23 4 4
25 3 4
0 0 0
22 3 5
23 4 4
24 3 3
25 3 3
0 0 0
21 5 5
22 3 5
23 3 8
25 3 5
0 0 0
21 5 6
22 3 6
23 3 8
24 4 4
25 3 6
0 0 0
22 3 6
23 6 7
24 3 3
25 5 7
0 0 0
22 2 7
23 2 7
0 0 0
17 5 8
22 4 7
23 4 7
25 4 6
0 0 0
16 2 6
17 2 6
18 3 6
21 7 9
22 3 7
23 3 7
24 2 6
25 4 6
0 0 0
22 2 7
23 2 7
0 0 0
16 2 6
17 2 6
18 3 6
21 7 9
22 3 7
23 3 7
24 2 6
25 4 6
0 0 0
16 8 11
21 7 10
22 2 7
23 2 7
25 4 7
0 0 0
22 2 7
23 2 7
25 3 5
0 0 0
22 2 6
23 2 6
25 4 5
0 0 0
22 2 3
0 0 0
16 1 1
22 2 6
24 4 4
0 0 0
22 1 6
23 6 6
24 2 6
0 0 0
16 3 6
17 6 6
22 1 6
24 2 6
0 0 0
16 1 4
22 1 6
24 1 7
0 0 0
16 7 7
17 6 6
22 6 6
24 4 4
0 0 0
16 2 3
17 1 4
22 1 6
23 1 5
24 1 4
0 0 0
16 1 4
17 1 6
18 5 5
22 1 6
23 2 6
24 1 5
25 1 4
0 0 0
16 1 4
17 1 5
18 4 4
22 1 6
23 2 6
24 1 7
0 0 0
16 1 4
17 1 7
18 4 5
22 1 6
23 2 7
24 1 6
25 2 2
0 0 0
22 4 6
0 0 0
22 1 4
24 2 2
0 0 0
22 1 2
24 2 2
0 0 0
22 4 5
24 1 1
0 0 0
0 0 0
0 0 0
0 0 0
17 1 3
21 5 5
22 2 2
0 0 0
17 2 2
21 5 5
22 5 5
0 0 0
16 2 4
22 1 6
24 2 5
0 0 0
16 2 5
17 2 6
18 4 6
22 1 7
24 1 5
0 0 0
16 1 5
17 3 7
18 4 6
21 6 6
22 1 5
24 1 7
25 3 5
0 0 0
16 2 5
17 3 7
18 4 6
22 1 6
24 2 7
0 0 0
16 1 6
17 2 7
18 3 6
21 7 8
22 1 7
23 4 7
24 2 7
25 5 5
0 0 0
16 1 8
17 4 6
18 4 7
21 7 9
22 2 6
24 1 7
0 0 0
16 3 5
17 4 10
18 3 8
21 8 9
22 2 6
24 1 7
25 6 6
0 0 0
16 6 6
17 5 9
21 6 9
22 2 7
24 1 7
25 6 6
0 0 0
16 4 4
17 3 8
18 5 6
21 5 9
22 3 5
24 1 7
0 0 0
18 9 9
21 9 9
22 6 6
24 2 6
0 0 0
17 1 2
22 1 3
24 1 3
0 0 0
22 1 4
24 1 3
0 0 0
18 3 3
21 4 4
22 1 5
23 4 4
24 1 3
25 3 3
0 0 0
16 2 2
17 1 5
18 3 4
21 5 5
22 1 5
23 1 6
24 1 4
25 1 4
0 0 0
16 1 4
17 1 5
18 3 5
21 4 7
22 1 7
23 1 8
24 1 7
25 1 6
0 0 0
16 3 4
17 1 7
18 3 6
21 4 7
22 1 6
23 1 7
24 1 7
25 2 6
0 0 0
17 4 6
18 3 6
21 3 7
22 1 7
23 5 7
24 1 7
25 4 6
0 0 0
17 4 8
18 4 4
21 6 6
22 3 4
24 3 7
0 0 0
22 1 3
24 2 2
0 0 0
22 1 5
24 2 4
0 0 0
22 1 5
24 3 3
0 0 0
22 1 5
24 4 5
0 0 0
22 1 6
24 2 4
0 0 0
22 1 5
24 2 4
0 0 0
22 1 6
24 1 1
0 0 0
17 4 5
18 3 5
24 1 7
0 0 0
17 1 5
18 3 6
22 1 4
24 1 7
0 0 0
17 3 6
18 4 5
21 9 9
22 4 4
24 1 7
0 0 0
17 1 4
18 5 6
24 2 7
0 0 0
17 5 5
18 4 5
21 8 9
24 3 7
0 0 0
17 5 5
18 3 6
21 7 10
24 2 7
0 0 0
0 0 0
22 1 4
23 4 4
24 1 1
0 0 0
21 3 4
22 1 5
24 1 4
25 1 1
0 0 0
21 5 5
22 1 6
23 7 7
24 1 6
25 4 4
0 0 0
21 6 6
22 2 5
24 3 4
0 0 0
16 2 6
17 3 6
21 4 7
24 3 6
25 2 5
0 0 0
17 5 8
21 3 7
22 3 7
23 3 7
25 1 6
0 0 0
17 2 6
18 4 6
21 7 9
24 3 6
25 2 5
0 0 0
16 3 6
17 3 6
18 4 6
21 5 8
22 4 6
23 4 6
25 1 5
0 0 0
16 2 6
17 3 6
18 4 6
21 7 9
24 3 6
25 2 5
0 0 0
21 7 10
0 0 0
21 3 5
22 3 7
23 3 7
0 0 0
17 4 8
21 3 5
22 2 3
23 2 3
24 4 6
25 1 3
0 0 0
0 0 0
23 5 5
24 4 4
0 0 0
22 3 5
23 4 4
24 4 4
0 0 0
22 4 7
23 4 4
24 4 6
0 0 0
17 2 4
18 4 4
22 3 6
23 4 4
25 2 2
0 0 0
16 2 5
17 4 7
22 4 5
0 0 0
16 4 5
17 5 6
18 4 4
22 4 5
24 3 3
25 1 1
0 0 0
17 6 6
22 2 5
23 2 6
24 3 3
0 0 0
17 4 4
0 0 0
0 0 0
24 3 3
0 0 0
24 2 4
0 0 0
0 0 0
0 0 0
21 4 4
0 0 0
0 0 0
0 0 0
25 3 3
0 0 0
16 4 5
17 5 5
18 4 5
22 5 5
24 3 4
0 0 0
16 4 6
17 7 7
18 3 6
22 1 4
24 3 6
25 3 4
0 0 0
16 2 4
17 5 5
18 4 7
22 1 6
24 1 6
25 4 6
0 0 0
16 2 6
17 6 8
18 4 7
21 8 8
22 3 7
24 3 7
25 3 6
0 0 0
16 5 5
17 5 9
18 4 7
21 7 8
22 3 3
24 4 7
0 0 0
16 6 6
17 6 8
18 3 7
21 7 9
22 1 4
24 4 7
25 2 4
0 0 0
17 6 9
18 4 9
21 8 8
24 4 7
25 3 4
0 0 0
16 6 6
17 7 9
18 5 8
21 8 8
22 4 4
24 4 7
25 4 4
0 0 0
17 7 8
18 4 7
21 6 8
24 4 5
25 3 4
0 0 0
24 4 4
0 0 0
22 1 1
24 1 4
25 1 3
0 0 0
18 4 4
22 2 6
23 2 2
24 1 5
25 2 4
0 0 0
16 5 5
17 5 5
18 4 5
21 4 4
22 2 6
23 1 7
24 1 6
25 1 5
0 0 0
16 4 4
17 4 5
18 4 6
21 4 7
22 2 8
23 1 7
24 1 6
25 1 6
0 0 0
17 3 6
18 3 6
21 4 6
22 1 6
23 2 7
24 1 7
25 1 6
0 0 0
17 4 6
18 3 7
21 4 6
22 3 5
23 4 7
24 1 7
25 2 5
0 0 0
17 5 5
18 5 6
23 4 4
24 4 7
25 1 3
0 0 0
22 2 2
24 3 3
0 0 0
0 0 0
22 2 5
24 1 5
0 0 0
22 1 6
24 1 5
0 0 0
22 3 5
24 3 6
0 0 0
22 3 4
24 1 5
0 0 0
22 5 5
24 3 6
0 0 0
24 2 5
0 0 0
17 4 6
18 4 6
22 2 3
24 1 7
0 0 0
17 5 5
18 5 6
22 4 4
24 3 7
0 0 0
18 5 7
21 7 9
24 4 7
0 0 0
17 3 6
18 6 6
21 8 9
24 4 7
0 0 0
17 4 4
18 4 6
21 8 9
24 4 5
0 0 0
18 5 6
21 8 9
24 4 6
0 0 0
25 1 2
0 0 0
23 1 1
25 3 3
0 0 0
24 4 4
0 0 0
21 4 4
24 1 5
25 1 5
0 0 0
21 3 3
23 4 5
24 4 5
25 4 6
0 0 0
21 5 5
23 8 8
25 4 6
0 0 0
16 3 14
17 1 12
21 5 10
22 3 8
23 3 8
0 0 0
16 6 15
17 5 11
18 6 12
21 3 10
22 3 8
23 3 8
24 4 8
26 2 12
0 0 0
16 8 12
17 5 11
18 7 12
21 5 8
22 2 8
23 2 8
24 4 7
26 6 12
0 0 0
16 7 13
17 2 10
18 8 12
21 6 9
22 2 8
23 2 8
24 1 8
26 3 11
0 0 0
16 3 15
17 4 11
18 6 12
21 4 10
22 2 8
23 2 8
24 1 8
26 2 12
0 0 0
16 3 14
17 1 12
21 4 10
22 4 8
23 4 8
24 1 4
0 0 0
16 6 15
17 5 11
18 6 12
21 4 10
22 3 8
23 3 8
24 3 8
26 4 12
0 0 0
16 7 12
17 5 11
18 6 12
21 6 10
22 5 8
23 5 8
24 4 7
26 6 12
0 0 0
16 5 12
17 3 12
18 7 12
21 7 9
22 1 8
23 1 8
24 4 8
26 3 12
0 0 0
16 6 15
17 4 11
18 7 12
21 6 10
22 4 8
23 4 8
24 4 8
26 5 12
0 0 0
0 0 0
0 0 0
0 0 0
23 4 4
24 5 5
0 0 0
23 3 3
24 4 4
0 0 0
24 4 7
0 0 0
0 0 0
0 0 0
24 4 5
0 0 0
24 4 7
0 0 0
24 5 7
0 0 0
24 4 6
0 0 0
24 5 5
0 0 0
0 0 0
23 1 2
0 0 0
17 1 1
22 2 2
23 1 3
0 0 0
17 2 2
21 5 5
22 1 4
23 1 4
24 2 2
25 1 1
0 0 0
17 2 3
22 1 3
23 1 4
24 1 3
0 0 0
16 2 2
17 2 4
21 5 5
23 1 4
24 1 1
0 0 0
17 4 4
23 1 2
0 0 0
24 7 7
0 0 0
24 6 6
0 0 0
24 6 6
0 0 0
24 6 6
0 0 0
17 3 3
24 6 6
0 0 0
21 8 10
24 6 6
0 0 0
21 7 9
24 6 7
0 0 0
21 9 9
24 5 7
0 0 0
24 4 6
#
 -999.0 # Check sum 
