# Area 1 All 
# COD year: 1974 
      0.000       0.004       0.030       0.066       0.122       0.192       0.280       0.396       0.565       0.907       1.342       2.000
      0.000       0.004       0.033       0.066       0.119       0.194       0.280       0.396       0.565       0.907       1.342       2.000
      0.000       0.004       0.034       0.067       0.119       0.192       0.282       0.396       0.565       0.907       1.342       2.000
      0.000       0.004       0.025       0.068       0.120       0.192       0.282       0.396       0.565       0.907       1.342       2.000
# COD year: 1975 
      0.000       0.004       0.030       0.066       0.122       0.192       0.282       0.396       0.568       0.907       1.342       2.000
      0.000       0.004       0.033       0.066       0.118       0.194       0.282       0.396       0.568       0.907       1.342       1.994
      0.000       0.004       0.033       0.067       0.118       0.192       0.284       0.396       0.571       0.907       1.342       1.994
      0.000       0.004       0.024       0.068       0.120       0.192       0.284       0.396       0.571       0.911       1.342       1.994
# COD year: 1976 
      0.000       0.004       0.030       0.065       0.120       0.192       0.282       0.396       0.574       0.911       1.342       1.994
      0.000       0.004       0.033       0.066       0.115       0.194       0.282       0.396       0.574       0.915       1.347       1.994
      0.000       0.004       0.033       0.067       0.117       0.192       0.282       0.396       0.574       0.915       1.347       1.994
      0.000       0.004       0.024       0.068       0.120       0.192       0.282       0.396       0.574       0.919       1.347       1.994
# COD year: 1977 
      0.000       0.004       0.030       0.065       0.119       0.192       0.280       0.396       0.574       0.919       1.352       2.000
      0.000       0.004       0.033       0.066       0.114       0.192       0.280       0.396       0.574       0.919       1.352       2.000
      0.000       0.004       0.033       0.067       0.117       0.191       0.282       0.396       0.571       0.919       1.356       2.006
      0.000       0.004       0.025       0.068       0.119       0.191       0.278       0.396       0.568       0.923       1.356       2.012
# COD year: 1978 
      0.000       0.004       0.030       0.066       0.120       0.192       0.278       0.396       0.568       0.919       1.356       2.025
      0.000       0.004       0.033       0.066       0.118       0.192       0.280       0.396       0.565       0.919       1.361       2.031
      0.000       0.004       0.034       0.067       0.118       0.192       0.282       0.396       0.562       0.915       1.361       2.037
      0.000       0.004       0.026       0.068       0.120       0.192       0.282       0.396       0.562       0.915       1.361       2.043
# COD year: 1979 
      0.000       0.004       0.030       0.066       0.122       0.192       0.280       0.396       0.562       0.911       1.356       2.055
      0.000       0.004       0.033       0.066       0.119       0.194       0.282       0.396       0.565       0.907       1.356       2.062
      0.000       0.004       0.033       0.067       0.119       0.194       0.284       0.396       0.568       0.907       1.356       2.068
      0.000       0.004       0.024       0.068       0.120       0.192       0.284       0.396       0.568       0.907       1.352       2.068
# COD year: 1980 
      0.000       0.004       0.030       0.065       0.120       0.194       0.282       0.396       0.571       0.911       1.347       2.068
      0.000       0.004       0.033       0.066       0.115       0.194       0.284       0.396       0.574       0.911       1.347       2.068
      0.000       0.004       0.033       0.067       0.117       0.192       0.284       0.396       0.574       0.911       1.347       2.062
      0.000       0.004       0.025       0.068       0.120       0.192       0.282       0.396       0.577       0.915       1.347       2.062
# COD year: 1981 
      0.000       0.004       0.030       0.065       0.120       0.192       0.280       0.396       0.577       0.919       1.347       2.055
      0.000       0.004       0.033       0.066       0.117       0.192       0.280       0.396       0.574       0.919       1.352       2.049
      0.000       0.004       0.034       0.067       0.118       0.192       0.282       0.396       0.571       0.919       1.352       2.043
      0.000       0.004       0.025       0.068       0.120       0.192       0.282       0.396       0.571       0.923       1.356       2.043
# COD year: 1982 
      0.000       0.004       0.030       0.066       0.122       0.192       0.280       0.396       0.568       0.919       1.356       2.043
      0.000       0.004       0.033       0.066       0.119       0.194       0.282       0.396       0.568       0.919       1.356       2.043
      0.000       0.004       0.034       0.067       0.119       0.192       0.282       0.396       0.568       0.915       1.356       2.049
      0.000       0.004       0.025       0.068       0.120       0.192       0.282       0.396       0.568       0.915       1.356       2.049
# COD year: 1983 
      0.000       0.004       0.030       0.066       0.122       0.192       0.282       0.396       0.571       0.915       1.356       2.055
      0.000       0.004       0.033       0.066       0.119       0.194       0.282       0.396       0.571       0.915       1.356       2.062
      0.000       0.004       0.034       0.067       0.119       0.194       0.284       0.396       0.571       0.915       1.356       2.062
      0.000       0.004       0.025       0.068       0.120       0.192       0.284       0.396       0.574       0.915       1.356       2.068
# COD year: 1984 
      0.000       0.004       0.030       0.066       0.122       0.194       0.284       0.399       0.574       0.915       1.356       2.068
      0.000       0.004       0.033       0.066       0.118       0.194       0.284       0.396       0.577       0.919       1.352       2.068
      0.000       0.004       0.033       0.067       0.118       0.192       0.284       0.396       0.577       0.919       1.352       2.068
      0.000       0.004       0.025       0.068       0.120       0.192       0.284       0.399       0.577       0.919       1.356       2.068
# COD year: 1985 
      0.000       0.004       0.030       0.065       0.122       0.192       0.282       0.396       0.577       0.923       1.356       2.068
      0.000       0.004       0.033       0.066       0.117       0.194       0.282       0.396       0.577       0.923       1.356       2.062
      0.000       0.004       0.033       0.067       0.118       0.192       0.284       0.396       0.577       0.923       1.356       2.068
      0.000       0.004       0.024       0.068       0.120       0.192       0.282       0.396       0.577       0.923       1.361       2.068
# COD year: 1986 
      0.000       0.004       0.030       0.065       0.120       0.192       0.280       0.396       0.574       0.923       1.361       2.068
      0.000       0.004       0.033       0.066       0.115       0.192       0.282       0.396       0.574       0.923       1.361       2.068
      0.000       0.004       0.034       0.067       0.117       0.192       0.282       0.396       0.571       0.919       1.361       2.074
      0.000       0.004       0.025       0.068       0.120       0.192       0.280       0.396       0.571       0.919       1.361       2.080
# COD year: 1987 
      0.000       0.004       0.030       0.066       0.122       0.192       0.278       0.396       0.568       0.919       1.361       2.080
      0.000       0.004       0.033       0.066       0.119       0.194       0.280       0.396       0.568       0.915       1.361       2.087
      0.000       0.004       0.034       0.067       0.119       0.192       0.282       0.396       0.565       0.915       1.356       2.087
      0.000       0.004       0.025       0.068       0.120       0.192       0.282       0.396       0.562       0.911       1.356       2.093
# COD year: 1988 
      0.000       0.004       0.030       0.066       0.122       0.192       0.282       0.396       0.565       0.911       1.356       2.093
      0.000       0.004       0.033       0.066       0.119       0.194       0.282       0.396       0.565       0.907       1.352       2.087
      0.000       0.004       0.034       0.067       0.119       0.194       0.284       0.396       0.568       0.907       1.347       2.087
      0.000       0.004       0.025       0.068       0.120       0.192       0.284       0.396       0.571       0.907       1.347       2.080
# COD year: 1989 
      0.000       0.004       0.030       0.066       0.122       0.194       0.282       0.396       0.571       0.907       1.342       2.074
      0.000       0.004       0.033       0.066       0.118       0.194       0.282       0.396       0.574       0.911       1.342       2.062
      0.000       0.004       0.034       0.067       0.118       0.192       0.284       0.396       0.574       0.911       1.342       2.049
      0.000       0.004       0.025       0.068       0.120       0.192       0.282       0.396       0.574       0.915       1.342       2.037
# COD year: 1990 
      0.000       0.001       0.014       0.037       0.077       0.132       0.208       0.311       0.484       0.840       1.329       2.165
      0.000       0.001       0.016       0.037       0.074       0.133       0.208       0.311       0.484       0.840       1.329       2.149
      0.000       0.001       0.016       0.038       0.074       0.132       0.208       0.311       0.480       0.840       1.329       2.141
      0.000       0.001       0.011       0.039       0.076       0.132       0.208       0.311       0.480       0.844       1.335       2.141
# COD year: 1991 
      0.000       0.001       0.014       0.036       0.076       0.132       0.208       0.311       0.480       0.840       1.335       2.141
      0.000       0.001       0.016       0.037       0.071       0.133       0.208       0.311       0.477       0.836       1.335       2.134
      0.000       0.001       0.016       0.038       0.072       0.132       0.208       0.311       0.477       0.836       1.335       2.134
      0.000       0.001       0.012       0.039       0.075       0.131       0.206       0.311       0.477       0.836       1.335       2.134
# COD year: 1992 
      0.000       0.001       0.014       0.036       0.076       0.132       0.204       0.311       0.477       0.836       1.329       2.141
      0.000       0.001       0.016       0.037       0.072       0.132       0.204       0.311       0.477       0.836       1.329       2.141
      0.000       0.001       0.017       0.038       0.073       0.132       0.206       0.311       0.474       0.836       1.329       2.141
      0.000       0.001       0.012       0.039       0.076       0.132       0.206       0.311       0.472       0.836       1.329       2.141
# COD year: 1993 
      0.000       0.001       0.014       0.037       0.077       0.132       0.206       0.311       0.472       0.836       1.329       2.141
      0.000       0.001       0.016       0.037       0.074       0.133       0.208       0.311       0.472       0.832       1.329       2.141
      0.000       0.001       0.017       0.038       0.075       0.132       0.208       0.311       0.472       0.832       1.329       2.141
      0.000       0.001       0.012       0.039       0.077       0.132       0.208       0.311       0.474       0.832       1.329       2.141
# COD year: 1994 
      0.000       0.001       0.014       0.037       0.077       0.133       0.208       0.311       0.477       0.827       1.324       2.141
      0.000       0.001       0.016       0.037       0.074       0.133       0.208       0.311       0.480       0.832       1.324       2.141
      0.000       0.001       0.017       0.038       0.074       0.132       0.210       0.311       0.480       0.832       1.324       2.134
      0.000       0.001       0.012       0.039       0.076       0.132       0.210       0.311       0.484       0.836       1.324       2.126
# COD year: 1995 
      0.000       0.001       0.014       0.037       0.077       0.132       0.208       0.311       0.484       0.836       1.324       2.118
      0.000       0.001       0.016       0.037       0.073       0.133       0.208       0.311       0.487       0.840       1.324       2.118
      0.000       0.001       0.017       0.038       0.074       0.132       0.210       0.311       0.487       0.840       1.329       2.110
      0.000       0.001       0.012       0.039       0.076       0.132       0.208       0.311       0.484       0.844       1.329       2.110
# COD year: 1996 
      0.000       0.001       0.014       0.037       0.077       0.132       0.208       0.311       0.484       0.844       1.335       2.110
      0.000       0.001       0.016       0.037       0.074       0.133       0.208       0.311       0.484       0.844       1.335       2.110
      0.000       0.001       0.016       0.038       0.074       0.132       0.208       0.311       0.480       0.844       1.335       2.110
      0.000       0.001       0.011       0.039       0.076       0.132       0.208       0.311       0.480       0.844       1.335       2.110
# COD year: 1997 
      0.000       0.001       0.014       0.036       0.076       0.132       0.208       0.311       0.477       0.844       1.335       2.118
      0.000       0.001       0.016       0.037       0.072       0.132       0.208       0.311       0.477       0.840       1.335       2.118
      0.000       0.001       0.016       0.038       0.072       0.132       0.208       0.311       0.477       0.836       1.335       2.118
      0.000       0.001       0.012       0.039       0.075       0.131       0.206       0.311       0.477       0.836       1.335       2.126
# COD year: 1998 
      0.000       0.001       0.014       0.037       0.076       0.132       0.204       0.311       0.477       0.836       1.335       2.126
      0.000       0.001       0.016       0.037       0.073       0.132       0.204       0.311       0.477       0.836       1.329       2.126
      0.000       0.001       0.016       0.038       0.073       0.132       0.206       0.311       0.472       0.836       1.329       2.118
      0.000       0.001       0.012       0.039       0.075       0.132       0.206       0.311       0.469       0.832       1.329       2.118
# COD year: 1999 
      0.000       0.001       0.014       0.037       0.076       0.132       0.206       0.311       0.469       0.827       1.324       2.110
      0.000       0.001       0.016       0.037       0.073       0.132       0.206       0.311       0.469       0.823       1.324       2.103
      0.000       0.001       0.017       0.038       0.074       0.132       0.208       0.311       0.469       0.819       1.318       2.095
      0.000       0.001       0.012       0.039       0.076       0.132       0.206       0.311       0.469       0.819       1.312       2.088
# COD year: 2000 
      0.000       0.001       0.010       0.030       0.073       0.140       0.239       0.391       0.641       1.241       2.180       3.780
      0.000       0.001       0.011       0.031       0.070       0.142       0.239       0.391       0.641       1.241       2.168       3.747
      0.000       0.001       0.012       0.032       0.070       0.140       0.241       0.391       0.641       1.241       2.157       3.714
      0.000       0.001       0.008       0.032       0.072       0.140       0.241       0.391       0.641       1.241       2.157       3.682
# COD year: 2001 
      0.000       0.001       0.010       0.030       0.072       0.140       0.241       0.391       0.641       1.248       2.157       3.649
      0.000       0.001       0.011       0.031       0.069       0.140       0.241       0.391       0.641       1.241       2.157       3.617
      0.000       0.001       0.012       0.032       0.069       0.140       0.241       0.391       0.646       1.248       2.157       3.601
      0.000       0.001       0.008       0.032       0.071       0.140       0.239       0.391       0.646       1.248       2.157       3.585
# COD year: 2002 
      0.000       0.001       0.010       0.030       0.072       0.140       0.239       0.391       0.646       1.248       2.157       3.585
      0.000       0.001       0.011       0.031       0.071       0.140       0.239       0.391       0.646       1.256       2.168       3.570
      0.000       0.001       0.012       0.032       0.070       0.140       0.241       0.391       0.646       1.256       2.168       3.570
      0.000       0.001       0.008       0.032       0.072       0.140       0.241       0.391       0.641       1.256       2.168       3.570
# COD year: 2003 
      0.000       0.001       0.010       0.030       0.072       0.140       0.241       0.391       0.641       1.256       2.168       3.570
      0.000       0.001       0.011       0.031       0.070       0.142       0.241       0.391       0.641       1.256       2.168       3.570
      0.000       0.001       0.012       0.032       0.069       0.140       0.241       0.391       0.646       1.248       2.168       3.585
      0.000       0.001       0.007       0.032       0.071       0.140       0.241       0.391       0.646       1.256       2.168       3.585
# COD year: 2004 
      0.000       0.001       0.010       0.030       0.071       0.140       0.239       0.391       0.651       1.256       2.168       3.585
      0.000       0.001       0.011       0.031       0.068       0.140       0.239       0.391       0.651       1.256       2.168       3.585
      0.000       0.001       0.012       0.032       0.069       0.140       0.239       0.391       0.651       1.256       2.168       3.585
      0.000       0.001       0.008       0.032       0.071       0.138       0.239       0.391       0.646       1.256       2.168       3.585
# COD year: 2005 
      0.000       0.001       0.010       0.030       0.072       0.140       0.236       0.391       0.646       1.256       2.168       3.570
      0.000       0.001       0.011       0.031       0.070       0.140       0.239       0.391       0.641       1.256       2.168       3.570
      0.000       0.001       0.012       0.032       0.070       0.140       0.239       0.391       0.641       1.256       2.180       3.570
      0.000       0.001       0.008       0.032       0.072       0.140       0.239       0.391       0.637       1.256       2.180       3.570
# COD year: 2006 
      0.000       0.001       0.010       0.030       0.072       0.140       0.239       0.391       0.637       1.248       2.180       3.570
      0.000       0.001       0.011       0.030       0.070       0.140       0.239       0.391       0.637       1.248       2.168       3.570
      0.000       0.001       0.012       0.032       0.069       0.140       0.241       0.391       0.637       1.241       2.168       3.570
      0.000       0.001       0.008       0.032       0.071       0.140       0.241       0.391       0.641       1.241       2.168       3.554
# COD year: 2007 
      0.000       0.001       0.010       0.030       0.071       0.140       0.239       0.391       0.641       1.241       2.157       3.554
      0.000       0.001       0.011       0.031       0.070       0.140       0.239       0.391       0.641       1.241       2.157       3.538
      0.000       0.001       0.012       0.032       0.069       0.140       0.239       0.391       0.641       1.241       2.146       3.538
      0.000       0.001       0.008       0.032       0.071       0.140       0.239       0.391       0.641       1.241       2.146       3.522
# COD year: 2008 
      0.000       0.001       0.010       0.030       0.072       0.140       0.239       0.391       0.641       1.241       2.146       3.507
      0.000       0.001       0.011       0.031       0.070       0.140       0.239       0.391       0.641       1.241       2.146       3.507
      0.000       0.001       0.012       0.032       0.070       0.140       0.239       0.391       0.641       1.248       2.146       3.491
      0.000       0.001       0.008       0.032       0.071       0.140       0.239       0.391       0.641       1.248       2.146       3.491
# COD year: 2009 
      0.000       0.001       0.010       0.030       0.072       0.140       0.239       0.391       0.641       1.248       2.146       3.491
      0.000       0.001       0.011       0.031       0.070       0.140       0.239       0.391       0.641       1.241       2.146       3.475
      0.000       0.001       0.012       0.032       0.070       0.140       0.241       0.391       0.641       1.241       2.146       3.475
      0.000       0.001       0.008       0.032       0.071       0.140       0.241       0.391       0.641       1.241       2.146       3.475
# COD year: 2010 
      0.000       0.001       0.010       0.030       0.072       0.140       0.239       0.391       0.641       1.241       2.146       3.460
      0.000       0.001       0.011       0.031       0.070       0.140       0.239       0.391       0.641       1.241       2.146       3.460
      0.000       0.001       0.012       0.032       0.070       0.140       0.241       0.391       0.641       1.241       2.146       3.444
      0.000       0.001       0.008       0.032       0.071       0.140       0.241       0.391       0.641       1.241       2.146       3.444
# COD year: 2011 
      0.000       0.001       0.010       0.030       0.072       0.140       0.239       0.391       0.641       1.241       2.135       3.444
      0.000       0.001       0.011       0.031       0.070       0.140       0.239       0.391       0.641       1.241       2.135       3.429
      0.000       0.001       0.012       0.032       0.069       0.140       0.239       0.391       0.641       1.241       2.135       3.413
      0.000       0.001       0.008       0.032       0.071       0.140       0.239       0.391       0.641       1.241       2.135       3.413
# COD year: 2012 
      0.000       0.001       0.010       0.030       0.071       0.140       0.239       0.391       0.641       1.241       2.124       3.398
      0.000       0.001       0.011       0.030       0.069       0.140       0.239       0.391       0.637       1.233       2.124       3.383
      0.000       0.001       0.012       0.032       0.069       0.140       0.239       0.391       0.637       1.233       2.113       3.383
      0.000       0.001       0.008       0.032       0.070       0.140       0.239       0.391       0.637       1.225       2.113       3.367
# COD year: 2013 
      0.000       0.001       0.010       0.030       0.071       0.140       0.236       0.391       0.632       1.225       2.113       3.352
      0.000       0.001       0.011       0.031       0.069       0.140       0.236       0.391       0.632       1.225       2.102       3.352
      0.000       0.001       0.012       0.032       0.069       0.140       0.236       0.387       0.627       1.218       2.102       3.337
      0.000       0.001       0.008       0.032       0.070       0.140       0.236       0.387       0.627       1.218       2.091       3.337
# COD year: 2014 
      0.000       0.001       0.010       0.031       0.071       0.140       0.236       0.387       0.622       1.218       2.091       3.322
      0.000       0.001       0.011       0.031       0.071       0.140       0.236       0.387       0.622       1.210       2.080       3.322
      0.000       0.001       0.012       0.032       0.070       0.140       0.236       0.387       0.622       1.210       2.080       3.307
      0.000       0.001       0.008       0.032       0.071       0.140       0.239       0.387       0.618       1.203       2.080       3.307
# COD year: 2015 
      0.000       0.001       0.010       0.030       0.072       0.140       0.239       0.387       0.618       1.203       2.069       3.292
      0.000       0.001       0.011       0.031       0.071       0.140       0.239       0.391       0.618       1.195       2.069       3.292
      0.000       0.001       0.012       0.032       0.070       0.140       0.239       0.391       0.618       1.195       2.058       3.292
      0.000       0.001       0.008       0.032       0.071       0.140       0.239       0.391       0.622       1.195       2.058       3.277
# COD year: 2016 
      0.000       0.001       0.010       0.031       0.072       0.140       0.239       0.391       0.622       1.195       2.058       3.277
      0.000       0.001       0.011       0.031       0.071       0.140       0.239       0.391       0.622       1.188       2.047       3.277
      0.000       0.001       0.012       0.032       0.071       0.140       0.239       0.391       0.622       1.188       2.047       3.262
      0.000       0.001       0.008       0.032       0.072       0.140       0.239       0.391       0.627       1.195       2.047       3.262
# COD year: 2017 
      0.000       0.001       0.010       0.030       0.072       0.140       0.241       0.391       0.627       1.195       2.047       3.262
      0.000       0.001       0.011       0.031       0.071       0.140       0.241       0.391       0.627       1.195       2.036       3.262
      0.000       0.001       0.012       0.032       0.070       0.140       0.241       0.391       0.627       1.195       2.036       3.247
      0.000       0.001       0.009       0.032       0.071       0.140       0.241       0.391       0.627       1.195       2.036       3.247
# COD year: 2018 
      0.000       0.001       0.010       0.031       0.072       0.140       0.241       0.391       0.632       1.195       2.036       3.247
      0.000       0.001       0.011       0.031       0.072       0.140       0.239       0.391       0.632       1.195       2.036       3.247
      0.000       0.001       0.012       0.032       0.072       0.140       0.239       0.391       0.632       1.195       2.036       3.247
      0.000       0.001       0.007       0.032       0.072       0.140       0.241       0.391       0.632       1.195       2.036       3.247
-999 # Checksum