#  Fleet catch for CPUE data
######################################################################################
# HER_ACU_29_32_ex_Riga
# First and last year: 1982 2011
# First and last age: 1-8                                   
1E-3    7398  10609  3863  2219    2178    1690    983 1582    #1982
1E-3    3583   5854  5939  2605    1682    1829   1275 2063    #1983
1E-3    7522   6769  6841  5413    1871    1150    769 1148    #1984
1E-3    3649   8240  4466  3764    1289     593    454  603    #1985
1E-3    4065   9199 10088  4589    3206    1020    420  587    #1986
1E-3    6945   2677  5692  5914    2237    1305    407  210    #1987
1E-3    1537   5210  2531  5638    4725    1912    965  498    #1988
1E-3    6046   2840  7835  3202    4812    2815   1147  544    #1989
1E-3   11954  10075  6016  5433    3176    2611   1341 1136    #1990
1E-3    6739  19731 11477  4029    9728    2508   2295 2474    #1991
1E-3    7445   9217 13327  7256    4217    2346   1595 1214    #1992
1E-3     -11    -11   -11   -11     -11     -11    -11  -11    #1993
1E-3    3939  11992 20607 11770    5804    2158   965   858    #1994
1E-3     -11    -11   -11   -11     -11     -11    -11  -11    #1995
1E-3    4000  13914 10105  7435    4613    2419  1213   803    #1996
#1E-3     -11    -11   -11   -11     -11     -11    -11  -11    #1997
#1E-3    4312   2199  6717  6643    2651    1558   816   443    #1998
#1E-3    1762   4772  3233  3233    3740    1461   852   643    #1999
#1E-3     -11    -11   -11   -11     -11     -11    -11  -11    #2000
#1E-3    4053   8242  3308  4708    1583    1251   869   473    #2001
#1E-3    2699   4298  6581  2883    2386     895   763   471    #2002
#1E-3   16868   9204 10887  6819    2378    1812   778  1193    #2003
#1E-3    4942  13388  6905  4774    2539    1163   613   694    #2004
#1E-3    1929   8302 15543  7243    4455    2604  1121  1156    #2005
#1E-3    7346   8107 12793 21290    7386    3095  1712  1219    #2006
#1E-3    5424   6657  3025  4276    7205    1724   892   816    #2007
#1E-3    6756   6776  7615  3677    4989    3478   843   798    #2008
#1E-3    6429  12300  6958  5658    2107    3026  2138   627    #2009
#1E-3    3855   8479 12339  5139    3600    1721  1939  1634    #2010
#1E-3    2342   5686 11097 12808    5597    3302  1459  2270    #2011
################################################################
# Herring in SD 25-SD 27, SD 28.2, SD 29 and SD 32 (numbers in millions), BIAS SD 25-27&28.2&29S+N (April 2019)         
#1E-3  6943  20002  11964   4148  9643  2511  2280  # 2453   #1991
#1E-3  7417   9156  13178   7156  4108  2274  1540  #1167    # 1992
#1E-3 -11    -11    -11    -11   -11   -11   -11   #-11      # 1993
#1E-3  3924  11881  20304  11527  5653  2099   941  # 829    # 1994
#1E-3   -11    -11    -11    -11   -11   -11   -11  # -11    # 1995
#1E-3  3985  13762   9989   7361  4533  2359  1179  # 777    # 1996
#1E-3   -11    -11    -11    -11   -11   -11   -11  # -11    # 1997
1E-3  4285   2171   6617   6521  2584  1524   791  # 430     # 1998
1E-3  1754   4742   3194   4251  3680  1428   833  # 630
1E-3 10151   2560   9874   4838  5200  3234  3007  #2061
1E-3  4029   8194   3286   4661  1567  1238   861  # 464
1E-3  2687   4242   6508   2842  2326   870   741  # 455
1E-3 16704   9116  10643   6690  2320  1778   755  #1156
1E-3  4914  13229   6789   4672  2500  1132   604  # 680
1E-3  1920   8251  15345   7123  4356  2541  1096  #1129
1E-3  7317   8060  12700  21121  7336  3068  1701  #1212
1E-3  5401   6587   2975   4191  7093  1697   883  # 807
1E-3  6842   6822   7589   3613  4927  3563   877  # 807
1E-3  6409  12141   6820   5551  2059  2969  2089  # 614
1E-3  3829   8279  12048   5006  3543  1685  1902  #1600
1E-3  2339   5668  10993  12669  5525  3257  1448  #2242
1E-3 14948   3630   7545   9345  9200  2685  2262  #2082
1E-3  6896   9160   3855   6934  7127  7272  2154  #3489
1E-3  5086  10114  15409   5916  7370  6664  4933  #3653
1E-3 36179   9812  15273  15549  5486  4873  3648  #4362
1E-3  6830  27755   7212   7277  4050  2032  1493  #1471
1E-3  4454   5362  20367   3945  3663  1824   628  #1210
1E-3  6306   9085   8408  26663  5606  4625  2016  #1311
##########################################################
##  SPRAT							
#FLT01:	International acoustic in October, area corrected,1991	2018 ages 1-7																
1E-3	46488	40299	43681	2743	8924	1851	1957	#3117
1E-3	36519	26991	24051	9289	1921	2437	714	#560
1E-3	-11	-11	-11	-11	-11	-11	-11	#-11
1E-3	12532	44588	43274	17272	11925	5112	1029	#1559
1E-3	-11	-11	-11	-11	-11	-11	-11	#-11
1E-3	69994	130760	20797	23241	12778	6405	3697	#1311
1E-3	-11	-11	-11	-11	-11	-11	-11	#-11
1E-3	100615	21975	55422	36291	8056	4735	1623	#1011
1E-3	4892	90050	15989	35717	38820	5231	3290	#1738
1E-3	58703	5285	49635	5676	13933	15835	1554	#2678
1E-3	12047	35687	6927	30237	4028	9606	6370	#2407
1E-3	31209	14415	36763	5733	18735	2638	5037	#4345
1E-3	99129	32270	24035	23198	8016	13163	4831	#8536
1E-3	119497	47027	11638	7929	4876	2450	2389	#3552
1E-3	7082	125148	48724	10035	5116	3011	2364	#3325
1E-3	36531	11774	103289	32412	7937	4583	2111	#2947
1E-3	51888	21665	8175	26102	9800	1067	470	#1578
1E-3	28805	45118	20134	5350	18820	5678	1241	#1917
1E-3	77343	25333	20840	6547	4667	7023	2011	#1376
1E-3	11638	51321	10654	6663	1684	1958	2572	#1168
1E-3	20620	11657	43357	9990	6747	2615	1795	#2808
1E-3	40516	16525	7935	18413	3494	1733	606	#1368
1E-3	19408	20364	11448	5684	11219	1771	759	#1274
1E-3	10448	8623	9735	4695	2034	3779	681	#774
1E-3	99618	17315	19728	11041	3426	3552	2772	#1528
1E-3	20531	80822	24344	9305	3725	1475	1203	#1250
1E-3	30171	33937	78088	13673	6372	2681	823	#925
1E-3	26879	19204	14849	29575	9135	3134	1182	#1336
####################################
#FLT02: International acoustic in May, area corrected 2001,2018 ages 1-8													
1E-3	8225	35735	12971	37328	5384	4635	4526	#600
1E-3	27412	18982	36814	19045	14759	2517	3670	#2585E3
1E-3	26469	16471	8423	15533	5653	7170	1660	#3607
1E-3	136162	65566	15784	11042	12655	3271	7806	#6321
1E-3	4359	88830	23557	7258	3517	2781	1830	#2243
1E-3	13417	7980	76703	21046	5702	1970	1526	#1943
1E-3	51569	28713	6377	36006	7481	1261	533	#698
1E-3	9029	40270	20164	5627	21188	4210	757	#1477
1E-3	39412	26701	36255	10549	6312	14106	5341	#964
1E-3	9387	58680	15199	15963	5062	1654	5566	#1273
1E-3	18092	6791	66160	16689	10565	4077	2399	#3382
1E-3	22700	22080	11274	35541	7515	5025	1367	#2158
1E-3	24877	35333	18393	11358	14959	3385	2164	#950
1E-3	10145	26907	19857	7458	6098	3810	1217	#1058
1E-3	70752	24660	29744	18935	8081	4074	2581	#1721
1E-3	-11	-11	-11	-11	-11	-11	-11	#-11
1E-3	32701	36292	132939	20630	6790	2250	809	#942
1E-3	27209	25642	38632	69259	7251	2086	1025	#619
##################################################################
# FLT03: Latvian/Russian acoustic on age 0 shifted to represent age 1, 1992-2018, age 1				
1E-3	59473
1E-3	48035
1E-3	-11
1E-3	64092
1E-3	-11
1E-3	3842
1E-3	-11
1E-3	1279
1E-3	33320
1E-3	4601
1E-3	12001
1E-3	79551
1E-3	146335
1E-3	3562
1E-3	41863
1E-3	66125
1E-3	17821
1E-3	115698
1E-3	12798
1E-3	41916
1E-3	45186
1E-3	33653
1E-3	24694
1E-3	162715
1E-3	36900
1E-3	30765
1E-3	7816
-999 # check value