# file incl_stom_master.in 
# A value >=1 indicate that the stomach sample is used in SMS. Default number is no. of hauls
##############################################################
# Area: All 
##############################################################
# Predator: COD 
##############################################################
# Quarter: 1 
##############################################################
# 1974   1975   1976   1977   1978   1979   1980   1981   1982   1983   1984   1985   1986   1987   1988   1989   1990   1991   1993   1994   1995   1996   1997   1998   1999   2000   2001   2002   2003   2004   2005   2006   2007   2008   2009   2010   2011   2012   2013   2014   
    77     21      0     74     81     73      0     43     29     10     31      0      0      0      0      0      0      0      0      0      0      0      0      0      0     17     11     14      0     34     40     25     60    115      0     23     22     27     99     36
   167     15      0     42    251     51      0     23     39      0     15     16      0      0     28      0      0      0      0      0      0      0      0      0     52     83      0     39      0     46     58     21     92    161     89     37     32     53    175     65
   264     69     22    201    465    195     13     28    281     41     11     26     29     12    144      0     56      0     19      0     57     16      0      0     53     89     12     25      0     39     57     40     85    141     72     55     40     57    207     95
   196    199     45    252    202    324     84     52    265    160     67    150     72     43    294     35    272     95     63      0     67     76      0      0     42     14     11     22      0     25     57     52     52    124    102     64     38     68    195     82
   114    211     87    239     92    278    184     87    160    251    123    128     79     70    157    114    217    206     49      0     40     53      0      0     36     12     21     12      0     28     34     57     79    149    111     58     36     69    197    106
   387    219     80    496    152    299    261    269    235    350    423    313    176    216    402    423    178    268     49      0     37     71      0      0     99     43     30      0     10     65     56     84    127    220    163    129     61    102    450    237
   227     74     22    184    100     84     90     61    121    114    227    181    158    135    175    252    246    259     45      0     42     54      0      0     36     11     10      0      0     37      0     22     21     88    101    115     60     83    129     30
    84     23      0     76     39     36     30     17     42     29     55     55     59     44     44    107    151     41     11      0     29     31      0      0     10      0      0      0      0      0      0      0      0     31     50     78     55     29     12      0
    29     11      0     37      0     20      0      0     15      0     13     16     11      0     27     38     64     21      0      0     17      0      0      0     10      0      0      0      0      0      0      0      0     18     39     82     35     20     12      0
# Quarter: 2 
##############################################################
# 1974   1975   1976   1977   1978   1979   1980   1981   1982   1983   1984   1985   1986   1987   1988   1989   1990   1991   1993   1994   1995   1996   1997   1998   1999   2000   2001   2002   2003   2004   2005   2006   2007   2008   2009   2010   2011   2012   2013   2014   
   102     21     82    122     25      0      0      0     12      0     21      0      0      0      0      0      0      0      0      0      0      0      0      0      0      0      0      0      0      0      0      0      0      0      0      0      0      0      0      0
   162     62     20     61    149     14      0      0     18      0      0      0      0     31      0      0      0      0      0      0      0      0      0     37     10      0      0      0      0      0      0      0      0      0      0      0      0      0      0      0
   313    148     88     69    163     60     38      0    145     24      0     29    114    249     46      0     10      0      0     22      0      0      0     29     12      0      0      0      0      0      0      0      0      0      0      0      0      0      0      0
   345    264    188    140    123     68    169     12    186    109     22    161    207    381     76     14     79      0     20     76      0      0      0      0      0      0      0      0      0      0      0      0      0      0      0      0      0      0      0      0
   270    303    273    161     84     78    274     35    169    148     45    129    199    206     40     64    112     13      0     52      0      0      0      0      0      0      0      0      0      0      0      0      0      0      0      0      0     22      0      0
   386    417    472    421    168     87    332    249    461    293    140    443    532    563    213    398     96     13      0     18      0      0      0     13     15      0      0      0      0      0      0      0      0      0      0      0      0     12      0      0
   187     99    207    242     94     19     97    146    222    126     55    282    578    360    171    344    160      0     11     13      0      0      0      0      0      0      0      0      0      0      0      0      0      0      0      0      0      0      0      0
    56     24     71    111     28      0     22     20     55     45     23     99    298    142     71    198    105      0     11     10      0      0      0      0      0      0      0      0      0      0      0      0      0      0      0      0      0      0      0      0
    30     12     15     49     17      0      0      0     13     10      0     25     75     68     34     78     38      0     15      0      0      0      0      0      0      0      0      0      0      0      0      0      0      0      0      0      0      0      0      0
# Quarter: 3 
##############################################################
# 1974   1975   1976   1977   1978   1979   1980   1981   1982   1983   1984   1985   1986   1987   1988   1989   1990   1991   1993   1994   1995   1996   1997   1998   1999   2000   2001   2002   2003   2004   2005   2006   2007   2008   2009   2010   2011   2012   2013   2014   
     0      0     37      0      0      0      0     18     44      0      0      0      0      0      0      0      0      0      0      0      0      0      0      0      0      0      0      0      0      0      0      0      0      0      0      0      0      0      0      0
     0     39     46      0      0      0      0     21      0      0      0      0      0      0      0      0     24     12      0      0      0      0      0      0      0      0      0      0      0      0      0      0      0      0      0      0      0      0      0      0
     0     18     73     21      0     50      0     16     55      0     11      0      0      0      0      0     78     30      0      0      0      0      0      0      0      0      0      0      0      0      0      0      0      0      0      0      0     12      0      0
     0     62    121     17      0    104     50     27    185      0      0      0      0      0      0      0     17      0      0      0      0      0      0      0      0      0      0      0      0      0      0      0      0      0      0      0      0     30      0      0
     0     64     97     14      0    124     44     31    345      0     17      0      0      0      0      0     15      0      0      0      0      0      0      0      0      0      0      0      0      0      0      0      0      0      0      0      0     62      0      0
     0     88    172      0      0    106    110     67    412     18     38      0      0      0      0      0    194     26      0      0      0      0      0      0      0      0      0      0      0      0      0      0      0      0      0      0      0     91      0      0
     0     38     67      0      0     36     36     53    170     12     23      0      0      0      0      0     67     30      0      0      0      0      0      0      0      0      0      0      0      0      0      0      0      0      0      0      0      0      0      0
     0     21     12      0      0      0      0     14     49      0      0      0      0      0      0      0     22     10      0      0      0      0      0      0      0      0      0      0      0      0      0      0      0      0      0      0      0      0      0      0
     0      0      0      0      0      0      0      0     20      0      0      0      0      0      0      0     17     14      0      0      0      0      0      0      0      0      0      0      0      0      0      0      0      0      0      0      0      0      0      0
# Quarter: 4 
##############################################################
# 1974   1975   1976   1977   1978   1979   1980   1981   1982   1983   1984   1985   1986   1987   1988   1989   1990   1991   1993   1994   1995   1996   1997   1998   1999   2000   2001   2002   2003   2004   2005   2006   2007   2008   2009   2010   2011   2012   2013   2014   
     0     18      0      0      0      0      0     19      0     46      0      0      0      0      0      0      0      0      0      0      0      0      0      0     71      0     45     31     38     22     44     52     76     73     42      0     29    116    119      0
    19     12     39     73     37     75     24     17     19     32      0     14     10      0      0      0      0      0      0      0      0      0      0      0     25      0     35     36     65     32     17    105     93     82     36      0     35    124    134      0
    49      0    196    110    130    128     25    108     42     83     27     55     75     24      0     61      0      0      0      0      0      0     13      0     15      0     35     21     49     40     19    104    126    110     37      0     38    143    138      0
    84     22    156     38    207    335     31    113     77    155     76     57     92     31      0    134      0      0      0      0      0      0      0      0      0     24     20     19     50     26     17    109    108    121     39      0     49    135    159      0
    75     50     84     21    145    542    103     80    116    302     75     35    107     20     37     74      0      0      0      0      0      0     18      0     10     31     27     15     47     53     25    100    105     99     43      0     42    114    142      0
   102     75    188     34    203    595    321    156    132    761    164     98    278     61    147     52      0      0      0      0      0      0    126      0     35    113     28      0     58     74     95    133    163    154     70      0     81    191    171      0
    14     20     95     22     54    112    123     70     37    355     84     59     77      0     18     59      0      0      0      0      0      0     24      0     20     34      0      0      0     40     45     38    114     91     70      0     61     65     45      0
     0      0     31     15     16     29     23     16      0     59     16     29     24      0      0     41      0      0      0      0      0      0     13      0     12      0      0      0      0      0     11     10     81     45     69      0     22     24      0      0
     0      0      0     10      0      0      0      0      0     14      0      0      0      0      0      0      0      0      0      0      0      0     18      0     10      0      0      0      0      0      0      0     76     27     61      0     29     15      0      0
-999 # Checksum