# Area 1 All 
# COD year: 1974 
         -1          50         119         168         220         269         317         369         431         530         629         749
         -1          50         124         169         218         270         317         369         431         530         629         749
         -1          50         126         170         218         269         318         369         431         530         629         749
         -1          50         111         171         219         269         318         369         431         530         629         749
# COD year: 1975 
         -1          50         119         168         220         269         318         369         432         530         629         749
         -1          50         124         169         217         270         318         369         432         530         629         748
         -1          50         125         170         217         269         319         369         433         530         629         748
         -1          50         109         171         219         269         319         369         433         531         629         748
# COD year: 1976 
         -1          50         119         167         219         269         318         369         434         531         629         748
         -1          50         124         169         215         270         318         369         434         532         630         748
         -1          50         125         170         216         269         318         369         434         532         630         748
         -1          50         109         171         219         269         318         369         434         533         630         748
# COD year: 1977 
         -1          50         119         167         218         269         317         369         434         533         631         749
         -1          50         124         169         214         269         317         369         434         533         631         749
         -1          50         125         170         216         268         318         369         433         533         632         750
         -1          50         110         171         218         268         316         369         432         534         632         751
# COD year: 1978 
         -1          50         119         168         219         269         316         369         432         533         632         753
         -1          50         124         169         217         269         317         369         431         533         633         754
         -1          50         126         170         217         269         318         369         430         532         633         755
         -1          50         112         171         219         269         318         369         430         532         633         756
# COD year: 1979 
         -1          50         120         168         220         269         317         369         430         531         632         758
         -1          50         124         169         218         270         318         369         431         530         632         759
         -1          50         125         170         218         270         319         369         432         530         632         760
         -1          50         109         171         219         269         319         369         432         530         631         760
# COD year: 1980 
         -1          50         119         167         219         270         318         369         433         531         630         760
         -1          50         124         169         215         270         319         369         434         531         630         760
         -1          50         125         170         216         269         319         369         434         531         630         759
         -1          50         110         171         219         269         318         369         435         532         630         759
# COD year: 1981 
         -1          50         119         167         219         269         317         369         435         533         630         758
         -1          50         124         169         216         269         317         369         434         533         631         757
         -1          50         126         170         217         269         318         369         433         533         631         756
         -1          50         111         171         219         269         318         369         433         534         632         756
# COD year: 1982 
         -1          50         119         168         220         269         317         369         432         533         632         756
         -1          50         124         169         218         270         318         369         432         533         632         756
         -1          50         126         170         218         269         318         369         432         532         632         757
         -1          50         111         171         219         269         318         369         432         532         632         757
# COD year: 1983 
         -1          50         120         168         220         269         318         369         433         532         632         758
         -1          50         124         169         218         270         318         369         433         532         632         759
         -1          50         126         170         218         270         319         369         433         532         632         759
         -1          50         111         171         219         269         319         369         434         532         632         760
# COD year: 1984 
         -1          50         119         168         220         270         319         370         434         532         632         760
         -1          50         124         169         217         270         319         369         435         533         631         760
         -1          50         125         170         217         269         319         369         435         533         631         760
         -1          50         110         171         219         269         319         370         435         533         632         760
# COD year: 1985 
         -1          50         119         167         220         269         318         369         435         534         632         760
         -1          50         124         169         216         270         318         369         435         534         632         759
         -1          50         125         170         217         269         319         369         435         534         632         760
         -1          50         109         171         219         269         318         369         435         534         633         760
# COD year: 1986 
         -1          50         119         167         219         269         317         369         434         534         633         760
         -1          50         124         169         215         269         318         369         434         534         633         760
         -1          50         126         170         216         269         318         369         433         533         633         761
         -1          50         111         171         219         269         317         369         433         533         633         762
# COD year: 1987 
         -1          50         120         168         220         269         316         369         432         533         633         762
         -1          50         124         169         218         270         317         369         432         532         633         763
         -1          50         126         170         218         269         318         369         431         532         632         763
         -1          50         111         171         219         269         318         369         430         531         632         764
# COD year: 1988 
         -1          50         120         168         220         269         318         369         431         531         632         764
         -1          50         124         169         218         270         318         369         431         530         631         763
         -1          50         126         170         218         270         319         369         432         530         630         763
         -1          50         110         171         219         269         319         369         433         530         630         762
# COD year: 1989 
         -1          50         119         168         220         270         318         369         433         530         629         761
         -1          50         124         169         217         270         318         369         434         531         629         759
         -1          50         126         170         217         269         319         369         434         531         629         757
         -1          50         111         171         219         269         318         369         434         532         629         755
# COD year: 1990 
         -1          50         119         168         220         269         318         369         434         532         630         754
         -1          50         124         169         217         270         318         369         434         532         630         752
         -1          50         125         170         217         269         318         369         433         532         630         751
         -1          50         109         171         219         269         318         369         433         533         631         751
# COD year: 1991 
         -1          50         119         167         219         269         318         369         433         532         631         751
         -1          50         123         168         214         270         318         369         432         531         631         750
         -1          50         125         170         215         269         318         369         432         531         631         750
         -1          50         110         171         218         268         317         369         432         531         631         750
# COD year: 1992 
         -1          50         119         167         219         269         316         369         432         531         630         751
         -1          50         124         169         215         269         316         369         432         531         630         751
         -1          50         126         170         216         269         317         369         431         531         630         751
         -1          50         111         171         219         269         317         369         430         531         630         751
# COD year: 1993 
         -1          50         119         168         220         269         317         369         430         531         630         751
         -1          50         124         169         217         270         318         369         430         530         630         751
         -1          50         126         170         218         269         318         369         430         530         630         751
         -1          50         110         171         220         269         318         369         431         530         630         751
# COD year: 1994 
         -1          50         119         168         220         270         318         369         432         529         629         751
         -1          50         124         169         217         270         318         369         433         530         629         751
         -1          50         126         170         217         269         319         369         433         530         629         750
         -1          50         110         171         219         269         319         369         434         531         629         749
# COD year: 1995 
         -1          50         119         168         220         269         318         369         434         531         629         748
         -1          50         124         169         216         270         318         369         435         532         629         748
         -1          50         126         170         217         269         319         369         435         532         630         747
         -1          50         111         171         219         269         318         369         434         533         630         747
# COD year: 1996 
         -1          50         119         168         220         269         318         369         434         533         631         747
         -1          50         123         169         217         270         318         369         434         533         631         747
         -1          50         125         170         217         269         318         369         433         533         631         747
         -1          50         109         171         219         269         318         369         433         533         631         747
# COD year: 1997 
         -1          50         119         167         219         269         318         369         432         533         631         748
         -1          50         123         168         215         269         318         369         432         532         631         748
         -1          50         125         170         215         269         318         369         432         531         631         748
         -1          50         110         171         218         268         317         369         432         531         631         749
# COD year: 1998 
         -1          50         119         168         219         269         316         369         432         531         631         749
         -1          50         123         169         216         269         316         369         432         531         630         749
         -1          50         125         170         216         269         317         369         430         531         630         748
         -1          50         110         171         218         269         317         369         429         530         630         748
# COD year: 1999 
         -1          50         119         168         219         269         317         369         429         529         629         747
         -1          50         124         169         216         269         317         369         429         528         629         746
         -1          50         126         170         217         269         318         369         429         527         628         745
         -1          50         111         171         219         269         317         369         429         527         627         744
# COD year: 2000 
         -1          50         119         168         220         269         317         369         430         527         627         743
         -1          50         123         169         217         270         317         369         430         527         626         741
         -1          50         125         170         217         269         318         369         430         527         625         739
         -1          50         110         171         219         269         318         369         430         527         625         737
# COD year: 2001 
         -1          50         119         167         219         269         318         369         430         528         625         735
         -1          50         124         169         216         269         318         369         430         527         625         733
         -1          50         125         170         216         269         318         369         431         528         625         732
         -1          50         112         171         218         269         317         369         431         528         625         731
# COD year: 2002 
         -1          50         120         168         219         269         317         369         431         528         625         731
         -1          50         124         169         218         269         317         369         431         529         626         730
         -1          50         125         170         217         269         318         369         431         529         626         730
         -1          50         110         171         219         269         318         369         430         529         626         730
# COD year: 2003 
         -1          50         119         167         219         269         318         369         430         529         626         730
         -1          50         123         169         217         270         318         369         430         529         626         730
         -1          50         125         170         216         269         318         369         431         528         626         731
         -1          50         109         170         218         269         318         369         431         529         626         731
# COD year: 2004 
         -1          50         119         167         218         269         317         369         432         529         626         731
         -1          50         123         169         215         269         317         369         432         529         626         731
         -1          50         125         170         216         269         317         369         432         529         626         731
         -1          50         111         171         218         268         317         369         431         529         626         731
# COD year: 2005 
         -1          50         119         168         219         269         316         369         431         529         626         730
         -1          50         124         169         217         269         317         369         430         529         626         730
         -1          50         125         170         217         269         317         369         430         529         627         730
         -1          50         110         171         219         269         317         369         429         529         627         730
# COD year: 2006 
         -1          50         119         167         219         269         317         369         429         528         627         730
         -1          50         123         168         217         269         317         369         429         528         626         730
         -1          50         125         170         216         269         318         369         429         527         626         730
         -1          50         111         170         218         269         318         369         430         527         626         729
# COD year: 2007 
         -1          50         119         168         218         269         317         369         430         527         625         729
         -1          50         123         169         217         269         317         369         430         527         625         728
         -1          50         125         170         216         269         317         369         430         527         624         728
         -1          50         111         171         218         269         317         369         430         527         624         727
# COD year: 2008 
         -1          50         119         168         219         269         317         369         430         527         624         726
         -1          50         124         169         217         269         317         369         430         527         624         726
         -1          50         125         170         217         269         317         369         430         528         624         725
         -1          50         110         171         218         269         317         369         430         528         624         725
# COD year: 2009 
         -1          50         119         168         219         269         317         369         430         528         624         725
         -1          50         123         169         217         269         317         369         430         527         624         724
         -1          50         125         170         217         269         318         369         430         527         624         724
         -1          50         111         171         218         269         318         369         430         527         624         724
# COD year: 2010 
         -1          50         119         168         219         269         317         369         430         527         624         723
         -1          50         123         169         217         269         317         369         430         527         624         723
         -1          50         125         170         217         269         318         369         430         527         624         722
         -1          50         111         171         218         269         318         369         430         527         624         722
# COD year: 2011 
         -1          50         119         168         219         269         317         369         430         527         623         722
         -1          50         123         169         217         269         317         369         430         527         623         721
         -1          50         125         170         216         269         317         369         430         527         623         720
         -1          50         110         170         218         269         317         369         430         527         623         720
# COD year: 2012 
         -1          50         119         168         218         269         317         369         430         527         622         719
         -1          50         123         168         216         269         317         369         429         526         622         718
         -1          50         125         170         216         269         317         369         429         526         621         718
         -1          50         111         170         217         269         317         369         429         525         621         717
# COD year: 2013 
         -1          50         119         168         218         269         316         369         428         525         621         716
         -1          50         123         169         216         269         316         369         428         525         620         716
         -1          50         125         170         216         269         316         368         427         524         620         715
         -1          50         112         170         217         269         316         368         427         524         619         715
# COD year: 2014 
         -1          50         120         169         218         269         316         368         426         524         619         714
         -1          50         123         169         218         269         316         368         426         523         618         714
         -1          50         125         170         217         269         316         368         426         523         618         713
         -1          50         112         170         218         269         317         368         425         522         618         713
# COD year: 2015 
         -1          50         119         168         219         269         317         368         425         522         617         712
         -1          50         123         169         218         269         317         369         425         521         617         712
         -1          50         125         170         217         269         317         369         425         521         616         712
         -1          50         113         170         218         269         317         369         426         521         616         711
# COD year: 2016 
         -1          50         120         169         219         269         317         369         426         521         616         711
         -1          50         123         169         218         269         317         369         426         520         615         711
         -1          50         125         170         218         269         317         369         426         520         615         710
         -1          50         111         170         219         269         317         369         427         521         615         710
# COD year: 2017 
         -1          50         119         168         219         269         318         369         427         521         615         710
         -1          50         123         169         218         269         318         369         427         521         614         710
         -1          50         125         170         217         269         318         369         427         521         614         709
         -1          50         115         170         218         269         318         369         427         521         614         709
# COD year: 2018 
         -1          50         120         169         219         269         318         369         428         521         614         709
         -1          50         124         169         219         269         317         369         428         521         614         709
         -1          50         125         170         219         269         317         369         428         521         614         709
         -1          50         109         170         219         269         318         369         428         521         614         709
# HER year: 1974 
          0         132         170         198         213         218         219         225         251          -1          -1          -1
          0         150         179         197         206         211         202         209         230          -1          -1          -1
        121         179         194         199         203         216         221         221         243          -1          -1          -1
        121         174         187         203         211         214         213         221         240          -1          -1          -1
# HER year: 1975 
          0         132         170         198         213         218         219         225         251          -1          -1          -1
          0         150         179         197         206         211         202         209         230          -1          -1          -1
        120         179         194         199         203         216         221         221         243          -1          -1          -1
        121         173         187         203         211         214         213         221         239          -1          -1          -1
# HER year: 1976 
          0         132         170         198         213         218         219         225         250          -1          -1          -1
          0         150         179         197         206         211         202         209         231          -1          -1          -1
        118         179         194         199         203         216         221         221         246          -1          -1          -1
        121         171         187         203         211         214         213         221         242          -1          -1          -1
# HER year: 1977 
          0         132         170         198         213         218         219         225         251          -1          -1          -1
          0         150         179         197         206         211         202         209         231          -1          -1          -1
        117         179         194         199         203         216         221         221         245          -1          -1          -1
        121         169         187         203         211         214         213         221         241          -1          -1          -1
# HER year: 1978 
          0         131         176         198         213         224         226         233         243          -1          -1          -1
          0         150         194         197         203         207         210         218         226          -1          -1          -1
        116         179         216         214         209         209         228         228         245          -1          -1          -1
        120         168         197         201         207         213         218         224         241          -1          -1          -1
# HER year: 1979 
          0         131         191         211         222         229         229         250         278          -1          -1          -1
          0         150         203         217         208         210         218         225         235          -1          -1          -1
        114         177         220         223         220         224         231         235         257          -1          -1          -1
        120         166         208         221         226         226         225         238         257          -1          -1          -1
# HER year: 1980 
          0         130         188         203         214         214         228         239         251          -1          -1          -1
          0         150         176         197         209         199         217         227         240          -1          -1          -1
        113         175         203         221         222         228         236         238         255          -1          -1          -1
        120         164         185         208         224         222         233         239         254          -1          -1          -1
# HER year: 1981 
          0         130         172         195         211         226         221         243         255          -1          -1          -1
          0         150         169         193         207         213         210         227         244          -1          -1          -1
        112         172         214         223         229         234         238         242         258          -1          -1          -1
        119         163         188         206         221         228         232         238         262          -1          -1          -1
# HER year: 1982 
          0         129         181         209         228         239         242         247         259          -1          -1          -1
          0         150         169         182         198         217         223         218         251          -1          -1          -1
        111         169         209         216         226         228         238         238         262          -1          -1          -1
        119         161         193         199         214         225         232         238         259          -1          -1          -1
# HER year: 1983 
          0         128         167         202         215         228         239         242         259          -1          -1          -1
          0         150         161         198         194         211         223         231         248          -1          -1          -1
        110         167         188         218         222         228         238         250         266          -1          -1          -1
        118         159         172         195         202         216         225         234         242          -1          -1          -1
# HER year: 1984 
          0         128         163         187         211         216         228         241         252          -1          -1          -1
          0         148         154         179         210         209         226         233         247          -1          -1          -1
        109         164         190         210         227         225         229         245         258          -1          -1          -1
        118         158         169         193         214         211         221         232         255          -1          -1          -1
# HER year: 1985 
          0         127         169         202         213         227         235         232         249          -1          -1          -1
          0         146         165         204         213         228         219         230         248          -1          -1          -1
        108         162         172         191         218         227         232         243         252          -1          -1          -1
        117         156         154         177         199         214         219         231         248          -1          -1          -1
# HER year: 1986 
          0         126         157         169         191         202         215         222         242          -1          -1          -1
          0         144         150         169         193         207         213         227         242          -1          -1          -1
        108         159         181         194         216         226         231         235         257          -1          -1          -1
        117         154         172         179         204         213         224         230         251          -1          -1          -1
# HER year: 1987 
          0         125         177         197         208         222         231         238         249          -1          -1          -1
          0         142         167         184         190         207         214         221         243          -1          -1          -1
        107         156         188         198         202         219         228         231         245          -1          -1          -1
        116         152         179         182         188         204         215         222         245          -1          -1          -1
# HER year: 1988 
          0         123         154         185         184         199         210         222         240          -1          -1          -1
          0         140         147         188         198         197         214         219         242          -1          -1          -1
        107         154         187         214         219         219         236         241         254          -1          -1          -1
        115         151         169         187         198         207         216         227         244          -1          -1          -1
# HER year: 1989 
          0         122         159         161         177         194         201         213         235          -1          -1          -1
          0         138         167         172         201         206         209         224         234          -1          -1          -1
        107         152         194         188         204         214         227         240         249          -1          -1          -1
        114         149         181         176         197         211         215         227         245          -1          -1          -1
# HER year: 1990 
          0         121         163         179         177         203         219         222         239          -1          -1          -1
          0         137         167         190         187         215         220         218         230          -1          -1          -1
        106         149         193         202         195         206         210         218         228          -1          -1          -1
        113         148         181         191         181         206         207         221         222          -1          -1          -1
# HER year: 1991 
          0         120         150         172         187         177         206         198         213          -1          -1          -1
          0         135         147         169         190         177         201         198         208          -1          -1          -1
        106         147         167         190         208         194         216         217         235          -1          -1          -1
        113         146         161         179         195         182         204         194         217          -1          -1          -1
# HER year: 1992 
          0         119         142         159         187         204         187         216         215          -1          -1          -1
          0         133         145         163         184         195         190         214         214          -1          -1          -1
        105         145         176         185         203         210         197         219         231          -1          -1          -1
        112         145         159         176         198         214         199         208         216          -1          -1          -1
# HER year: 1993 
          0         118         145         165         170         185         197         182         202          -1          -1          -1
          0         132         147         167         174         187         194         191         213          -1          -1          -1
        104         143         161         177         188         197         203         199         220          -1          -1          -1
        110         143         150         169         182         193         206         203         228          -1          -1          -1
# HER year: 1994 
          0         117         142         159         181         193         209         219         219          -1          -1          -1
          0         130         145         157         172         182         195         209         206          -1          -1          -1
        103         141         159         176         185         190         195         209         216          -1          -1          -1
        109         141         154         165         182         182         191         209         209          -1          -1          -1
# HER year: 1995 
          0         117         142         150         165         172         177         190         189          -1          -1          -1
          0         129         145         159         167         176         181         191         201          -1          -1          -1
        103         139         157         167         179         185         188         202         209          -1          -1          -1
        108         139         152         165         174         185         190         199         201          -1          -1          -1
# HER year: 1996 
          0         116         147         159         165         174         181         184         197          -1          -1          -1
          0         128         134         150         159         165         172         179         194          -1          -1          -1
        102         137         142         159         165         172         182         185         199          -1          -1          -1
        107         138         139         154         165         169         176         184         202          -1          -1          -1
# HER year: 1997 
          0         115         127         145         152         167         167         172         183          -1          -1          -1
          0         127         127         145         163         167         176         185         189          -1          -1          -1
        101         136         147         154         161         170         177         185         194          -1          -1          -1
        106         137         145         152         159         163         170         170         171          -1          -1          -1
# HER year: 1998 
          0         114         140         148         164         174         175         176         179          -1          -1          -1
          0         126         136         149         164         170         181         183         192          -1          -1          -1
        101         136         142         152         164         171         179         186         203          -1          -1          -1
        105         136         147         154         162         169         177         175         201          -1          -1          -1
# HER year: 1999 
          0         114         132         151         157         164         175         176         184          -1          -1          -1
          0         125         133         152         159         166         175         180         190          -1          -1          -1
        100         135         153         157         167         177         183         184         195          -1          -1          -1
        104         135         152         158         162         172         181         184         207          -1          -1          -1
# HER year: 2000 
          0         113         150         157         164         168         177         181         184          -1          -1          -1
          0         125         145         159         163         168         175         180         176          -1          -1          -1
         99         135         160         166         173         181         192         199         199          -1          -1          -1
        103         135         160         164         167         174         181         189         192          -1          -1          -1
# HER year: 2001 
          0         113         150         170         173         178         187         185         191          -1          -1          -1
          0         125         145         167         174         181         184         189         184          -1          -1          -1
         98         135         151         158         162         169         169         184         180          -1          -1          -1
        103         134         161         169         170         178         181         183         185          -1          -1          -1
# HER year: 2002 
          0         112         141         161         173         175         185         192         181          -1          -1          -1
          0         125         147         158         168         178         179         188         195          -1          -1          -1
         98         135         169         178         192         195         201         202         211          -1          -1          -1
        102         134         162         172         183         191         192         195         201          -1          -1          -1
# HER year: 2003 
          0         112         170         183         186         193         197         204         203          -1          -1          -1
          0         125         151         164         170         178         189         196         207          -1          -1          -1
         97         136         177         176         190         195         194         201         211          -1          -1          -1
        102         134         155         165         181         180         194         204         209          -1          -1          -1
# HER year: 2004 
          0         112         127         157         167         181         187         198         207          -1          -1          -1
          0         126         135         169         169         186         187         197         207          -1          -1          -1
         97         137         146         175         184         194         199         203         211          -1          -1          -1
        102         134         137         162         174         185         192         195         203          -1          -1          -1
# HER year: 2005 
          0         112         128         138         166         179         188         201         209          -1          -1          -1
          0         127         135         149         170         178         191         193         206          -1          -1          -1
         96         139         161         168         185         195         205         212         218          -1          -1          -1
        102         135         146         154         166         178         195         198         209          -1          -1          -1
# HER year: 2006 
          0         112         162         156         161         173         188         196         204          -1          -1          -1
          0         128         169         160         162         183         194         202         210          -1          -1          -1
         96         140         174         177         182         190         206         209         222          -1          -1          -1
        102         135         142         155         162         171         190         198         205          -1          -1          -1
# HER year: 2007 
          0         112         143         160         163         174         196         202         219          -1          -1          -1
          0         128         164         167         175         173         189         200         213          -1          -1          -1
         96         141         186         179         188         189         199         202         215          -1          -1          -1
        101         136         152         155         172         175         182         198         206          -1          -1          -1
# HER year: 2008 
          0         111         151         162         172         181         177         198         205          -1          -1          -1
          0         128         152         156         165         181         172         187         195          -1          -1          -1
         96         141         165         171         180         189         183         197         207          -1          -1          -1
        101         136         160         164         171         183         181         189         200          -1          -1          -1
# HER year: 2009 
          0         111         146         164         172         179         187         179         197          -1          -1          -1
          0         128         144         155         159         172         180         173         191          -1          -1          -1
         96         142         167         175         181         190         203         193         207          -1          -1          -1
        101         136         154         171         168         183         194         184         193          -1          -1          -1
# HER year: 2010 
         90         110         143         161         174         175         185         193         197          -1          -1          -1
         86         128         139         157         171         169         174         191         187          -1          -1          -1
         96         143         165         178         182         185         191         200         202          -1          -1          -1
        101         136         149         165         175         181         191         195         195          -1          -1          -1
# HER year: 2011 
          0         109         156         159         170         182         183         195         200          -1          -1          -1
          0         129         144         151         170         180         180         196         195          -1          -1          -1
         96         143         170         187         191         199         204         209         207          -1          -1          -1
        101         136         152         165         181         184         190         197         189          -1          -1          -1
# HER year: 2012 
         -1         109         158         156         171         183         191         201         207          -1          -1          -1
         -1         129         171         167         172         188         191         192         208          -1          -1          -1
         97         144         200         196         198         204         205         212         220          -1          -1          -1
        100         136         171         169         183         198         206         210         226          -1          -1          -1
# HER year: 2013 
         -1         108         148         178         173         182         194         199         206          -1          -1          -1
         -1         129         157         183         176         183         200         200         208          -1          -1          -1
         97         144         176         201         194         198         209         207         216          -1          -1          -1
        100         137         153         165         171         185         192         203         206          -1          -1          -1
# HER year: 2014 
         -1         107         142         167         182         175         191         195         202          -1          -1          -1
         -1         129         151         166         186         176         187         196         207          -1          -1          -1
         98         145         183         191         207         201         209         215         220          -1          -1          -1
        100         137         156         168         178         182         199         204         207          -1          -1          -1
# HER year: 2015 
         -1         106         144         164         174         185         188         201         201          -1          -1          -1
         -1         128         152         162         177         190         188         196         204          -1          -1          -1
         98         145         177         180         187         195         191         196         209          -1          -1          -1
        100         137         163         166         176         183         183         189         198          -1          -1          -1
# HER year: 2016 
         -1         105         119         158         165         173         180         183         192          -1          -1          -1
         -1         128         135         156         166         175         179         188         195          -1          -1          -1
         99         145         157         186         185         194         194         198         209          -1          -1          -1
        100         137         142         170         177         184         193         199         203          -1          -1          -1
# HER year: 2017 
        112         103         134         144         166         173         183         193         201          -1          -1          -1
         -1         128         144         147         168         174         183         201         200          -1          -1          -1
        100         145         171         170         191         193         202         213         215          -1          -1          -1
        100         137         157         163         182         186         191         200         203          -1          -1          -1
# HER year: 2018 
         -1         102         140         163         164         179         187         192         207          -1          -1          -1
        141         128         147         165         167         182         186         188         200          -1          -1          -1
        101         145         169         182         183         200         198         200         204          -1          -1          -1
        100         137         149         169         171         198         189         190         200          -1          -1          -1
# SPR year: 1974 
          0          86         118         125         131         131         134         131          -1          -1          -1          -1
          0          94         118         128         134         134         140         137          -1          -1          -1          -1
         71          97         121         134         137         137         140         137          -1          -1          -1          -1
         93         116         125         131         134         134         134         134          -1          -1          -1          -1
# SPR year: 1975 
          0          87         118         125         131         131         134         131          -1          -1          -1          -1
          0          93         118         128         134         134         140         137          -1          -1          -1          -1
         72          99         121         134         137         137         140         137          -1          -1          -1          -1
         92         117         125         131         134         134         134         134          -1          -1          -1          -1
# SPR year: 1976 
          0          88         118         125         131         131         134         131          -1          -1          -1          -1
          0          93         118         128         134         134         140         137          -1          -1          -1          -1
         73         102         121         134         137         137         140         137          -1          -1          -1          -1
         92         118         125         131         134         134         134         134          -1          -1          -1          -1
# SPR year: 1977 
          0          88         118         125         131         131         134         131          -1          -1          -1          -1
          0          93         118         128         134         134         140         137          -1          -1          -1          -1
         74         104         121         134         137         137         140         137          -1          -1          -1          -1
         91         119         125         131         134         134         134         134          -1          -1          -1          -1
# SPR year: 1978 
          0          89         118         125         134         134         137         131          -1          -1          -1          -1
          0          92         118         125         131         137         137         137          -1          -1          -1          -1
         75         105         121         131         134         134         134         137          -1          -1          -1          -1
         91         120         128         125         131         128         131         134          -1          -1          -1          -1
# SPR year: 1979 
          0          89         121         128         131         137         137         134          -1          -1          -1          -1
          0          92         128         131         128         137         137         134          -1          -1          -1          -1
         76         107         121         134         134         137         140         140          -1          -1          -1          -1
         91         120         131         134         134         140         134         134          -1          -1          -1          -1
# SPR year: 1980 
          0          90         118         131         134         134         140         137          -1          -1          -1          -1
          0          92         121         131         134         131         137         134          -1          -1          -1          -1
         77         108         125         134         134         134         140         137          -1          -1          -1          -1
         90         121         128         137         137         137         137         137          -1          -1          -1          -1
# SPR year: 1981 
          0          90         131         134         137         137         134         140          -1          -1          -1          -1
          0          92         128         131         142         140         131         142          -1          -1          -1          -1
         78         109         125         134         137         137         137         142          -1          -1          -1          -1
         90         121         131         137         137         140         140         142          -1          -1          -1          -1
# SPR year: 1982 
          0          90         118         131         137         140         140         137          -1          -1          -1          -1
          0          92         125         131         134         140         131         131          -1          -1          -1          -1
         78         110         131         137         137         140         137         137          -1          -1          -1          -1
         89         122         131         137         137         140         140         137          -1          -1          -1          -1
# SPR year: 1983 
          0          90         118         128         134         137         140         140          -1          -1          -1          -1
          0          91         121         131         131         137         137         137          -1          -1          -1          -1
         79         111         121         131         137         134         140         140          -1          -1          -1          -1
         89         122         128         134         137         140         142         145          -1          -1          -1          -1
# SPR year: 1984 
          0          91         114         128         134         137         140         140          -1          -1          -1          -1
          0          91         118         134         131         134         137         140          -1          -1          -1          -1
         79         112         121         131         134         140         137         137          -1          -1          -1          -1
         89         122         125         134         134         140         142         140          -1          -1          -1          -1
# SPR year: 1985 
          0          91         114         125         131         137         140         140          -1          -1          -1          -1
          0          91         118         125         125         134         140         137          -1          -1          -1          -1
         79         112         125         131         137         134         145         140          -1          -1          -1          -1
         88         122         128         134         137         137         137         134          -1          -1          -1          -1
# SPR year: 1986 
          0          91         118         125         131         134         137         140          -1          -1          -1          -1
          0          91         118         125         128         137         137         137          -1          -1          -1          -1
         80         112         128         131         134         134         142         140          -1          -1          -1          -1
         88         122         131         134         137         140         137         142          -1          -1          -1          -1
# SPR year: 1987 
          0          91         125         131         137         137         140         142          -1          -1          -1          -1
          0          91         121         131         137         137         140         140          -1          -1          -1          -1
         80         112         125         131         134         137         134         140          -1          -1          -1          -1
         88         121         125         131         134         137         134         140          -1          -1          -1          -1
# SPR year: 1988 
          0          91         118         121         128         134         134         137          -1          -1          -1          -1
          0          91         121         125         131         137         140         142          -1          -1          -1          -1
         80         112         128         131         137         140         140         145          -1          -1          -1          -1
         87         121         131         134         140         140         140         142          -1          -1          -1          -1
# SPR year: 1989 
          0          91         121         131         131         137         140         142          -1          -1          -1          -1
          0          91         121         131         134         137         140         140          -1          -1          -1          -1
         80         112         128         134         137         140         140         142          -1          -1          -1          -1
         87         120         134         140         142         145         142         145          -1          -1          -1          -1
# SPR year: 1990 
          0          91         128         131         137         140         140         145          -1          -1          -1          -1
          0          91         128         131         137         142         142         145          -1          -1          -1          -1
         80         111         128         131         134         142         137         145          -1          -1          -1          -1
         87         120         134         137         140         140         140         145          -1          -1          -1          -1
# SPR year: 1991 
          0          91         128         134         137         140         142         142          -1          -1          -1          -1
          0          91         128         131         137         140         142         140          -1          -1          -1          -1
         80         111         131         131         137         140         140         140          -1          -1          -1          -1
         87         119         131         137         140         140         140         140          -1          -1          -1          -1
# SPR year: 1992 
          0          90         125         134         134         140         142         142          -1          -1          -1          -1
          0          91         125         134         137         140         142         145          -1          -1          -1          -1
         80         110         128         131         137         140         140         145          -1          -1          -1          -1
         86         118         134         140         142         145         145         145          -1          -1          -1          -1
# SPR year: 1993 
          0          90         114         125         125         125         131         134          -1          -1          -1          -1
          0          91         118         125         128         131         134         137          -1          -1          -1          -1
         80         109         109         118         125         128         125         131          -1          -1          -1          -1
         86         116         114         118         125         125         128         128          -1          -1          -1          -1
# SPR year: 1994 
          0          89         114         125         131         134         134         137          -1          -1          -1          -1
          0          91         114         125         131         131         134         134          -1          -1          -1          -1
         80         108         118         125         128         131         134         134          -1          -1          -1          -1
         85         114         121         125         131         131         137         134          -1          -1          -1          -1
# SPR year: 1995 
          0          88         121         121         128         131         131         131          -1          -1          -1          -1
          0          92         118         118         125         128         131         134          -1          -1          -1          -1
         81         107         114         118         121         125         125         125          -1          -1          -1          -1
         85         113         121         125         128         128         131         131          -1          -1          -1          -1
# SPR year: 1996 
          0          88         105         118         121         128         131         128          -1          -1          -1          -1
          0          92         105         118         121         125         128         128          -1          -1          -1          -1
         81         106         105         118         118         121         121         121          -1          -1          -1          -1
         85         111         109         121         121         128         125         125          -1          -1          -1          -1
# SPR year: 1997 
          0          87         105         109         118         125         128         128          -1          -1          -1          -1
          0          92         105         109         118         125         125         125          -1          -1          -1          -1
         82         106         109         114         121         125         125         128          -1          -1          -1          -1
         85         110         109         114         121         121         121         125          -1          -1          -1          -1
# SPR year: 1998 
          0          87         107         111         114         120         121         123          -1          -1          -1          -1
          0          92         106         111         113         117         118         119          -1          -1          -1          -1
         82         106         108         112         115         122         124         119          -1          -1          -1          -1
         85         109         109         110         112         118         119         119          -1          -1          -1          -1
# SPR year: 1999 
         85          86         106         112         113         114         121         122          -1          -1          -1          -1
         82          92         105         112         113         113         117         120          -1          -1          -1          -1
         83         106         112         117         117         118         121         123          -1          -1          -1          -1
         85         108         114         120         117         118         121         124          -1          -1          -1          -1
# SPR year: 2000 
          0          86         114         116         119         121         123         128          -1          -1          -1          -1
         75          92         122         119         122         124         125         130          -1          -1          -1          -1
         83         106         124         120         122         122         124         123          -1          -1          -1          -1
         85         107         120         121         122         122         124         128          -1          -1          -1          -1
# SPR year: 2001 
          0          85         113         121         118         121         119         120          -1          -1          -1          -1
          0          92         117         123         123         127         126         124          -1          -1          -1          -1
         84         106         117         123         121         126         123         124          -1          -1          -1          -1
         86         106         119         124         124         125         125         126          -1          -1          -1          -1
# SPR year: 2002 
         84          85         114         117         121         120         120         104          -1          -1          -1          -1
         90          92         116         117         120         122         122         103          -1          -1          -1          -1
         85         107         121         121         125         123         125         104          -1          -1          -1          -1
         86         106         121         123         124         125         125          86          -1          -1          -1          -1
# SPR year: 2003 
          0          85         117         121         121         123         122         120          -1          -1          -1          -1
          0          92         116         121         121         124         122         121          -1          -1          -1          -1
         85         107         120         123         121         126         121         122          -1          -1          -1          -1
         86         106         117         120         120         121         122         122          -1          -1          -1          -1
# SPR year: 2004 
          0          85         107         121         122         122         123         122          -1          -1          -1          -1
          0          92         109         120         123         122         123         122          -1          -1          -1          -1
         86         108         109         117         121         120         122         120          -1          -1          -1          -1
         86         107         107         116         121         119         122         121          -1          -1          -1          -1
# SPR year: 2005 
          0          85         101         108         120         121         123         121          -1          -1          -1          -1
          0          92         105         109         121         123         123         121          -1          -1          -1          -1
         85         108         110         115         121         124         124         125          -1          -1          -1          -1
         86         107         110         113         120         123         126         124          -1          -1          -1          -1
# SPR year: 2006 
          0          85         108         110         112         120         121         122          -1          -1          -1          -1
          0          92         107         111         113         122         123         123          -1          -1          -1          -1
         85         109         110         112         117         122         128         125          -1          -1          -1          -1
         86         108         113         113         116         122         122         124          -1          -1          -1          -1
# SPR year: 2007 
          0          85         106         112         113         115         120         122          -1          -1          -1          -1
          0          92         106         113         113         115         121         125          -1          -1          -1          -1
         84         109         117         121         120         123         124         129          -1          -1          -1          -1
         86         108         117         122         121         118         123         126          -1          -1          -1          -1
# SPR year: 2008 
          0          84         113         116         118         118         119         123          -1          -1          -1          -1
          0          92         112         115         120         117         114         121          -1          -1          -1          -1
         84         109         120         121         124         122         122         127          -1          -1          -1          -1
         86         109         120         122         123         123         124         129          -1          -1          -1          -1
# SPR year: 2009 
          0          84         113         119         121         123         120         121          -1          -1          -1          -1
          0          92         114         119         121         124         120         122          -1          -1          -1          -1
         84         109         120         123         124         124         124         124          -1          -1          -1          -1
         86         109         117         120         121         121         123         125          -1          -1          -1          -1
# SPR year: 2010 
          0          84         108         116         120         122         122         120          -1          -1          -1          -1
          0          91         107         115         119         120         122         120          -1          -1          -1          -1
         83         109         116         124         125         125         123         127          -1          -1          -1          -1
         86         109         116         120         122         121         122         126          -1          -1          -1          -1
# SPR year: 2011 
          0          84         111         115         120         122         124         123          -1          -1          -1          -1
          0          91         114         116         119         122         121         122          -1          -1          -1          -1
         83         109         121         121         123         127         125         126          -1          -1          -1          -1
         86         110         118         120         123         126         123         130          -1          -1          -1          -1
# SPR year: 2012 
         -1          84         113         120         120         123         124         124          -1          -1          -1          -1
         -1          91         115         122         124         127         128         126          -1          -1          -1          -1
         83         109         121         126         127         128         127         128          -1          -1          -1          -1
         86         110         123         126         127         127         130         129          -1          -1          -1          -1
# SPR year: 2013 
         56          83         115         122         126         126         128         127          -1          -1          -1          -1
         56          90         116         123         127         128         127         127          -1          -1          -1          -1
         83         109         119         125         127         127         129         128          -1          -1          -1          -1
         86         110         120         125         125         126         126         126          -1          -1          -1          -1
# SPR year: 2014 
         -1          83         112         119         123         126         126         124          -1          -1          -1          -1
         -1          90         114         121         126         129         128         124          -1          -1          -1          -1
         83         108         119         124         128         131         129         129          -1          -1          -1          -1
         86         110         121         125         128         128         129         130          -1          -1          -1          -1
# SPR year: 2015 
         -1          83         115         120         123         126         128         126          -1          -1          -1          -1
         -1          89         117         123         125         129         132         127          -1          -1          -1          -1
         83         108         117         122         124         129         131         125          -1          -1          -1          -1
         87         111         116         121         123         124         125         124          -1          -1          -1          -1
# SPR year: 2016 
         72          83         103         116         121         123         127         126          -1          -1          -1          -1
         -1          89         107         117         123         125         126         126          -1          -1          -1          -1
         83         108         114         124         127         127         129         128          -1          -1          -1          -1
         87         111         112         123         126         125         125         125          -1          -1          -1          -1
# SPR year: 2017 
        100          83         107         111         119         123         124         124          -1          -1          -1          -1
         -1          88         109         114         123         126         126         125          -1          -1          -1          -1
         83         107         116         118         122         124         126         125          -1          -1          -1          -1
         87         111         116         117         123         124         123         125          -1          -1          -1          -1
# SPR year: 2018 
         -1          82         111         114         116         120         124         124          -1          -1          -1          -1
         -1          87         108         114         116         123         124         122          -1          -1          -1          -1
         83         106         115         120         119         124         126         125          -1          -1          -1          -1
         87         111         116         119         119         124         124         124          -1          -1          -1          -1
-999 # Checksum