# HER year: 1974 
          1           1           1           1           1           1           1           1           1          -1          -1          -1
          1           1           1           1           1           1           1           1           1          -1          -1          -1
          1           1           1           1           1           1           1           1           1          -1          -1          -1
          1           1           1           1           1           1           1           1           1          -1          -1          -1
# HER year: 1975 
          1           1           1           1           1           1           1           1           1          -1          -1          -1
          1           1           1           1           1           1           1           1           1          -1          -1          -1
          1           1           1           1           1           1           1           1           1          -1          -1          -1
          1           1           1           1           1           1           1           1           1          -1          -1          -1
# HER year: 1976 
          1           1           1           1           1           1           1           1           1          -1          -1          -1
          1           1           1           1           1           1           1           1           1          -1          -1          -1
          1           1           1           1           1           1           1           1           1          -1          -1          -1
          1           1           1           1           1           1           1           1           1          -1          -1          -1
# HER year: 1977 
          1           1           1           1           1           1           1           1           1          -1          -1          -1
          1           1           1           1           1           1           1           1           1          -1          -1          -1
          1           1           1           1           1           1           1           1           1          -1          -1          -1
          1           1           1           1           1           1           1           1           1          -1          -1          -1
# HER year: 1978 
          1           1           1           1           1           1           1           1           1          -1          -1          -1
          1           1           1           1           1           1           1           1           1          -1          -1          -1
          1           1           1           1           1           1           1           1           1          -1          -1          -1
          1           1           1           1           1           1           1           1           1          -1          -1          -1
# HER year: 1979 
          1           1           1           1           1           1           1           1           1          -1          -1          -1
          1           1           1           1           1           1           1           1           1          -1          -1          -1
          1           1           1           1           1           1           1           1           1          -1          -1          -1
          1           1           1           1           1           1           1           1           1          -1          -1          -1
# HER year: 1980 
          1           1           1           1           1           1           1           1           1          -1          -1          -1
          1           1           1           1           1           1           1           1           1          -1          -1          -1
          1           1           1           1           1           1           1           1           1          -1          -1          -1
          1           1           1           1           1           1           1           1           1          -1          -1          -1
# HER year: 1981 
          1           1           1           1           1           1           1           1           1          -1          -1          -1
          1           1           1           1           1           1           1           1           1          -1          -1          -1
          1           1           1           1           1           1           1           1           1          -1          -1          -1
          1           1           1           1           1           1           1           1           1          -1          -1          -1
# HER year: 1982 
          1           1           1           1           1           1           1           1           1          -1          -1          -1
          1           1           1           1           1           1           1           1           1          -1          -1          -1
          1           1           1           1           1           1           1           1           1          -1          -1          -1
          1           1           1           1           1           1           1           1           1          -1          -1          -1
# HER year: 1983 
          1           1           1           1           1           1           1           1           1          -1          -1          -1
          1           1           1           1           1           1           1           1           1          -1          -1          -1
          1           1           1           1           1           1           1           1           1          -1          -1          -1
          1           1           1           1           1           1           1           1           1          -1          -1          -1
# HER year: 1984 
          1           1           1           1           1           1           1           1           1          -1          -1          -1
          1           1           1           1           1           1           1           1           1          -1          -1          -1
          1           1           1           1           1           1           1           1           1          -1          -1          -1
          1           1           1           1           1           1           1           1           1          -1          -1          -1
# HER year: 1985 
          1           1           1           1           1           1           1           1           1          -1          -1          -1
          1           1           1           1           1           1           1           1           1          -1          -1          -1
          1           1           1           1           1           1           1           1           1          -1          -1          -1
          1           1           1           1           1           1           1           1           1          -1          -1          -1
# HER year: 1986 
          1           1           1           1           1           1           1           1           1          -1          -1          -1
          1           1           1           1           1           1           1           1           1          -1          -1          -1
          1           1           1           1           1           1           1           1           1          -1          -1          -1
          1           1           1           1           1           1           1           1           1          -1          -1          -1
# HER year: 1987 
          1           1           1           1           1           1           1           1           1          -1          -1          -1
          1           1           1           1           1           1           1           1           1          -1          -1          -1
          1           1           1           1           1           1           1           1           1          -1          -1          -1
          1           1           1           1           1           1           1           1           1          -1          -1          -1
# HER year: 1988 
          1           1           1           1           1           1           1           1           1          -1          -1          -1
          1           1           1           1           1           1           1           1           1          -1          -1          -1
          1           1           1           1           1           1           1           1           1          -1          -1          -1
          1           1           1           1           1           1           1           1           1          -1          -1          -1
# HER year: 1989 
          1           1           1           1           1           1           1           1           1          -1          -1          -1
          1           1           1           1           1           1           1           1           1          -1          -1          -1
          1           1           1           1           1           1           1           1           1          -1          -1          -1
          1           1           1           1           1           1           1           1           1          -1          -1          -1
# HER year: 1990 
          1           1           1           1           1           1           1           1           1          -1          -1          -1
          1           1           1           1           1           1           1           1           1          -1          -1          -1
          1           1           1           1           1           1           1           1           1          -1          -1          -1
          1           1           1           1           1           1           1           1           1          -1          -1          -1
# HER year: 1991 
          1           1           1           1           1           1           1           1           1          -1          -1          -1
          1           1           1           1           1           1           1           1           1          -1          -1          -1
          1           1           1           1           1           1           1           1           1          -1          -1          -1
          1           1           1           1           1           1           1           1           1          -1          -1          -1
# HER year: 1992 
          1           1           1           1           1           1           1           1           1          -1          -1          -1
          1           1           1           1           1           1           1           1           1          -1          -1          -1
          1           1           1           1           1           1           1           1           1          -1          -1          -1
          1           1           1           1           1           1           1           1           1          -1          -1          -1
# HER year: 1993 
          1           1           1           1           1           1           1           1           1          -1          -1          -1
          1           1           1           1           1           1           1           1           1          -1          -1          -1
          1           1           1           1           1           1           1           1           1          -1          -1          -1
          1           1           1           1           1           1           1           1           1          -1          -1          -1
# HER year: 1994 
          1           1           1           1           1           1           1           1           1          -1          -1          -1
          1           1           1           1           1           1           1           1           1          -1          -1          -1
          1           1           1           1           1           1           1           1           1          -1          -1          -1
          1           1           1           1           1           1           1           1           1          -1          -1          -1
# HER year: 1995 
          1           1           1           1           1           1           1           1           1          -1          -1          -1
          1           1           1           1           1           1           1           1           1          -1          -1          -1
          1           1           1           1           1           1           1           1           1          -1          -1          -1
          1           1           1           1           1           1           1           1           1          -1          -1          -1
# HER year: 1996 
          1           1           1           1           1           1           1           1           1          -1          -1          -1
          1           1           1           1           1           1           1           1           1          -1          -1          -1
          1           1           1           1           1           1           1           1           1          -1          -1          -1
          1           1           1           1           1           1           1           1           1          -1          -1          -1
# HER year: 1997 
          1           1           1           1           1           1           1           1           1          -1          -1          -1
          1           1           1           1           1           1           1           1           1          -1          -1          -1
          1           1           1           1           1           1           1           1           1          -1          -1          -1
          1           1           1           1           1           1           1           1           1          -1          -1          -1
# HER year: 1998 
          1           1           1           1           1           1           1           1           1          -1          -1          -1
          1           1           1           1           1           1           1           1           1          -1          -1          -1
          1           1           1           1           1           1           1           1           1          -1          -1          -1
          1           1           1           1           1           1           1           1           1          -1          -1          -1
# HER year: 1999 
          1           1           1           1           1           1           1           1           1          -1          -1          -1
          1           1           1           1           1           1           1           1           1          -1          -1          -1
          1           1           1           1           1           1           1           1           1          -1          -1          -1
          1           1           1           1           1           1           1           1           1          -1          -1          -1
# HER year: 2000 
          1           1           1           1           1           1           1           1           1          -1          -1          -1
          1           1           1           1           1           1           1           1           1          -1          -1          -1
          1           1           1           1           1           1           1           1           1          -1          -1          -1
          1           1           1           1           1           1           1           1           1          -1          -1          -1
# HER year: 2001 
          1           1           1           1           1           1           1           1           1          -1          -1          -1
          1           1           1           1           1           1           1           1           1          -1          -1          -1
          1           1           1           1           1           1           1           1           1          -1          -1          -1
          1           1           1           1           1           1           1           1           1          -1          -1          -1
# HER year: 2002 
          1           1           1           1           1           1           1           1           1          -1          -1          -1
          1           1           1           1           1           1           1           1           1          -1          -1          -1
          1           1           1           1           1           1           1           1           1          -1          -1          -1
          1           1           1           1           1           1           1           1           1          -1          -1          -1
# HER year: 2003 
          1           1           1           1           1           1           1           1           1          -1          -1          -1
          1           1           1           1           1           1           1           1           1          -1          -1          -1
          1           1           1           1           1           1           1           1           1          -1          -1          -1
          1           1           1           1           1           1           1           1           1          -1          -1          -1
# HER year: 2004 
          1           1           1           1           1           1           1           1           1          -1          -1          -1
          1           1           1           1           1           1           1           1           1          -1          -1          -1
          1           1           1           1           1           1           1           1           1          -1          -1          -1
          1           1           1           1           1           1           1           1           1          -1          -1          -1
# HER year: 2005 
          1           1           1           1           1           1           1           1           1          -1          -1          -1
          1           1           1           1           1           1           1           1           1          -1          -1          -1
          1           1           1           1           1           1           1           1           1          -1          -1          -1
          1           1           1           1           1           1           1           1           1          -1          -1          -1
# HER year: 2006 
          1           1           1           1           1           1           1           1           1          -1          -1          -1
          1           1           1           1           1           1           1           1           1          -1          -1          -1
          1           1           1           1           1           1           1           1           1          -1          -1          -1
          1           1           1           1           1           1           1           1           1          -1          -1          -1
# HER year: 2007 
          1           1           1           1           1           1           1           1           1          -1          -1          -1
          1           1           1           1           1           1           1           1           1          -1          -1          -1
          1           1           1           1           1           1           1           1           1          -1          -1          -1
          1           1           1           1           1           1           1           1           1          -1          -1          -1
# HER year: 2008 
          1           1           1           1           1           1           1           1           1          -1          -1          -1
          1           1           1           1           1           1           1           1           1          -1          -1          -1
          1           1           1           1           1           1           1           1           1          -1          -1          -1
          1           1           1           1           1           1           1           1           1          -1          -1          -1
# HER year: 2009 
          1           1           1           1           1           1           1           1           1          -1          -1          -1
          1           1           1           1           1           1           1           1           1          -1          -1          -1
          1           1           1           1           1           1           1           1           1          -1          -1          -1
          1           1           1           1           1           1           1           1           1          -1          -1          -1
# HER year: 2010 
          1           1           1           1           1           1           1           1           1          -1          -1          -1
          1           1           1           1           1           1           1           1           1          -1          -1          -1
          1           1           1           1           1           1           1           1           1          -1          -1          -1
          1           1           1           1           1           1           1           1           1          -1          -1          -1
# HER year: 2011 
          1           1           1           1           1           1           1           1           1          -1          -1          -1
          1           1           1           1           1           1           1           1           1          -1          -1          -1
          1           1           1           1           1           1           1           1           1          -1          -1          -1
          1           1           1           1           1           1           1           1           1          -1          -1          -1
# HER year: 2012 
         -1           1           1           1           1           1           1           1           1          -1          -1          -1
         -1           1           1           1           1           1           1           1           1          -1          -1          -1
          1           1           1           1           1           1           1           1           1          -1          -1          -1
          1           1           1           1           1           1           1           1           1          -1          -1          -1
# HER year: 2013 
         -1           1           1           1           1           1           1           1           1          -1          -1          -1
         -1           1           1           1           1           1           1           1           1          -1          -1          -1
          1           1           1           1           1           1           1           1           1          -1          -1          -1
          1           1           1           1           1           1           1           1           1          -1          -1          -1
# HER year: 2014 
         -1           1           1           1           1           1           1           1           1          -1          -1          -1
         -1           1           1           1           1           1           1           1           1          -1          -1          -1
          1           1           1           1           1           1           1           1           1          -1          -1          -1
          1           1           1           1           1           1           1           1           1          -1          -1          -1
# HER year: 2015 
         -1           1           1           1           1           1           1           1           1          -1          -1          -1
         -1           1           1           1           1           1           1           1           1          -1          -1          -1
          1           1           1           1           1           1           1           1           1          -1          -1          -1
          1           1           1           1           1           1           1           1           1          -1          -1          -1
# HER year: 2016 
         -1           1           1           1           1           1           1           1           1          -1          -1          -1
         -1           1           1           1           1           1           1           1           1          -1          -1          -1
          1           1           1           1           1           1           1           1           1          -1          -1          -1
          1           1           1           1           1           1           1           1           1          -1          -1          -1
# HER year: 2017 
          1           1           1           1           1           1           1           1           1          -1          -1          -1
         -1           1           1           1           1           1           1           1           1          -1          -1          -1
          1           1           1           1           1           1           1           1           1          -1          -1          -1
          1           1           1           1           1           1           1           1           1          -1          -1          -1
# HER year: 2018 
         -1           1           1           1           1           1           1           1           1          -1          -1          -1
          1           1           1           1           1           1           1           1           1          -1          -1          -1
          1           1           1           1           1           1           1           1           1          -1          -1          -1
          1           1           1           1           1           1           1           1           1          -1          -1          -1
# SPR year: 1974 
          1           1           1           1           1           1           1           1          -1          -1          -1          -1
          1           1           1           1           1           1           1           1          -1          -1          -1          -1
          1           1           1           1           1           1           1           1          -1          -1          -1          -1
          1           1           1           1           1           1           1           1          -1          -1          -1          -1
# SPR year: 1975 
          1           1           1           1           1           1           1           1          -1          -1          -1          -1
          1           1           1           1           1           1           1           1          -1          -1          -1          -1
          1           1           1           1           1           1           1           1          -1          -1          -1          -1
          1           1           1           1           1           1           1           1          -1          -1          -1          -1
# SPR year: 1976 
          1           1           1           1           1           1           1           1          -1          -1          -1          -1
          1           1           1           1           1           1           1           1          -1          -1          -1          -1
          1           1           1           1           1           1           1           1          -1          -1          -1          -1
          1           1           1           1           1           1           1           1          -1          -1          -1          -1
# SPR year: 1977 
          1           1           1           1           1           1           1           1          -1          -1          -1          -1
          1           1           1           1           1           1           1           1          -1          -1          -1          -1
          1           1           1           1           1           1           1           1          -1          -1          -1          -1
          1           1           1           1           1           1           1           1          -1          -1          -1          -1
# SPR year: 1978 
          1           1           1           1           1           1           1           1          -1          -1          -1          -1
          1           1           1           1           1           1           1           1          -1          -1          -1          -1
          1           1           1           1           1           1           1           1          -1          -1          -1          -1
          1           1           1           1           1           1           1           1          -1          -1          -1          -1
# SPR year: 1979 
          1           1           1           1           1           1           1           1          -1          -1          -1          -1
          1           1           1           1           1           1           1           1          -1          -1          -1          -1
          1           1           1           1           1           1           1           1          -1          -1          -1          -1
          1           1           1           1           1           1           1           1          -1          -1          -1          -1
# SPR year: 1980 
          1           1           1           1           1           1           1           1          -1          -1          -1          -1
          1           1           1           1           1           1           1           1          -1          -1          -1          -1
          1           1           1           1           1           1           1           1          -1          -1          -1          -1
          1           1           1           1           1           1           1           1          -1          -1          -1          -1
# SPR year: 1981 
          1           1           1           1           1           1           1           1          -1          -1          -1          -1
          1           1           1           1           1           1           1           1          -1          -1          -1          -1
          1           1           1           1           1           1           1           1          -1          -1          -1          -1
          1           1           1           1           1           1           1           1          -1          -1          -1          -1
# SPR year: 1982 
          1           1           1           1           1           1           1           1          -1          -1          -1          -1
          1           1           1           1           1           1           1           1          -1          -1          -1          -1
          1           1           1           1           1           1           1           1          -1          -1          -1          -1
          1           1           1           1           1           1           1           1          -1          -1          -1          -1
# SPR year: 1983 
          1           1           1           1           1           1           1           1          -1          -1          -1          -1
          1           1           1           1           1           1           1           1          -1          -1          -1          -1
          1           1           1           1           1           1           1           1          -1          -1          -1          -1
          1           1           1           1           1           1           1           1          -1          -1          -1          -1
# SPR year: 1984 
          1           1           1           1           1           1           1           1          -1          -1          -1          -1
          1           1           1           1           1           1           1           1          -1          -1          -1          -1
          1           1           1           1           1           1           1           1          -1          -1          -1          -1
          1           1           1           1           1           1           1           1          -1          -1          -1          -1
# SPR year: 1985 
          1           1           1           1           1           1           1           1          -1          -1          -1          -1
          1           1           1           1           1           1           1           1          -1          -1          -1          -1
          1           1           1           1           1           1           1           1          -1          -1          -1          -1
          1           1           1           1           1           1           1           1          -1          -1          -1          -1
# SPR year: 1986 
          1           1           1           1           1           1           1           1          -1          -1          -1          -1
          1           1           1           1           1           1           1           1          -1          -1          -1          -1
          1           1           1           1           1           1           1           1          -1          -1          -1          -1
          1           1           1           1           1           1           1           1          -1          -1          -1          -1
# SPR year: 1987 
          1           1           1           1           1           1           1           1          -1          -1          -1          -1
          1           1           1           1           1           1           1           1          -1          -1          -1          -1
          1           1           1           1           1           1           1           1          -1          -1          -1          -1
          1           1           1           1           1           1           1           1          -1          -1          -1          -1
# SPR year: 1988 
          1           1           1           1           1           1           1           1          -1          -1          -1          -1
          1           1           1           1           1           1           1           1          -1          -1          -1          -1
          1           1           1           1           1           1           1           1          -1          -1          -1          -1
          1           1           1           1           1           1           1           1          -1          -1          -1          -1
# SPR year: 1989 
          1           1           1           1           1           1           1           1          -1          -1          -1          -1
          1           1           1           1           1           1           1           1          -1          -1          -1          -1
          1           1           1           1           1           1           1           1          -1          -1          -1          -1
          1           1           1           1           1           1           1           1          -1          -1          -1          -1
# SPR year: 1990 
          1           1           1           1           1           1           1           1          -1          -1          -1          -1
          1           1           1           1           1           1           1           1          -1          -1          -1          -1
          1           1           1           1           1           1           1           1          -1          -1          -1          -1
          1           1           1           1           1           1           1           1          -1          -1          -1          -1
# SPR year: 1991 
          1           1           1           1           1           1           1           1          -1          -1          -1          -1
          1           1           1           1           1           1           1           1          -1          -1          -1          -1
          1           1           1           1           1           1           1           1          -1          -1          -1          -1
          1           1           1           1           1           1           1           1          -1          -1          -1          -1
# SPR year: 1992 
          1           1           1           1           1           1           1           1          -1          -1          -1          -1
          1           1           1           1           1           1           1           1          -1          -1          -1          -1
          1           1           1           1           1           1           1           1          -1          -1          -1          -1
          1           1           1           1           1           1           1           1          -1          -1          -1          -1
# SPR year: 1993 
          1           1           1           1           1           1           1           1          -1          -1          -1          -1
          1           1           1           1           1           1           1           1          -1          -1          -1          -1
          1           1           1           1           1           1           1           1          -1          -1          -1          -1
          1           1           1           1           1           1           1           1          -1          -1          -1          -1
# SPR year: 1994 
          1           1           1           1           1           1           1           1          -1          -1          -1          -1
          1           1           1           1           1           1           1           1          -1          -1          -1          -1
          1           1           1           1           1           1           1           1          -1          -1          -1          -1
          1           1           1           1           1           1           1           1          -1          -1          -1          -1
# SPR year: 1995 
          1           1           1           1           1           1           1           1          -1          -1          -1          -1
          1           1           1           1           1           1           1           1          -1          -1          -1          -1
          1           1           1           1           1           1           1           1          -1          -1          -1          -1
          1           1           1           1           1           1           1           1          -1          -1          -1          -1
# SPR year: 1996 
          1           1           1           1           1           1           1           1          -1          -1          -1          -1
          1           1           1           1           1           1           1           1          -1          -1          -1          -1
          1           1           1           1           1           1           1           1          -1          -1          -1          -1
          1           1           1           1           1           1           1           1          -1          -1          -1          -1
# SPR year: 1997 
          1           1           1           1           1           1           1           1          -1          -1          -1          -1
          1           1           1           1           1           1           1           1          -1          -1          -1          -1
          1           1           1           1           1           1           1           1          -1          -1          -1          -1
          1           1           1           1           1           1           1           1          -1          -1          -1          -1
# SPR year: 1998 
          1           1           1           1           1           1           1           1          -1          -1          -1          -1
          1           1           1           1           1           1           1           1          -1          -1          -1          -1
          1           1           1           1           1           1           1           1          -1          -1          -1          -1
          1           1           1           1           1           1           1           1          -1          -1          -1          -1
# SPR year: 1999 
          1           1           1           1           1           1           1           1          -1          -1          -1          -1
          1           1           1           1           1           1           1           1          -1          -1          -1          -1
          1           1           1           1           1           1           1           1          -1          -1          -1          -1
          1           1           1           1           1           1           1           1          -1          -1          -1          -1
# SPR year: 2000 
          1           1           1           1           1           1           1           1          -1          -1          -1          -1
          1           1           1           1           1           1           1           1          -1          -1          -1          -1
          1           1           1           1           1           1           1           1          -1          -1          -1          -1
          1           1           1           1           1           1           1           1          -1          -1          -1          -1
# SPR year: 2001 
          1           1           1           1           1           1           1           1          -1          -1          -1          -1
          1           1           1           1           1           1           1           1          -1          -1          -1          -1
          1           1           1           1           1           1           1           1          -1          -1          -1          -1
          1           1           1           1           1           1           1           1          -1          -1          -1          -1
# SPR year: 2002 
          1           1           1           1           1           1           1           1          -1          -1          -1          -1
          1           1           1           1           1           1           1           1          -1          -1          -1          -1
          1           1           1           1           1           1           1           1          -1          -1          -1          -1
          1           1           1           1           1           1           1           1          -1          -1          -1          -1
# SPR year: 2003 
          1           1           1           1           1           1           1           1          -1          -1          -1          -1
          1           1           1           1           1           1           1           1          -1          -1          -1          -1
          1           1           1           1           1           1           1           1          -1          -1          -1          -1
          1           1           1           1           1           1           1           1          -1          -1          -1          -1
# SPR year: 2004 
          1           1           1           1           1           1           1           1          -1          -1          -1          -1
          1           1           1           1           1           1           1           1          -1          -1          -1          -1
          1           1           1           1           1           1           1           1          -1          -1          -1          -1
          1           1           1           1           1           1           1           1          -1          -1          -1          -1
# SPR year: 2005 
          1           1           1           1           1           1           1           1          -1          -1          -1          -1
          1           1           1           1           1           1           1           1          -1          -1          -1          -1
          1           1           1           1           1           1           1           1          -1          -1          -1          -1
          1           1           1           1           1           1           1           1          -1          -1          -1          -1
# SPR year: 2006 
          1           1           1           1           1           1           1           1          -1          -1          -1          -1
          1           1           1           1           1           1           1           1          -1          -1          -1          -1
          1           1           1           1           1           1           1           1          -1          -1          -1          -1
          1           1           1           1           1           1           1           1          -1          -1          -1          -1
# SPR year: 2007 
          1           1           1           1           1           1           1           1          -1          -1          -1          -1
          1           1           1           1           1           1           1           1          -1          -1          -1          -1
          1           1           1           1           1           1           1           1          -1          -1          -1          -1
          1           1           1           1           1           1           1           1          -1          -1          -1          -1
# SPR year: 2008 
          1           1           1           1           1           1           1           1          -1          -1          -1          -1
          1           1           1           1           1           1           1           1          -1          -1          -1          -1
          1           1           1           1           1           1           1           1          -1          -1          -1          -1
          1           1           1           1           1           1           1           1          -1          -1          -1          -1
# SPR year: 2009 
          1           1           1           1           1           1           1           1          -1          -1          -1          -1
          1           1           1           1           1           1           1           1          -1          -1          -1          -1
          1           1           1           1           1           1           1           1          -1          -1          -1          -1
          1           1           1           1           1           1           1           1          -1          -1          -1          -1
# SPR year: 2010 
          1           1           1           1           1           1           1           1          -1          -1          -1          -1
          1           1           1           1           1           1           1           1          -1          -1          -1          -1
          1           1           1           1           1           1           1           1          -1          -1          -1          -1
          1           1           1           1           1           1           1           1          -1          -1          -1          -1
# SPR year: 2011 
          1           1           1           1           1           1           1           1          -1          -1          -1          -1
          1           1           1           1           1           1           1           1          -1          -1          -1          -1
          1           1           1           1           1           1           1           1          -1          -1          -1          -1
          1           1           1           1           1           1           1           1          -1          -1          -1          -1
# SPR year: 2012 
         -1           1           1           1           1           1           1           1          -1          -1          -1          -1
         -1           1           1           1           1           1           1           1          -1          -1          -1          -1
          1           1           1           1           1           1           1           1          -1          -1          -1          -1
          1           1           1           1           1           1           1           1          -1          -1          -1          -1
# SPR year: 2013 
          1           1           1           1           1           1           1           1          -1          -1          -1          -1
          1           1           1           1           1           1           1           1          -1          -1          -1          -1
          1           1           1           1           1           1           1           1          -1          -1          -1          -1
          1           1           1           1           1           1           1           1          -1          -1          -1          -1
# SPR year: 2014 
         -1           1           1           1           1           1           1           1          -1          -1          -1          -1
         -1           1           1           1           1           1           1           1          -1          -1          -1          -1
          1           1           1           1           1           1           1           1          -1          -1          -1          -1
          1           1           1           1           1           1           1           1          -1          -1          -1          -1
# SPR year: 2015 
         -1           1           1           1           1           1           1           1          -1          -1          -1          -1
         -1           1           1           1           1           1           1           1          -1          -1          -1          -1
          1           1           1           1           1           1           1           1          -1          -1          -1          -1
          1           1           1           1           1           1           1           1          -1          -1          -1          -1
# SPR year: 2016 
          1           1           1           1           1           1           1           1          -1          -1          -1          -1
         -1           1           1           1           1           1           1           1          -1          -1          -1          -1
          1           1           1           1           1           1           1           1          -1          -1          -1          -1
          1           1           1           1           1           1           1           1          -1          -1          -1          -1
# SPR year: 2017 
          1           1           1           1           1           1           1           1          -1          -1          -1          -1
         -1           1           1           1           1           1           1           1          -1          -1          -1          -1
          1           1           1           1           1           1           1           1          -1          -1          -1          -1
          1           1           1           1           1           1           1           1          -1          -1          -1          -1
# SPR year: 2018 
         -1           1           1           1           1           1           1           1          -1          -1          -1          -1
         -1           1           1           1           1           1           1           1          -1          -1          -1          -1
          1           1           1           1           1           1           1           1          -1          -1          -1          -1
          1           1           1           1           1           1           1           1          -1          -1          -1          -1
-999 # Checksum