# HER year: 1974 
      0.025       0.025       0.025       0.025       0.025       0.025       0.025       0.025       0.025      -1.000      -1.000      -1.000
      0.025       0.025       0.025       0.025       0.025       0.025       0.025       0.025       0.025      -1.000      -1.000      -1.000
      0.025       0.025       0.025       0.025       0.025       0.025       0.025       0.025       0.025      -1.000      -1.000      -1.000
      0.025       0.025       0.025       0.025       0.025       0.025       0.025       0.025       0.025      -1.000      -1.000      -1.000
# HER year: 1975 
      0.025       0.025       0.025       0.025       0.025       0.025       0.025       0.025       0.025      -1.000      -1.000      -1.000
      0.025       0.025       0.025       0.025       0.025       0.025       0.025       0.025       0.025      -1.000      -1.000      -1.000
      0.025       0.025       0.025       0.025       0.025       0.025       0.025       0.025       0.025      -1.000      -1.000      -1.000
      0.025       0.025       0.025       0.025       0.025       0.025       0.025       0.025       0.025      -1.000      -1.000      -1.000
# HER year: 1976 
      0.025       0.025       0.025       0.025       0.025       0.025       0.025       0.025       0.025      -1.000      -1.000      -1.000
      0.025       0.025       0.025       0.025       0.025       0.025       0.025       0.025       0.025      -1.000      -1.000      -1.000
      0.025       0.025       0.025       0.025       0.025       0.025       0.025       0.025       0.025      -1.000      -1.000      -1.000
      0.025       0.025       0.025       0.025       0.025       0.025       0.025       0.025       0.025      -1.000      -1.000      -1.000
# HER year: 1977 
      0.025       0.025       0.025       0.025       0.025       0.025       0.025       0.025       0.025      -1.000      -1.000      -1.000
      0.025       0.025       0.025       0.025       0.025       0.025       0.025       0.025       0.025      -1.000      -1.000      -1.000
      0.025       0.025       0.025       0.025       0.025       0.025       0.025       0.025       0.025      -1.000      -1.000      -1.000
      0.025       0.025       0.025       0.025       0.025       0.025       0.025       0.025       0.025      -1.000      -1.000      -1.000
# HER year: 1978 
      0.025       0.025       0.025       0.025       0.025       0.025       0.025       0.025       0.025      -1.000      -1.000      -1.000
      0.025       0.025       0.025       0.025       0.025       0.025       0.025       0.025       0.025      -1.000      -1.000      -1.000
      0.025       0.025       0.025       0.025       0.025       0.025       0.025       0.025       0.025      -1.000      -1.000      -1.000
      0.025       0.025       0.025       0.025       0.025       0.025       0.025       0.025       0.025      -1.000      -1.000      -1.000
# HER year: 1979 
      0.025       0.025       0.025       0.025       0.025       0.025       0.025       0.025       0.025      -1.000      -1.000      -1.000
      0.025       0.025       0.025       0.025       0.025       0.025       0.025       0.025       0.025      -1.000      -1.000      -1.000
      0.025       0.025       0.025       0.025       0.025       0.025       0.025       0.025       0.025      -1.000      -1.000      -1.000
      0.025       0.025       0.025       0.025       0.025       0.025       0.025       0.025       0.025      -1.000      -1.000      -1.000
# HER year: 1980 
      0.025       0.025       0.025       0.025       0.025       0.025       0.025       0.025       0.025      -1.000      -1.000      -1.000
      0.025       0.025       0.025       0.025       0.025       0.025       0.025       0.025       0.025      -1.000      -1.000      -1.000
      0.025       0.025       0.025       0.025       0.025       0.025       0.025       0.025       0.025      -1.000      -1.000      -1.000
      0.025       0.025       0.025       0.025       0.025       0.025       0.025       0.025       0.025      -1.000      -1.000      -1.000
# HER year: 1981 
      0.025       0.025       0.025       0.025       0.025       0.025       0.025       0.025       0.025      -1.000      -1.000      -1.000
      0.025       0.025       0.025       0.025       0.025       0.025       0.025       0.025       0.025      -1.000      -1.000      -1.000
      0.025       0.025       0.025       0.025       0.025       0.025       0.025       0.025       0.025      -1.000      -1.000      -1.000
      0.025       0.025       0.025       0.025       0.025       0.025       0.025       0.025       0.025      -1.000      -1.000      -1.000
# HER year: 1982 
      0.025       0.025       0.025       0.025       0.025       0.025       0.025       0.025       0.025      -1.000      -1.000      -1.000
      0.025       0.025       0.025       0.025       0.025       0.025       0.025       0.025       0.025      -1.000      -1.000      -1.000
      0.025       0.025       0.025       0.025       0.025       0.025       0.025       0.025       0.025      -1.000      -1.000      -1.000
      0.025       0.025       0.025       0.025       0.025       0.025       0.025       0.025       0.025      -1.000      -1.000      -1.000
# HER year: 1983 
      0.025       0.025       0.025       0.025       0.025       0.025       0.025       0.025       0.025      -1.000      -1.000      -1.000
      0.025       0.025       0.025       0.025       0.025       0.025       0.025       0.025       0.025      -1.000      -1.000      -1.000
      0.025       0.025       0.025       0.025       0.025       0.025       0.025       0.025       0.025      -1.000      -1.000      -1.000
      0.025       0.025       0.025       0.025       0.025       0.025       0.025       0.025       0.025      -1.000      -1.000      -1.000
# HER year: 1984 
      0.025       0.025       0.025       0.025       0.025       0.025       0.025       0.025       0.025      -1.000      -1.000      -1.000
      0.025       0.025       0.025       0.025       0.025       0.025       0.025       0.025       0.025      -1.000      -1.000      -1.000
      0.025       0.025       0.025       0.025       0.025       0.025       0.025       0.025       0.025      -1.000      -1.000      -1.000
      0.025       0.025       0.025       0.025       0.025       0.025       0.025       0.025       0.025      -1.000      -1.000      -1.000
# HER year: 1985 
      0.025       0.025       0.025       0.025       0.025       0.025       0.025       0.025       0.025      -1.000      -1.000      -1.000
      0.025       0.025       0.025       0.025       0.025       0.025       0.025       0.025       0.025      -1.000      -1.000      -1.000
      0.025       0.025       0.025       0.025       0.025       0.025       0.025       0.025       0.025      -1.000      -1.000      -1.000
      0.025       0.025       0.025       0.025       0.025       0.025       0.025       0.025       0.025      -1.000      -1.000      -1.000
# HER year: 1986 
      0.025       0.025       0.025       0.025       0.025       0.025       0.025       0.025       0.025      -1.000      -1.000      -1.000
      0.025       0.025       0.025       0.025       0.025       0.025       0.025       0.025       0.025      -1.000      -1.000      -1.000
      0.025       0.025       0.025       0.025       0.025       0.025       0.025       0.025       0.025      -1.000      -1.000      -1.000
      0.025       0.025       0.025       0.025       0.025       0.025       0.025       0.025       0.025      -1.000      -1.000      -1.000
# HER year: 1987 
      0.025       0.025       0.025       0.025       0.025       0.025       0.025       0.025       0.025      -1.000      -1.000      -1.000
      0.025       0.025       0.025       0.025       0.025       0.025       0.025       0.025       0.025      -1.000      -1.000      -1.000
      0.025       0.025       0.025       0.025       0.025       0.025       0.025       0.025       0.025      -1.000      -1.000      -1.000
      0.025       0.025       0.025       0.025       0.025       0.025       0.025       0.025       0.025      -1.000      -1.000      -1.000
# HER year: 1988 
      0.025       0.025       0.025       0.025       0.025       0.025       0.025       0.025       0.025      -1.000      -1.000      -1.000
      0.025       0.025       0.025       0.025       0.025       0.025       0.025       0.025       0.025      -1.000      -1.000      -1.000
      0.025       0.025       0.025       0.025       0.025       0.025       0.025       0.025       0.025      -1.000      -1.000      -1.000
      0.025       0.025       0.025       0.025       0.025       0.025       0.025       0.025       0.025      -1.000      -1.000      -1.000
# HER year: 1989 
      0.025       0.025       0.025       0.025       0.025       0.025       0.025       0.025       0.025      -1.000      -1.000      -1.000
      0.025       0.025       0.025       0.025       0.025       0.025       0.025       0.025       0.025      -1.000      -1.000      -1.000
      0.025       0.025       0.025       0.025       0.025       0.025       0.025       0.025       0.025      -1.000      -1.000      -1.000
      0.025       0.025       0.025       0.025       0.025       0.025       0.025       0.025       0.025      -1.000      -1.000      -1.000
# HER year: 1990 
      0.025       0.025       0.025       0.025       0.025       0.025       0.025       0.025       0.025      -1.000      -1.000      -1.000
      0.025       0.025       0.025       0.025       0.025       0.025       0.025       0.025       0.025      -1.000      -1.000      -1.000
      0.025       0.025       0.025       0.025       0.025       0.025       0.025       0.025       0.025      -1.000      -1.000      -1.000
      0.025       0.025       0.025       0.025       0.025       0.025       0.025       0.025       0.025      -1.000      -1.000      -1.000
# HER year: 1991 
      0.025       0.025       0.025       0.025       0.025       0.025       0.025       0.025       0.025      -1.000      -1.000      -1.000
      0.025       0.025       0.025       0.025       0.025       0.025       0.025       0.025       0.025      -1.000      -1.000      -1.000
      0.025       0.025       0.025       0.025       0.025       0.025       0.025       0.025       0.025      -1.000      -1.000      -1.000
      0.025       0.025       0.025       0.025       0.025       0.025       0.025       0.025       0.025      -1.000      -1.000      -1.000
# HER year: 1992 
      0.025       0.025       0.025       0.025       0.025       0.025       0.025       0.025       0.025      -1.000      -1.000      -1.000
      0.025       0.025       0.025       0.025       0.025       0.025       0.025       0.025       0.025      -1.000      -1.000      -1.000
      0.025       0.025       0.025       0.025       0.025       0.025       0.025       0.025       0.025      -1.000      -1.000      -1.000
      0.025       0.025       0.025       0.025       0.025       0.025       0.025       0.025       0.025      -1.000      -1.000      -1.000
# HER year: 1993 
      0.025       0.025       0.025       0.025       0.025       0.025       0.025       0.025       0.025      -1.000      -1.000      -1.000
      0.025       0.025       0.025       0.025       0.025       0.025       0.025       0.025       0.025      -1.000      -1.000      -1.000
      0.025       0.025       0.025       0.025       0.025       0.025       0.025       0.025       0.025      -1.000      -1.000      -1.000
      0.025       0.025       0.025       0.025       0.025       0.025       0.025       0.025       0.025      -1.000      -1.000      -1.000
# HER year: 1994 
      0.025       0.025       0.025       0.025       0.025       0.025       0.025       0.025       0.025      -1.000      -1.000      -1.000
      0.025       0.025       0.025       0.025       0.025       0.025       0.025       0.025       0.025      -1.000      -1.000      -1.000
      0.025       0.025       0.025       0.025       0.025       0.025       0.025       0.025       0.025      -1.000      -1.000      -1.000
      0.025       0.025       0.025       0.025       0.025       0.025       0.025       0.025       0.025      -1.000      -1.000      -1.000
# HER year: 1995 
      0.025       0.025       0.025       0.025       0.025       0.025       0.025       0.025       0.025      -1.000      -1.000      -1.000
      0.025       0.025       0.025       0.025       0.025       0.025       0.025       0.025       0.025      -1.000      -1.000      -1.000
      0.025       0.025       0.025       0.025       0.025       0.025       0.025       0.025       0.025      -1.000      -1.000      -1.000
      0.025       0.025       0.025       0.025       0.025       0.025       0.025       0.025       0.025      -1.000      -1.000      -1.000
# HER year: 1996 
      0.025       0.025       0.025       0.025       0.025       0.025       0.025       0.025       0.025      -1.000      -1.000      -1.000
      0.025       0.025       0.025       0.025       0.025       0.025       0.025       0.025       0.025      -1.000      -1.000      -1.000
      0.025       0.025       0.025       0.025       0.025       0.025       0.025       0.025       0.025      -1.000      -1.000      -1.000
      0.025       0.025       0.025       0.025       0.025       0.025       0.025       0.025       0.025      -1.000      -1.000      -1.000
# HER year: 1997 
      0.025       0.025       0.025       0.025       0.025       0.025       0.025       0.025       0.025      -1.000      -1.000      -1.000
      0.025       0.025       0.025       0.025       0.025       0.025       0.025       0.025       0.025      -1.000      -1.000      -1.000
      0.025       0.025       0.025       0.025       0.025       0.025       0.025       0.025       0.025      -1.000      -1.000      -1.000
      0.025       0.025       0.025       0.025       0.025       0.025       0.025       0.025       0.025      -1.000      -1.000      -1.000
# HER year: 1998 
      0.025       0.025       0.025       0.025       0.025       0.025       0.025       0.025       0.025      -1.000      -1.000      -1.000
      0.025       0.025       0.025       0.025       0.025       0.025       0.025       0.025       0.025      -1.000      -1.000      -1.000
      0.025       0.025       0.025       0.025       0.025       0.025       0.025       0.025       0.025      -1.000      -1.000      -1.000
      0.025       0.025       0.025       0.025       0.025       0.025       0.025       0.025       0.025      -1.000      -1.000      -1.000
# HER year: 1999 
      0.025       0.025       0.025       0.025       0.025       0.025       0.025       0.025       0.025      -1.000      -1.000      -1.000
      0.025       0.025       0.025       0.025       0.025       0.025       0.025       0.025       0.025      -1.000      -1.000      -1.000
      0.025       0.025       0.025       0.025       0.025       0.025       0.025       0.025       0.025      -1.000      -1.000      -1.000
      0.025       0.025       0.025       0.025       0.025       0.025       0.025       0.025       0.025      -1.000      -1.000      -1.000
# HER year: 2000 
      0.025       0.025       0.025       0.025       0.025       0.025       0.025       0.025       0.025      -1.000      -1.000      -1.000
      0.025       0.025       0.025       0.025       0.025       0.025       0.025       0.025       0.025      -1.000      -1.000      -1.000
      0.025       0.025       0.025       0.025       0.025       0.025       0.025       0.025       0.025      -1.000      -1.000      -1.000
      0.025       0.025       0.025       0.025       0.025       0.025       0.025       0.025       0.025      -1.000      -1.000      -1.000
# HER year: 2001 
      0.025       0.025       0.025       0.025       0.025       0.025       0.025       0.025       0.025      -1.000      -1.000      -1.000
      0.025       0.025       0.025       0.025       0.025       0.025       0.025       0.025       0.025      -1.000      -1.000      -1.000
      0.025       0.025       0.025       0.025       0.025       0.025       0.025       0.025       0.025      -1.000      -1.000      -1.000
      0.025       0.025       0.025       0.025       0.025       0.025       0.025       0.025       0.025      -1.000      -1.000      -1.000
# HER year: 2002 
      0.025       0.025       0.025       0.025       0.025       0.025       0.025       0.025       0.025      -1.000      -1.000      -1.000
      0.025       0.025       0.025       0.025       0.025       0.025       0.025       0.025       0.025      -1.000      -1.000      -1.000
      0.025       0.025       0.025       0.025       0.025       0.025       0.025       0.025       0.025      -1.000      -1.000      -1.000
      0.025       0.025       0.025       0.025       0.025       0.025       0.025       0.025       0.025      -1.000      -1.000      -1.000
# HER year: 2003 
      0.025       0.025       0.025       0.025       0.025       0.025       0.025       0.025       0.025      -1.000      -1.000      -1.000
      0.025       0.025       0.025       0.025       0.025       0.025       0.025       0.025       0.025      -1.000      -1.000      -1.000
      0.025       0.025       0.025       0.025       0.025       0.025       0.025       0.025       0.025      -1.000      -1.000      -1.000
      0.025       0.025       0.025       0.025       0.025       0.025       0.025       0.025       0.025      -1.000      -1.000      -1.000
# HER year: 2004 
      0.025       0.025       0.025       0.025       0.025       0.025       0.025       0.025       0.025      -1.000      -1.000      -1.000
      0.025       0.025       0.025       0.025       0.025       0.025       0.025       0.025       0.025      -1.000      -1.000      -1.000
      0.025       0.025       0.025       0.025       0.025       0.025       0.025       0.025       0.025      -1.000      -1.000      -1.000
      0.025       0.025       0.025       0.025       0.025       0.025       0.025       0.025       0.025      -1.000      -1.000      -1.000
# HER year: 2005 
      0.025       0.025       0.025       0.025       0.025       0.025       0.025       0.025       0.025      -1.000      -1.000      -1.000
      0.025       0.025       0.025       0.025       0.025       0.025       0.025       0.025       0.025      -1.000      -1.000      -1.000
      0.025       0.025       0.025       0.025       0.025       0.025       0.025       0.025       0.025      -1.000      -1.000      -1.000
      0.025       0.025       0.025       0.025       0.025       0.025       0.025       0.025       0.025      -1.000      -1.000      -1.000
# HER year: 2006 
      0.025       0.025       0.025       0.025       0.025       0.025       0.025       0.025       0.025      -1.000      -1.000      -1.000
      0.025       0.025       0.025       0.025       0.025       0.025       0.025       0.025       0.025      -1.000      -1.000      -1.000
      0.025       0.025       0.025       0.025       0.025       0.025       0.025       0.025       0.025      -1.000      -1.000      -1.000
      0.025       0.025       0.025       0.025       0.025       0.025       0.025       0.025       0.025      -1.000      -1.000      -1.000
# HER year: 2007 
      0.025       0.025       0.025       0.025       0.025       0.025       0.025       0.025       0.025      -1.000      -1.000      -1.000
      0.025       0.025       0.025       0.025       0.025       0.025       0.025       0.025       0.025      -1.000      -1.000      -1.000
      0.025       0.025       0.025       0.025       0.025       0.025       0.025       0.025       0.025      -1.000      -1.000      -1.000
      0.025       0.025       0.025       0.025       0.025       0.025       0.025       0.025       0.025      -1.000      -1.000      -1.000
# HER year: 2008 
      0.025       0.025       0.025       0.025       0.025       0.025       0.025       0.025       0.025      -1.000      -1.000      -1.000
      0.025       0.025       0.025       0.025       0.025       0.025       0.025       0.025       0.025      -1.000      -1.000      -1.000
      0.025       0.025       0.025       0.025       0.025       0.025       0.025       0.025       0.025      -1.000      -1.000      -1.000
      0.025       0.025       0.025       0.025       0.025       0.025       0.025       0.025       0.025      -1.000      -1.000      -1.000
# HER year: 2009 
      0.025       0.025       0.025       0.025       0.025       0.025       0.025       0.025       0.025      -1.000      -1.000      -1.000
      0.025       0.025       0.025       0.025       0.025       0.025       0.025       0.025       0.025      -1.000      -1.000      -1.000
      0.025       0.025       0.025       0.025       0.025       0.025       0.025       0.025       0.025      -1.000      -1.000      -1.000
      0.025       0.025       0.025       0.025       0.025       0.025       0.025       0.025       0.025      -1.000      -1.000      -1.000
# HER year: 2010 
      0.025       0.025       0.025       0.025       0.025       0.025       0.025       0.025       0.025      -1.000      -1.000      -1.000
      0.025       0.025       0.025       0.025       0.025       0.025       0.025       0.025       0.025      -1.000      -1.000      -1.000
      0.025       0.025       0.025       0.025       0.025       0.025       0.025       0.025       0.025      -1.000      -1.000      -1.000
      0.025       0.025       0.025       0.025       0.025       0.025       0.025       0.025       0.025      -1.000      -1.000      -1.000
# HER year: 2011 
      0.025       0.025       0.025       0.025       0.025       0.025       0.025       0.025       0.025      -1.000      -1.000      -1.000
      0.025       0.025       0.025       0.025       0.025       0.025       0.025       0.025       0.025      -1.000      -1.000      -1.000
      0.025       0.025       0.025       0.025       0.025       0.025       0.025       0.025       0.025      -1.000      -1.000      -1.000
      0.025       0.025       0.025       0.025       0.025       0.025       0.025       0.025       0.025      -1.000      -1.000      -1.000
# HER year: 2012 
     -1.000       0.025       0.025       0.025       0.025       0.025       0.025       0.025       0.025      -1.000      -1.000      -1.000
     -1.000       0.025       0.025       0.025       0.025       0.025       0.025       0.025       0.025      -1.000      -1.000      -1.000
      0.025       0.025       0.025       0.025       0.025       0.025       0.025       0.025       0.025      -1.000      -1.000      -1.000
      0.025       0.025       0.025       0.025       0.025       0.025       0.025       0.025       0.025      -1.000      -1.000      -1.000
# HER year: 2013 
     -1.000       0.025       0.025       0.025       0.025       0.025       0.025       0.025       0.025      -1.000      -1.000      -1.000
     -1.000       0.025       0.025       0.025       0.025       0.025       0.025       0.025       0.025      -1.000      -1.000      -1.000
      0.025       0.025       0.025       0.025       0.025       0.025       0.025       0.025       0.025      -1.000      -1.000      -1.000
      0.025       0.025       0.025       0.025       0.025       0.025       0.025       0.025       0.025      -1.000      -1.000      -1.000
# HER year: 2014 
     -1.000       0.025       0.025       0.025       0.025       0.025       0.025       0.025       0.025      -1.000      -1.000      -1.000
     -1.000       0.025       0.025       0.025       0.025       0.025       0.025       0.025       0.025      -1.000      -1.000      -1.000
      0.025       0.025       0.025       0.025       0.025       0.025       0.025       0.025       0.025      -1.000      -1.000      -1.000
      0.025       0.025       0.025       0.025       0.025       0.025       0.025       0.025       0.025      -1.000      -1.000      -1.000
# HER year: 2015 
     -1.000       0.025       0.025       0.025       0.025       0.025       0.025       0.025       0.025      -1.000      -1.000      -1.000
     -1.000       0.025       0.025       0.025       0.025       0.025       0.025       0.025       0.025      -1.000      -1.000      -1.000
      0.025       0.025       0.025       0.025       0.025       0.025       0.025       0.025       0.025      -1.000      -1.000      -1.000
      0.025       0.025       0.025       0.025       0.025       0.025       0.025       0.025       0.025      -1.000      -1.000      -1.000
# HER year: 2016 
     -1.000       0.025       0.025       0.025       0.025       0.025       0.025       0.025       0.025      -1.000      -1.000      -1.000
     -1.000       0.025       0.025       0.025       0.025       0.025       0.025       0.025       0.025      -1.000      -1.000      -1.000
      0.025       0.025       0.025       0.025       0.025       0.025       0.025       0.025       0.025      -1.000      -1.000      -1.000
      0.025       0.025       0.025       0.025       0.025       0.025       0.025       0.025       0.025      -1.000      -1.000      -1.000
# HER year: 2017 
      0.025       0.025       0.025       0.025       0.025       0.025       0.025       0.025       0.025      -1.000      -1.000      -1.000
     -1.000       0.025       0.025       0.025       0.025       0.025       0.025       0.025       0.025      -1.000      -1.000      -1.000
      0.025       0.025       0.025       0.025       0.025       0.025       0.025       0.025       0.025      -1.000      -1.000      -1.000
      0.025       0.025       0.025       0.025       0.025       0.025       0.025       0.025       0.025      -1.000      -1.000      -1.000
# HER year: 2018 
     -1.000       0.025       0.025       0.025       0.025       0.025       0.025       0.025       0.025      -1.000      -1.000      -1.000
      0.025       0.025       0.025       0.025       0.025       0.025       0.025       0.025       0.025      -1.000      -1.000      -1.000
      0.025       0.025       0.025       0.025       0.025       0.025       0.025       0.025       0.025      -1.000      -1.000      -1.000
      0.025       0.025       0.025       0.025       0.025       0.025       0.025       0.025       0.025      -1.000      -1.000      -1.000
# SPR year: 1974 
       0.05        0.05        0.05        0.05        0.05        0.05        0.05        0.05       -1.00       -1.00       -1.00       -1.00
       0.05        0.05        0.05        0.05        0.05        0.05        0.05        0.05       -1.00       -1.00       -1.00       -1.00
       0.05        0.05        0.05        0.05        0.05        0.05        0.05        0.05       -1.00       -1.00       -1.00       -1.00
       0.05        0.05        0.05        0.05        0.05        0.05        0.05        0.05       -1.00       -1.00       -1.00       -1.00
# SPR year: 1975 
       0.05        0.05        0.05        0.05        0.05        0.05        0.05        0.05       -1.00       -1.00       -1.00       -1.00
       0.05        0.05        0.05        0.05        0.05        0.05        0.05        0.05       -1.00       -1.00       -1.00       -1.00
       0.05        0.05        0.05        0.05        0.05        0.05        0.05        0.05       -1.00       -1.00       -1.00       -1.00
       0.05        0.05        0.05        0.05        0.05        0.05        0.05        0.05       -1.00       -1.00       -1.00       -1.00
# SPR year: 1976 
       0.05        0.05        0.05        0.05        0.05        0.05        0.05        0.05       -1.00       -1.00       -1.00       -1.00
       0.05        0.05        0.05        0.05        0.05        0.05        0.05        0.05       -1.00       -1.00       -1.00       -1.00
       0.05        0.05        0.05        0.05        0.05        0.05        0.05        0.05       -1.00       -1.00       -1.00       -1.00
       0.05        0.05        0.05        0.05        0.05        0.05        0.05        0.05       -1.00       -1.00       -1.00       -1.00
# SPR year: 1977 
       0.05        0.05        0.05        0.05        0.05        0.05        0.05        0.05       -1.00       -1.00       -1.00       -1.00
       0.05        0.05        0.05        0.05        0.05        0.05        0.05        0.05       -1.00       -1.00       -1.00       -1.00
       0.05        0.05        0.05        0.05        0.05        0.05        0.05        0.05       -1.00       -1.00       -1.00       -1.00
       0.05        0.05        0.05        0.05        0.05        0.05        0.05        0.05       -1.00       -1.00       -1.00       -1.00
# SPR year: 1978 
       0.05        0.05        0.05        0.05        0.05        0.05        0.05        0.05       -1.00       -1.00       -1.00       -1.00
       0.05        0.05        0.05        0.05        0.05        0.05        0.05        0.05       -1.00       -1.00       -1.00       -1.00
       0.05        0.05        0.05        0.05        0.05        0.05        0.05        0.05       -1.00       -1.00       -1.00       -1.00
       0.05        0.05        0.05        0.05        0.05        0.05        0.05        0.05       -1.00       -1.00       -1.00       -1.00
# SPR year: 1979 
       0.05        0.05        0.05        0.05        0.05        0.05        0.05        0.05       -1.00       -1.00       -1.00       -1.00
       0.05        0.05        0.05        0.05        0.05        0.05        0.05        0.05       -1.00       -1.00       -1.00       -1.00
       0.05        0.05        0.05        0.05        0.05        0.05        0.05        0.05       -1.00       -1.00       -1.00       -1.00
       0.05        0.05        0.05        0.05        0.05        0.05        0.05        0.05       -1.00       -1.00       -1.00       -1.00
# SPR year: 1980 
       0.05        0.05        0.05        0.05        0.05        0.05        0.05        0.05       -1.00       -1.00       -1.00       -1.00
       0.05        0.05        0.05        0.05        0.05        0.05        0.05        0.05       -1.00       -1.00       -1.00       -1.00
       0.05        0.05        0.05        0.05        0.05        0.05        0.05        0.05       -1.00       -1.00       -1.00       -1.00
       0.05        0.05        0.05        0.05        0.05        0.05        0.05        0.05       -1.00       -1.00       -1.00       -1.00
# SPR year: 1981 
       0.05        0.05        0.05        0.05        0.05        0.05        0.05        0.05       -1.00       -1.00       -1.00       -1.00
       0.05        0.05        0.05        0.05        0.05        0.05        0.05        0.05       -1.00       -1.00       -1.00       -1.00
       0.05        0.05        0.05        0.05        0.05        0.05        0.05        0.05       -1.00       -1.00       -1.00       -1.00
       0.05        0.05        0.05        0.05        0.05        0.05        0.05        0.05       -1.00       -1.00       -1.00       -1.00
# SPR year: 1982 
       0.05        0.05        0.05        0.05        0.05        0.05        0.05        0.05       -1.00       -1.00       -1.00       -1.00
       0.05        0.05        0.05        0.05        0.05        0.05        0.05        0.05       -1.00       -1.00       -1.00       -1.00
       0.05        0.05        0.05        0.05        0.05        0.05        0.05        0.05       -1.00       -1.00       -1.00       -1.00
       0.05        0.05        0.05        0.05        0.05        0.05        0.05        0.05       -1.00       -1.00       -1.00       -1.00
# SPR year: 1983 
       0.05        0.05        0.05        0.05        0.05        0.05        0.05        0.05       -1.00       -1.00       -1.00       -1.00
       0.05        0.05        0.05        0.05        0.05        0.05        0.05        0.05       -1.00       -1.00       -1.00       -1.00
       0.05        0.05        0.05        0.05        0.05        0.05        0.05        0.05       -1.00       -1.00       -1.00       -1.00
       0.05        0.05        0.05        0.05        0.05        0.05        0.05        0.05       -1.00       -1.00       -1.00       -1.00
# SPR year: 1984 
       0.05        0.05        0.05        0.05        0.05        0.05        0.05        0.05       -1.00       -1.00       -1.00       -1.00
       0.05        0.05        0.05        0.05        0.05        0.05        0.05        0.05       -1.00       -1.00       -1.00       -1.00
       0.05        0.05        0.05        0.05        0.05        0.05        0.05        0.05       -1.00       -1.00       -1.00       -1.00
       0.05        0.05        0.05        0.05        0.05        0.05        0.05        0.05       -1.00       -1.00       -1.00       -1.00
# SPR year: 1985 
       0.05        0.05        0.05        0.05        0.05        0.05        0.05        0.05       -1.00       -1.00       -1.00       -1.00
       0.05        0.05        0.05        0.05        0.05        0.05        0.05        0.05       -1.00       -1.00       -1.00       -1.00
       0.05        0.05        0.05        0.05        0.05        0.05        0.05        0.05       -1.00       -1.00       -1.00       -1.00
       0.05        0.05        0.05        0.05        0.05        0.05        0.05        0.05       -1.00       -1.00       -1.00       -1.00
# SPR year: 1986 
       0.05        0.05        0.05        0.05        0.05        0.05        0.05        0.05       -1.00       -1.00       -1.00       -1.00
       0.05        0.05        0.05        0.05        0.05        0.05        0.05        0.05       -1.00       -1.00       -1.00       -1.00
       0.05        0.05        0.05        0.05        0.05        0.05        0.05        0.05       -1.00       -1.00       -1.00       -1.00
       0.05        0.05        0.05        0.05        0.05        0.05        0.05        0.05       -1.00       -1.00       -1.00       -1.00
# SPR year: 1987 
       0.05        0.05        0.05        0.05        0.05        0.05        0.05        0.05       -1.00       -1.00       -1.00       -1.00
       0.05        0.05        0.05        0.05        0.05        0.05        0.05        0.05       -1.00       -1.00       -1.00       -1.00
       0.05        0.05        0.05        0.05        0.05        0.05        0.05        0.05       -1.00       -1.00       -1.00       -1.00
       0.05        0.05        0.05        0.05        0.05        0.05        0.05        0.05       -1.00       -1.00       -1.00       -1.00
# SPR year: 1988 
       0.05        0.05        0.05        0.05        0.05        0.05        0.05        0.05       -1.00       -1.00       -1.00       -1.00
       0.05        0.05        0.05        0.05        0.05        0.05        0.05        0.05       -1.00       -1.00       -1.00       -1.00
       0.05        0.05        0.05        0.05        0.05        0.05        0.05        0.05       -1.00       -1.00       -1.00       -1.00
       0.05        0.05        0.05        0.05        0.05        0.05        0.05        0.05       -1.00       -1.00       -1.00       -1.00
# SPR year: 1989 
       0.05        0.05        0.05        0.05        0.05        0.05        0.05        0.05       -1.00       -1.00       -1.00       -1.00
       0.05        0.05        0.05        0.05        0.05        0.05        0.05        0.05       -1.00       -1.00       -1.00       -1.00
       0.05        0.05        0.05        0.05        0.05        0.05        0.05        0.05       -1.00       -1.00       -1.00       -1.00
       0.05        0.05        0.05        0.05        0.05        0.05        0.05        0.05       -1.00       -1.00       -1.00       -1.00
# SPR year: 1990 
       0.05        0.05        0.05        0.05        0.05        0.05        0.05        0.05       -1.00       -1.00       -1.00       -1.00
       0.05        0.05        0.05        0.05        0.05        0.05        0.05        0.05       -1.00       -1.00       -1.00       -1.00
       0.05        0.05        0.05        0.05        0.05        0.05        0.05        0.05       -1.00       -1.00       -1.00       -1.00
       0.05        0.05        0.05        0.05        0.05        0.05        0.05        0.05       -1.00       -1.00       -1.00       -1.00
# SPR year: 1991 
       0.05        0.05        0.05        0.05        0.05        0.05        0.05        0.05       -1.00       -1.00       -1.00       -1.00
       0.05        0.05        0.05        0.05        0.05        0.05        0.05        0.05       -1.00       -1.00       -1.00       -1.00
       0.05        0.05        0.05        0.05        0.05        0.05        0.05        0.05       -1.00       -1.00       -1.00       -1.00
       0.05        0.05        0.05        0.05        0.05        0.05        0.05        0.05       -1.00       -1.00       -1.00       -1.00
# SPR year: 1992 
       0.05        0.05        0.05        0.05        0.05        0.05        0.05        0.05       -1.00       -1.00       -1.00       -1.00
       0.05        0.05        0.05        0.05        0.05        0.05        0.05        0.05       -1.00       -1.00       -1.00       -1.00
       0.05        0.05        0.05        0.05        0.05        0.05        0.05        0.05       -1.00       -1.00       -1.00       -1.00
       0.05        0.05        0.05        0.05        0.05        0.05        0.05        0.05       -1.00       -1.00       -1.00       -1.00
# SPR year: 1993 
       0.05        0.05        0.05        0.05        0.05        0.05        0.05        0.05       -1.00       -1.00       -1.00       -1.00
       0.05        0.05        0.05        0.05        0.05        0.05        0.05        0.05       -1.00       -1.00       -1.00       -1.00
       0.05        0.05        0.05        0.05        0.05        0.05        0.05        0.05       -1.00       -1.00       -1.00       -1.00
       0.05        0.05        0.05        0.05        0.05        0.05        0.05        0.05       -1.00       -1.00       -1.00       -1.00
# SPR year: 1994 
       0.05        0.05        0.05        0.05        0.05        0.05        0.05        0.05       -1.00       -1.00       -1.00       -1.00
       0.05        0.05        0.05        0.05        0.05        0.05        0.05        0.05       -1.00       -1.00       -1.00       -1.00
       0.05        0.05        0.05        0.05        0.05        0.05        0.05        0.05       -1.00       -1.00       -1.00       -1.00
       0.05        0.05        0.05        0.05        0.05        0.05        0.05        0.05       -1.00       -1.00       -1.00       -1.00
# SPR year: 1995 
       0.05        0.05        0.05        0.05        0.05        0.05        0.05        0.05       -1.00       -1.00       -1.00       -1.00
       0.05        0.05        0.05        0.05        0.05        0.05        0.05        0.05       -1.00       -1.00       -1.00       -1.00
       0.05        0.05        0.05        0.05        0.05        0.05        0.05        0.05       -1.00       -1.00       -1.00       -1.00
       0.05        0.05        0.05        0.05        0.05        0.05        0.05        0.05       -1.00       -1.00       -1.00       -1.00
# SPR year: 1996 
       0.05        0.05        0.05        0.05        0.05        0.05        0.05        0.05       -1.00       -1.00       -1.00       -1.00
       0.05        0.05        0.05        0.05        0.05        0.05        0.05        0.05       -1.00       -1.00       -1.00       -1.00
       0.05        0.05        0.05        0.05        0.05        0.05        0.05        0.05       -1.00       -1.00       -1.00       -1.00
       0.05        0.05        0.05        0.05        0.05        0.05        0.05        0.05       -1.00       -1.00       -1.00       -1.00
# SPR year: 1997 
       0.05        0.05        0.05        0.05        0.05        0.05        0.05        0.05       -1.00       -1.00       -1.00       -1.00
       0.05        0.05        0.05        0.05        0.05        0.05        0.05        0.05       -1.00       -1.00       -1.00       -1.00
       0.05        0.05        0.05        0.05        0.05        0.05        0.05        0.05       -1.00       -1.00       -1.00       -1.00
       0.05        0.05        0.05        0.05        0.05        0.05        0.05        0.05       -1.00       -1.00       -1.00       -1.00
# SPR year: 1998 
       0.05        0.05        0.05        0.05        0.05        0.05        0.05        0.05       -1.00       -1.00       -1.00       -1.00
       0.05        0.05        0.05        0.05        0.05        0.05        0.05        0.05       -1.00       -1.00       -1.00       -1.00
       0.05        0.05        0.05        0.05        0.05        0.05        0.05        0.05       -1.00       -1.00       -1.00       -1.00
       0.05        0.05        0.05        0.05        0.05        0.05        0.05        0.05       -1.00       -1.00       -1.00       -1.00
# SPR year: 1999 
       0.05        0.05        0.05        0.05        0.05        0.05        0.05        0.05       -1.00       -1.00       -1.00       -1.00
       0.05        0.05        0.05        0.05        0.05        0.05        0.05        0.05       -1.00       -1.00       -1.00       -1.00
       0.05        0.05        0.05        0.05        0.05        0.05        0.05        0.05       -1.00       -1.00       -1.00       -1.00
       0.05        0.05        0.05        0.05        0.05        0.05        0.05        0.05       -1.00       -1.00       -1.00       -1.00
# SPR year: 2000 
       0.05        0.05        0.05        0.05        0.05        0.05        0.05        0.05       -1.00       -1.00       -1.00       -1.00
       0.05        0.05        0.05        0.05        0.05        0.05        0.05        0.05       -1.00       -1.00       -1.00       -1.00
       0.05        0.05        0.05        0.05        0.05        0.05        0.05        0.05       -1.00       -1.00       -1.00       -1.00
       0.05        0.05        0.05        0.05        0.05        0.05        0.05        0.05       -1.00       -1.00       -1.00       -1.00
# SPR year: 2001 
       0.05        0.05        0.05        0.05        0.05        0.05        0.05        0.05       -1.00       -1.00       -1.00       -1.00
       0.05        0.05        0.05        0.05        0.05        0.05        0.05        0.05       -1.00       -1.00       -1.00       -1.00
       0.05        0.05        0.05        0.05        0.05        0.05        0.05        0.05       -1.00       -1.00       -1.00       -1.00
       0.05        0.05        0.05        0.05        0.05        0.05        0.05        0.05       -1.00       -1.00       -1.00       -1.00
# SPR year: 2002 
       0.05        0.05        0.05        0.05        0.05        0.05        0.05        0.05       -1.00       -1.00       -1.00       -1.00
       0.05        0.05        0.05        0.05        0.05        0.05        0.05        0.05       -1.00       -1.00       -1.00       -1.00
       0.05        0.05        0.05        0.05        0.05        0.05        0.05        0.05       -1.00       -1.00       -1.00       -1.00
       0.05        0.05        0.05        0.05        0.05        0.05        0.05        0.05       -1.00       -1.00       -1.00       -1.00
# SPR year: 2003 
       0.05        0.05        0.05        0.05        0.05        0.05        0.05        0.05       -1.00       -1.00       -1.00       -1.00
       0.05        0.05        0.05        0.05        0.05        0.05        0.05        0.05       -1.00       -1.00       -1.00       -1.00
       0.05        0.05        0.05        0.05        0.05        0.05        0.05        0.05       -1.00       -1.00       -1.00       -1.00
       0.05        0.05        0.05        0.05        0.05        0.05        0.05        0.05       -1.00       -1.00       -1.00       -1.00
# SPR year: 2004 
       0.05        0.05        0.05        0.05        0.05        0.05        0.05        0.05       -1.00       -1.00       -1.00       -1.00
       0.05        0.05        0.05        0.05        0.05        0.05        0.05        0.05       -1.00       -1.00       -1.00       -1.00
       0.05        0.05        0.05        0.05        0.05        0.05        0.05        0.05       -1.00       -1.00       -1.00       -1.00
       0.05        0.05        0.05        0.05        0.05        0.05        0.05        0.05       -1.00       -1.00       -1.00       -1.00
# SPR year: 2005 
       0.05        0.05        0.05        0.05        0.05        0.05        0.05        0.05       -1.00       -1.00       -1.00       -1.00
       0.05        0.05        0.05        0.05        0.05        0.05        0.05        0.05       -1.00       -1.00       -1.00       -1.00
       0.05        0.05        0.05        0.05        0.05        0.05        0.05        0.05       -1.00       -1.00       -1.00       -1.00
       0.05        0.05        0.05        0.05        0.05        0.05        0.05        0.05       -1.00       -1.00       -1.00       -1.00
# SPR year: 2006 
       0.05        0.05        0.05        0.05        0.05        0.05        0.05        0.05       -1.00       -1.00       -1.00       -1.00
       0.05        0.05        0.05        0.05        0.05        0.05        0.05        0.05       -1.00       -1.00       -1.00       -1.00
       0.05        0.05        0.05        0.05        0.05        0.05        0.05        0.05       -1.00       -1.00       -1.00       -1.00
       0.05        0.05        0.05        0.05        0.05        0.05        0.05        0.05       -1.00       -1.00       -1.00       -1.00
# SPR year: 2007 
       0.05        0.05        0.05        0.05        0.05        0.05        0.05        0.05       -1.00       -1.00       -1.00       -1.00
       0.05        0.05        0.05        0.05        0.05        0.05        0.05        0.05       -1.00       -1.00       -1.00       -1.00
       0.05        0.05        0.05        0.05        0.05        0.05        0.05        0.05       -1.00       -1.00       -1.00       -1.00
       0.05        0.05        0.05        0.05        0.05        0.05        0.05        0.05       -1.00       -1.00       -1.00       -1.00
# SPR year: 2008 
       0.05        0.05        0.05        0.05        0.05        0.05        0.05        0.05       -1.00       -1.00       -1.00       -1.00
       0.05        0.05        0.05        0.05        0.05        0.05        0.05        0.05       -1.00       -1.00       -1.00       -1.00
       0.05        0.05        0.05        0.05        0.05        0.05        0.05        0.05       -1.00       -1.00       -1.00       -1.00
       0.05        0.05        0.05        0.05        0.05        0.05        0.05        0.05       -1.00       -1.00       -1.00       -1.00
# SPR year: 2009 
       0.05        0.05        0.05        0.05        0.05        0.05        0.05        0.05       -1.00       -1.00       -1.00       -1.00
       0.05        0.05        0.05        0.05        0.05        0.05        0.05        0.05       -1.00       -1.00       -1.00       -1.00
       0.05        0.05        0.05        0.05        0.05        0.05        0.05        0.05       -1.00       -1.00       -1.00       -1.00
       0.05        0.05        0.05        0.05        0.05        0.05        0.05        0.05       -1.00       -1.00       -1.00       -1.00
# SPR year: 2010 
       0.05        0.05        0.05        0.05        0.05        0.05        0.05        0.05       -1.00       -1.00       -1.00       -1.00
       0.05        0.05        0.05        0.05        0.05        0.05        0.05        0.05       -1.00       -1.00       -1.00       -1.00
       0.05        0.05        0.05        0.05        0.05        0.05        0.05        0.05       -1.00       -1.00       -1.00       -1.00
       0.05        0.05        0.05        0.05        0.05        0.05        0.05        0.05       -1.00       -1.00       -1.00       -1.00
# SPR year: 2011 
       0.05        0.05        0.05        0.05        0.05        0.05        0.05        0.05       -1.00       -1.00       -1.00       -1.00
       0.05        0.05        0.05        0.05        0.05        0.05        0.05        0.05       -1.00       -1.00       -1.00       -1.00
       0.05        0.05        0.05        0.05        0.05        0.05        0.05        0.05       -1.00       -1.00       -1.00       -1.00
       0.05        0.05        0.05        0.05        0.05        0.05        0.05        0.05       -1.00       -1.00       -1.00       -1.00
# SPR year: 2012 
      -1.00        0.05        0.05        0.05        0.05        0.05        0.05        0.05       -1.00       -1.00       -1.00       -1.00
      -1.00        0.05        0.05        0.05        0.05        0.05        0.05        0.05       -1.00       -1.00       -1.00       -1.00
       0.05        0.05        0.05        0.05        0.05        0.05        0.05        0.05       -1.00       -1.00       -1.00       -1.00
       0.05        0.05        0.05        0.05        0.05        0.05        0.05        0.05       -1.00       -1.00       -1.00       -1.00
# SPR year: 2013 
       0.05        0.05        0.05        0.05        0.05        0.05        0.05        0.05       -1.00       -1.00       -1.00       -1.00
       0.05        0.05        0.05        0.05        0.05        0.05        0.05        0.05       -1.00       -1.00       -1.00       -1.00
       0.05        0.05        0.05        0.05        0.05        0.05        0.05        0.05       -1.00       -1.00       -1.00       -1.00
       0.05        0.05        0.05        0.05        0.05        0.05        0.05        0.05       -1.00       -1.00       -1.00       -1.00
# SPR year: 2014 
      -1.00        0.05        0.05        0.05        0.05        0.05        0.05        0.05       -1.00       -1.00       -1.00       -1.00
      -1.00        0.05        0.05        0.05        0.05        0.05        0.05        0.05       -1.00       -1.00       -1.00       -1.00
       0.05        0.05        0.05        0.05        0.05        0.05        0.05        0.05       -1.00       -1.00       -1.00       -1.00
       0.05        0.05        0.05        0.05        0.05        0.05        0.05        0.05       -1.00       -1.00       -1.00       -1.00
# SPR year: 2015 
      -1.00        0.05        0.05        0.05        0.05        0.05        0.05        0.05       -1.00       -1.00       -1.00       -1.00
      -1.00        0.05        0.05        0.05        0.05        0.05        0.05        0.05       -1.00       -1.00       -1.00       -1.00
       0.05        0.05        0.05        0.05        0.05        0.05        0.05        0.05       -1.00       -1.00       -1.00       -1.00
       0.05        0.05        0.05        0.05        0.05        0.05        0.05        0.05       -1.00       -1.00       -1.00       -1.00
# SPR year: 2016 
       0.05        0.05        0.05        0.05        0.05        0.05        0.05        0.05       -1.00       -1.00       -1.00       -1.00
      -1.00        0.05        0.05        0.05        0.05        0.05        0.05        0.05       -1.00       -1.00       -1.00       -1.00
       0.05        0.05        0.05        0.05        0.05        0.05        0.05        0.05       -1.00       -1.00       -1.00       -1.00
       0.05        0.05        0.05        0.05        0.05        0.05        0.05        0.05       -1.00       -1.00       -1.00       -1.00
# SPR year: 2017 
       0.05        0.05        0.05        0.05        0.05        0.05        0.05        0.05       -1.00       -1.00       -1.00       -1.00
      -1.00        0.05        0.05        0.05        0.05        0.05        0.05        0.05       -1.00       -1.00       -1.00       -1.00
       0.05        0.05        0.05        0.05        0.05        0.05        0.05        0.05       -1.00       -1.00       -1.00       -1.00
       0.05        0.05        0.05        0.05        0.05        0.05        0.05        0.05       -1.00       -1.00       -1.00       -1.00
# SPR year: 2018 
      -1.00        0.05        0.05        0.05        0.05        0.05        0.05        0.05       -1.00       -1.00       -1.00       -1.00
      -1.00        0.05        0.05        0.05        0.05        0.05        0.05        0.05       -1.00       -1.00       -1.00       -1.00
       0.05        0.05        0.05        0.05        0.05        0.05        0.05        0.05       -1.00       -1.00       -1.00       -1.00
       0.05        0.05        0.05        0.05        0.05        0.05        0.05        0.05       -1.00       -1.00       -1.00       -1.00
-999 # Checksum