# HER year: 1974 
     0.0500      0.0792      0.0735      0.0638      0.0570      0.0546      0.0566      0.0534      0.0512     -1.0000     -1.0000     -1.0000
     0.0500      0.0792      0.0735      0.0638      0.0570      0.0546      0.0566      0.0534      0.0512     -1.0000     -1.0000     -1.0000
     0.0500      0.0792      0.0735      0.0638      0.0570      0.0546      0.0566      0.0534      0.0512     -1.0000     -1.0000     -1.0000
     0.0500      0.0792      0.0735      0.0638      0.0570      0.0546      0.0566      0.0534      0.0512     -1.0000     -1.0000     -1.0000
# HER year: 1975 
     0.0500      0.0848      0.0785      0.0700      0.0616      0.0574      0.0602      0.0557      0.0516     -1.0000     -1.0000     -1.0000
     0.0500      0.0848      0.0785      0.0700      0.0616      0.0574      0.0602      0.0557      0.0516     -1.0000     -1.0000     -1.0000
     0.0500      0.0848      0.0785      0.0700      0.0616      0.0574      0.0602      0.0557      0.0516     -1.0000     -1.0000     -1.0000
     0.0500      0.0848      0.0785      0.0700      0.0616      0.0574      0.0602      0.0557      0.0516     -1.0000     -1.0000     -1.0000
# HER year: 1976 
     0.0500      0.0774      0.0716      0.0654      0.0606      0.0573      0.0587      0.0558      0.0518     -1.0000     -1.0000     -1.0000
     0.0500      0.0774      0.0716      0.0654      0.0606      0.0573      0.0587      0.0558      0.0518     -1.0000     -1.0000     -1.0000
     0.0500      0.0774      0.0716      0.0654      0.0606      0.0573      0.0587      0.0558      0.0518     -1.0000     -1.0000     -1.0000
     0.0500      0.0774      0.0716      0.0654      0.0606      0.0573      0.0587      0.0558      0.0518     -1.0000     -1.0000     -1.0000
# HER year: 1977 
     0.0500      0.0830      0.0750      0.0670      0.0616      0.0594      0.0616      0.0580      0.0532     -1.0000     -1.0000     -1.0000
     0.0500      0.0830      0.0750      0.0670      0.0616      0.0594      0.0616      0.0580      0.0532     -1.0000     -1.0000     -1.0000
     0.0500      0.0830      0.0750      0.0670      0.0616      0.0594      0.0616      0.0580      0.0532     -1.0000     -1.0000     -1.0000
     0.0500      0.0830      0.0750      0.0670      0.0616      0.0594      0.0616      0.0580      0.0532     -1.0000     -1.0000     -1.0000
# HER year: 1978 
     0.0500      0.1051      0.0726      0.0726      0.0628      0.0620      0.0596      0.0550      0.0550     -1.0000     -1.0000     -1.0000
     0.0500      0.1051      0.0726      0.0726      0.0628      0.0620      0.0596      0.0550      0.0550     -1.0000     -1.0000     -1.0000
     0.0500      0.1051      0.0726      0.0726      0.0628      0.0620      0.0596      0.0550      0.0550     -1.0000     -1.0000     -1.0000
     0.0500      0.1051      0.0726      0.0726      0.0628      0.0620      0.0596      0.0550      0.0550     -1.0000     -1.0000     -1.0000
# HER year: 1979 
     0.0500      0.1171      0.0685      0.0594      0.0616      0.0616      0.0573      0.0546      0.0537     -1.0000     -1.0000     -1.0000
     0.0500      0.1171      0.0685      0.0594      0.0616      0.0616      0.0573      0.0546      0.0537     -1.0000     -1.0000     -1.0000
     0.0500      0.1171      0.0685      0.0594      0.0616      0.0616      0.0573      0.0546      0.0537     -1.0000     -1.0000     -1.0000
     0.0500      0.1171      0.0685      0.0594      0.0616      0.0616      0.0573      0.0546      0.0537     -1.0000     -1.0000     -1.0000
# HER year: 1980 
     0.0500      0.1242      0.1003      0.0820      0.0596      0.0715      0.0555      0.0528      0.0518     -1.0000     -1.0000     -1.0000
     0.0500      0.1242      0.1003      0.0820      0.0596      0.0715      0.0555      0.0528      0.0518     -1.0000     -1.0000     -1.0000
     0.0500      0.1242      0.1003      0.0820      0.0596      0.0715      0.0555      0.0528      0.0518     -1.0000     -1.0000     -1.0000
     0.0500      0.1242      0.1003      0.0820      0.0596      0.0715      0.0555      0.0528      0.0518     -1.0000     -1.0000     -1.0000
# HER year: 1981 
     0.0500      0.1153      0.1003      0.0865      0.0755      0.0666      0.0712      0.0534      0.0516     -1.0000     -1.0000     -1.0000
     0.0500      0.1153      0.1003      0.0865      0.0755      0.0666      0.0712      0.0534      0.0516     -1.0000     -1.0000     -1.0000
     0.0500      0.1153      0.1003      0.0865      0.0755      0.0666      0.0712      0.0534      0.0516     -1.0000     -1.0000     -1.0000
     0.0500      0.1153      0.1003      0.0865      0.0755      0.0666      0.0712      0.0534      0.0516     -1.0000     -1.0000     -1.0000
# HER year: 1982 
     0.0500      0.1256      0.1042      0.0882      0.0789      0.0666      0.0595      0.0616      0.0520     -1.0000     -1.0000     -1.0000
     0.0500      0.1256      0.1042      0.0882      0.0789      0.0666      0.0595      0.0616      0.0520     -1.0000     -1.0000     -1.0000
     0.0500      0.1256      0.1042      0.0882      0.0789      0.0666      0.0595      0.0616      0.0520     -1.0000     -1.0000     -1.0000
     0.0500      0.1256      0.1042      0.0882      0.0789      0.0666      0.0595      0.0616      0.0520     -1.0000     -1.0000     -1.0000
# HER year: 1983 
     0.0500      0.1181      0.1075      0.0909      0.0834      0.0658      0.0584      0.0552      0.0540     -1.0000     -1.0000     -1.0000
     0.0500      0.1181      0.1075      0.0909      0.0834      0.0658      0.0584      0.0552      0.0540     -1.0000     -1.0000     -1.0000
     0.0500      0.1181      0.1075      0.0909      0.0834      0.0658      0.0584      0.0552      0.0540     -1.0000     -1.0000     -1.0000
     0.0500      0.1181      0.1075      0.0909      0.0834      0.0658      0.0584      0.0552      0.0540     -1.0000     -1.0000     -1.0000
# HER year: 1984 
     0.0500      0.0990      0.0930      0.0865      0.0720      0.0720      0.0566      0.0539      0.0524     -1.0000     -1.0000     -1.0000
     0.0500      0.0990      0.0930      0.0865      0.0720      0.0720      0.0566      0.0539      0.0524     -1.0000     -1.0000     -1.0000
     0.0500      0.0990      0.0930      0.0865      0.0720      0.0720      0.0566      0.0539      0.0524     -1.0000     -1.0000     -1.0000
     0.0500      0.0990      0.0930      0.0865      0.0720      0.0720      0.0566      0.0539      0.0524     -1.0000     -1.0000     -1.0000
# HER year: 1985 
     0.0500      0.0905      0.0851      0.0787      0.0702      0.0623      0.0591      0.0571      0.0510     -1.0000     -1.0000     -1.0000
     0.0500      0.0905      0.0851      0.0787      0.0702      0.0623      0.0591      0.0571      0.0510     -1.0000     -1.0000     -1.0000
     0.0500      0.0905      0.0851      0.0787      0.0702      0.0623      0.0591      0.0571      0.0510     -1.0000     -1.0000     -1.0000
     0.0500      0.0905      0.0851      0.0787      0.0702      0.0623      0.0591      0.0571      0.0510     -1.0000     -1.0000     -1.0000
# HER year: 1986 
     0.0500      0.0832      0.0790      0.0748      0.0666      0.0644      0.0600      0.0558      0.0517     -1.0000     -1.0000     -1.0000
     0.0500      0.0832      0.0790      0.0748      0.0666      0.0644      0.0600      0.0558      0.0517     -1.0000     -1.0000     -1.0000
     0.0500      0.0832      0.0790      0.0748      0.0666      0.0644      0.0600      0.0558      0.0517     -1.0000     -1.0000     -1.0000
     0.0500      0.0832      0.0790      0.0748      0.0666      0.0644      0.0600      0.0558      0.0517     -1.0000     -1.0000     -1.0000
# HER year: 1987 
     0.0500      0.0794      0.0710      0.0689      0.0689      0.0623      0.0566      0.0546      0.0530     -1.0000     -1.0000     -1.0000
     0.0500      0.0794      0.0710      0.0689      0.0689      0.0623      0.0566      0.0546      0.0530     -1.0000     -1.0000     -1.0000
     0.0500      0.0794      0.0710      0.0689      0.0689      0.0623      0.0566      0.0546      0.0530     -1.0000     -1.0000     -1.0000
     0.0500      0.0794      0.0710      0.0689      0.0689      0.0623      0.0566      0.0546      0.0530     -1.0000     -1.0000     -1.0000
# HER year: 1988 
     0.0500      0.0771      0.0745      0.0677      0.0659      0.0659      0.0575      0.0563      0.0534     -1.0000     -1.0000     -1.0000
     0.0500      0.0771      0.0745      0.0677      0.0659      0.0659      0.0575      0.0563      0.0534     -1.0000     -1.0000     -1.0000
     0.0500      0.0771      0.0745      0.0677      0.0659      0.0659      0.0575      0.0563      0.0534     -1.0000     -1.0000     -1.0000
     0.0500      0.0771      0.0745      0.0677      0.0659      0.0659      0.0575      0.0563      0.0534     -1.0000     -1.0000     -1.0000
# HER year: 1989 
     0.0500      0.0729      0.0694      0.0694      0.0664      0.0631      0.0595      0.0549      0.0535     -1.0000     -1.0000     -1.0000
     0.0500      0.0729      0.0694      0.0694      0.0664      0.0631      0.0595      0.0549      0.0535     -1.0000     -1.0000     -1.0000
     0.0500      0.0729      0.0694      0.0694      0.0664      0.0631      0.0595      0.0549      0.0535     -1.0000     -1.0000     -1.0000
     0.0500      0.0729      0.0694      0.0694      0.0664      0.0631      0.0595      0.0549      0.0535     -1.0000     -1.0000     -1.0000
# HER year: 1990 
     0.0500      0.0656      0.0638      0.0620      0.0630      0.0594      0.0588      0.0571      0.0574     -1.0000     -1.0000     -1.0000
     0.0500      0.0656      0.0638      0.0620      0.0630      0.0594      0.0588      0.0571      0.0574     -1.0000     -1.0000     -1.0000
     0.0500      0.0656      0.0638      0.0620      0.0630      0.0594      0.0588      0.0571      0.0574     -1.0000     -1.0000     -1.0000
     0.0500      0.0656      0.0638      0.0620      0.0630      0.0594      0.0588      0.0571      0.0574     -1.0000     -1.0000     -1.0000
# HER year: 1991 
     0.0500      0.0608      0.0597      0.0579      0.0560      0.0572      0.0546      0.0555      0.0544     -1.0000     -1.0000     -1.0000
     0.0500      0.0608      0.0597      0.0579      0.0560      0.0572      0.0546      0.0555      0.0544     -1.0000     -1.0000     -1.0000
     0.0500      0.0608      0.0597      0.0579      0.0560      0.0572      0.0546      0.0555      0.0544     -1.0000     -1.0000     -1.0000
     0.0500      0.0608      0.0597      0.0579      0.0560      0.0572      0.0546      0.0555      0.0544     -1.0000     -1.0000     -1.0000
# HER year: 1992 
     0.0500      0.0608      0.0597      0.0573      0.0561      0.0536      0.0550      0.0524      0.0522     -1.0000     -1.0000     -1.0000
     0.0500      0.0608      0.0597      0.0573      0.0561      0.0536      0.0550      0.0524      0.0522     -1.0000     -1.0000     -1.0000
     0.0500      0.0608      0.0597      0.0573      0.0561      0.0536      0.0550      0.0524      0.0522     -1.0000     -1.0000     -1.0000
     0.0500      0.0608      0.0597      0.0573      0.0561      0.0536      0.0550      0.0524      0.0522     -1.0000     -1.0000     -1.0000
# HER year: 1993 
     0.0500      0.0622      0.0620      0.0606      0.0600      0.0579      0.0556      0.0556      0.0532     -1.0000     -1.0000     -1.0000
     0.0500      0.0622      0.0620      0.0606      0.0600      0.0579      0.0556      0.0556      0.0532     -1.0000     -1.0000     -1.0000
     0.0500      0.0622      0.0620      0.0606      0.0600      0.0579      0.0556      0.0556      0.0532     -1.0000     -1.0000     -1.0000
     0.0500      0.0622      0.0620      0.0606      0.0600      0.0579      0.0556      0.0556      0.0532     -1.0000     -1.0000     -1.0000
# HER year: 1994 
     0.0500      0.0628      0.0625      0.0614      0.0607      0.0601      0.0582      0.0568      0.0580     -1.0000     -1.0000     -1.0000
     0.0500      0.0628      0.0625      0.0614      0.0607      0.0601      0.0582      0.0568      0.0580     -1.0000     -1.0000     -1.0000
     0.0500      0.0628      0.0625      0.0614      0.0607      0.0601      0.0582      0.0568      0.0580     -1.0000     -1.0000     -1.0000
     0.0500      0.0628      0.0625      0.0614      0.0607      0.0601      0.0582      0.0568      0.0580     -1.0000     -1.0000     -1.0000
# HER year: 1995 
     0.0500      0.0629      0.0627      0.0618      0.0611      0.0611      0.0611      0.0590      0.0568     -1.0000     -1.0000     -1.0000
     0.0500      0.0629      0.0627      0.0618      0.0611      0.0611      0.0611      0.0590      0.0568     -1.0000     -1.0000     -1.0000
     0.0500      0.0629      0.0627      0.0618      0.0611      0.0611      0.0611      0.0590      0.0568     -1.0000     -1.0000     -1.0000
     0.0500      0.0629      0.0627      0.0618      0.0611      0.0611      0.0611      0.0590      0.0568     -1.0000     -1.0000     -1.0000
# HER year: 1996 
     0.0500      0.0616      0.0614      0.0614      0.0611      0.0608      0.0601      0.0597      0.0579     -1.0000     -1.0000     -1.0000
     0.0500      0.0616      0.0614      0.0614      0.0611      0.0608      0.0601      0.0597      0.0579     -1.0000     -1.0000     -1.0000
     0.0500      0.0616      0.0614      0.0614      0.0611      0.0608      0.0601      0.0597      0.0579     -1.0000     -1.0000     -1.0000
     0.0500      0.0616      0.0614      0.0614      0.0611      0.0608      0.0601      0.0597      0.0579     -1.0000     -1.0000     -1.0000
# HER year: 1997 
     0.0500      0.0639      0.0639      0.0636      0.0630      0.0624      0.0624      0.0624      0.0624     -1.0000     -1.0000     -1.0000
     0.0500      0.0639      0.0639      0.0636      0.0630      0.0624      0.0624      0.0624      0.0624     -1.0000     -1.0000     -1.0000
     0.0500      0.0639      0.0639      0.0636      0.0630      0.0624      0.0624      0.0624      0.0624     -1.0000     -1.0000     -1.0000
     0.0500      0.0639      0.0639      0.0636      0.0630      0.0624      0.0624      0.0624      0.0624     -1.0000     -1.0000     -1.0000
# HER year: 1998 
     0.0500      0.0653      0.0649      0.0649      0.0642      0.0636      0.0624      0.0624      0.0591     -1.0000     -1.0000     -1.0000
     0.0500      0.0653      0.0649      0.0649      0.0642      0.0636      0.0624      0.0624      0.0591     -1.0000     -1.0000     -1.0000
     0.0500      0.0653      0.0649      0.0649      0.0642      0.0636      0.0624      0.0624      0.0591     -1.0000     -1.0000     -1.0000
     0.0500      0.0653      0.0649      0.0649      0.0642      0.0636      0.0624      0.0624      0.0591     -1.0000     -1.0000     -1.0000
# HER year: 1999 
     0.0500      0.0678      0.0678      0.0675      0.0660      0.0660      0.0646      0.0646      0.0638     -1.0000     -1.0000     -1.0000
     0.0500      0.0678      0.0678      0.0675      0.0660      0.0660      0.0646      0.0646      0.0638     -1.0000     -1.0000     -1.0000
     0.0500      0.0678      0.0678      0.0675      0.0660      0.0660      0.0646      0.0646      0.0638     -1.0000     -1.0000     -1.0000
     0.0500      0.0678      0.0678      0.0675      0.0660      0.0660      0.0646      0.0646      0.0638     -1.0000     -1.0000     -1.0000
# HER year: 2000 
     0.0500      0.0671      0.0668      0.0656      0.0656      0.0646      0.0646      0.0632      0.0623     -1.0000     -1.0000     -1.0000
     0.0500      0.0671      0.0668      0.0656      0.0656      0.0646      0.0646      0.0632      0.0623     -1.0000     -1.0000     -1.0000
     0.0500      0.0671      0.0668      0.0656      0.0656      0.0646      0.0646      0.0632      0.0623     -1.0000     -1.0000     -1.0000
     0.0500      0.0671      0.0668      0.0656      0.0656      0.0646      0.0646      0.0632      0.0623     -1.0000     -1.0000     -1.0000
# HER year: 2001 
     0.0500      0.0656      0.0653      0.0648      0.0648      0.0630      0.0623      0.0614      0.0614     -1.0000     -1.0000     -1.0000
     0.0500      0.0656      0.0653      0.0648      0.0648      0.0630      0.0623      0.0614      0.0614     -1.0000     -1.0000     -1.0000
     0.0500      0.0656      0.0653      0.0648      0.0648      0.0630      0.0623      0.0614      0.0614     -1.0000     -1.0000     -1.0000
     0.0500      0.0656      0.0653      0.0648      0.0648      0.0630      0.0623      0.0614      0.0614     -1.0000     -1.0000     -1.0000
# HER year: 2002 
     0.0500      0.0678      0.0678      0.0660      0.0649      0.0649      0.0625      0.0625      0.0609     -1.0000     -1.0000     -1.0000
     0.0500      0.0678      0.0678      0.0660      0.0649      0.0649      0.0625      0.0625      0.0609     -1.0000     -1.0000     -1.0000
     0.0500      0.0678      0.0678      0.0660      0.0649      0.0649      0.0625      0.0625      0.0609     -1.0000     -1.0000     -1.0000
     0.0500      0.0678      0.0678      0.0660      0.0649      0.0649      0.0625      0.0625      0.0609     -1.0000     -1.0000     -1.0000
# HER year: 2003 
     0.0500      0.0606      0.0603      0.0597      0.0581      0.0588      0.0581      0.0572      0.0565     -1.0000     -1.0000     -1.0000
     0.0500      0.0606      0.0603      0.0597      0.0581      0.0588      0.0581      0.0572      0.0565     -1.0000     -1.0000     -1.0000
     0.0500      0.0606      0.0603      0.0597      0.0581      0.0588      0.0581      0.0572      0.0565     -1.0000     -1.0000     -1.0000
     0.0500      0.0606      0.0603      0.0597      0.0581      0.0588      0.0581      0.0572      0.0565     -1.0000     -1.0000     -1.0000
# HER year: 2004 
     0.0500      0.0609      0.0609      0.0592      0.0592      0.0583      0.0568      0.0560      0.0560     -1.0000     -1.0000     -1.0000
     0.0500      0.0609      0.0609      0.0592      0.0592      0.0583      0.0568      0.0560      0.0560     -1.0000     -1.0000     -1.0000
     0.0500      0.0609      0.0609      0.0592      0.0592      0.0583      0.0568      0.0560      0.0560     -1.0000     -1.0000     -1.0000
     0.0500      0.0609      0.0609      0.0592      0.0592      0.0583      0.0568      0.0560      0.0560     -1.0000     -1.0000     -1.0000
# HER year: 2005 
     0.0500      0.0624      0.0624      0.0617      0.0608      0.0587      0.0567      0.0567      0.0542     -1.0000     -1.0000     -1.0000
     0.0500      0.0624      0.0624      0.0617      0.0608      0.0587      0.0567      0.0567      0.0542     -1.0000     -1.0000     -1.0000
     0.0500      0.0624      0.0624      0.0617      0.0608      0.0587      0.0567      0.0567      0.0542     -1.0000     -1.0000     -1.0000
     0.0500      0.0624      0.0624      0.0617      0.0608      0.0587      0.0567      0.0567      0.0542     -1.0000     -1.0000     -1.0000
# HER year: 2006 
     0.0500      0.0646      0.0626      0.0626      0.0626      0.0626      0.0586      0.0586      0.0558     -1.0000     -1.0000     -1.0000
     0.0500      0.0646      0.0626      0.0626      0.0626      0.0626      0.0586      0.0586      0.0558     -1.0000     -1.0000     -1.0000
     0.0500      0.0646      0.0626      0.0626      0.0626      0.0626      0.0586      0.0586      0.0558     -1.0000     -1.0000     -1.0000
     0.0500      0.0646      0.0626      0.0626      0.0626      0.0626      0.0586      0.0586      0.0558     -1.0000     -1.0000     -1.0000
# HER year: 2007 
     0.0500      0.0658      0.0635      0.0635      0.0635      0.0624      0.0590      0.0590      0.0535     -1.0000     -1.0000     -1.0000
     0.0500      0.0658      0.0635      0.0635      0.0635      0.0624      0.0590      0.0590      0.0535     -1.0000     -1.0000     -1.0000
     0.0500      0.0658      0.0635      0.0635      0.0635      0.0624      0.0590      0.0590      0.0535     -1.0000     -1.0000     -1.0000
     0.0500      0.0658      0.0635      0.0635      0.0635      0.0624      0.0590      0.0590      0.0535     -1.0000     -1.0000     -1.0000
# HER year: 2008 
     0.0500      0.0676      0.0672      0.0656      0.0656      0.0646      0.0646      0.0625      0.0609     -1.0000     -1.0000     -1.0000
     0.0500      0.0676      0.0672      0.0656      0.0656      0.0646      0.0646      0.0625      0.0609     -1.0000     -1.0000     -1.0000
     0.0500      0.0676      0.0672      0.0656      0.0656      0.0646      0.0646      0.0625      0.0609     -1.0000     -1.0000     -1.0000
     0.0500      0.0676      0.0672      0.0656      0.0656      0.0646      0.0646      0.0625      0.0609     -1.0000     -1.0000     -1.0000
# HER year: 2009 
     0.0500      0.0740      0.0723      0.0723      0.0713      0.0698      0.0674      0.0698      0.0659     -1.0000     -1.0000     -1.0000
     0.0500      0.0740      0.0723      0.0723      0.0713      0.0698      0.0674      0.0698      0.0659     -1.0000     -1.0000     -1.0000
     0.0500      0.0740      0.0723      0.0723      0.0713      0.0698      0.0674      0.0698      0.0659     -1.0000     -1.0000     -1.0000
     0.0500      0.0740      0.0723      0.0723      0.0713      0.0698      0.0674      0.0698      0.0659     -1.0000     -1.0000     -1.0000
# HER year: 2010 
     0.0500      0.0798      0.0779      0.0767      0.0767      0.0752      0.0741      0.0702      0.0722     -1.0000     -1.0000     -1.0000
     0.0500      0.0798      0.0779      0.0767      0.0767      0.0752      0.0741      0.0702      0.0722     -1.0000     -1.0000     -1.0000
     0.0500      0.0798      0.0779      0.0767      0.0767      0.0752      0.0741      0.0702      0.0722     -1.0000     -1.0000     -1.0000
     0.0500      0.0798      0.0779      0.0767      0.0767      0.0752      0.0741      0.0702      0.0722     -1.0000     -1.0000     -1.0000
# HER year: 2011 
     0.0500      0.0836      0.0826      0.0820      0.0820      0.0812      0.0800      0.0759      0.0780     -1.0000     -1.0000     -1.0000
     0.0500      0.0836      0.0826      0.0820      0.0820      0.0812      0.0800      0.0759      0.0780     -1.0000     -1.0000     -1.0000
     0.0500      0.0836      0.0826      0.0820      0.0820      0.0812      0.0800      0.0759      0.0780     -1.0000     -1.0000     -1.0000
     0.0500      0.0836      0.0826      0.0820      0.0820      0.0812      0.0800      0.0759      0.0780     -1.0000     -1.0000     -1.0000
# HER year: 2012 
    -1.0000      0.0746      0.0696      0.0661      0.0631      0.0613      0.0592      0.0574      0.0558     -1.0000     -1.0000     -1.0000
    -1.0000      0.0746      0.0696      0.0661      0.0631      0.0613      0.0592      0.0574      0.0558     -1.0000     -1.0000     -1.0000
     0.0500      0.0746      0.0696      0.0661      0.0631      0.0613      0.0592      0.0574      0.0558     -1.0000     -1.0000     -1.0000
     0.0500      0.0746      0.0696      0.0661      0.0631      0.0613      0.0592      0.0574      0.0558     -1.0000     -1.0000     -1.0000
# HER year: 2013 
    -1.0000      0.0719      0.0674      0.0644      0.0617      0.0601      0.0582      0.0566      0.0551     -1.0000     -1.0000     -1.0000
    -1.0000      0.0719      0.0674      0.0644      0.0617      0.0601      0.0582      0.0566      0.0551     -1.0000     -1.0000     -1.0000
     0.0500      0.0719      0.0674      0.0644      0.0617      0.0601      0.0582      0.0566      0.0551     -1.0000     -1.0000     -1.0000
     0.0500      0.0719      0.0674      0.0644      0.0617      0.0601      0.0582      0.0566      0.0551     -1.0000     -1.0000     -1.0000
# HER year: 2014 
    -1.0000      0.0714      0.0670      0.0640      0.0614      0.0598      0.0580      0.0564      0.0550     -1.0000     -1.0000     -1.0000
    -1.0000      0.0714      0.0670      0.0640      0.0614      0.0598      0.0580      0.0564      0.0550     -1.0000     -1.0000     -1.0000
     0.0500      0.0714      0.0670      0.0640      0.0614      0.0598      0.0580      0.0564      0.0550     -1.0000     -1.0000     -1.0000
     0.0500      0.0714      0.0670      0.0640      0.0614      0.0598      0.0580      0.0564      0.0550     -1.0000     -1.0000     -1.0000
# HER year: 2015 
    -1.0000      0.0718      0.0673      0.0642      0.0616      0.0600      0.0581      0.0566      0.0551     -1.0000     -1.0000     -1.0000
    -1.0000      0.0718      0.0673      0.0642      0.0616      0.0600      0.0581      0.0566      0.0551     -1.0000     -1.0000     -1.0000
     0.0500      0.0718      0.0673      0.0642      0.0616      0.0600      0.0581      0.0566      0.0551     -1.0000     -1.0000     -1.0000
     0.0500      0.0718      0.0673      0.0642      0.0616      0.0600      0.0581      0.0566      0.0551     -1.0000     -1.0000     -1.0000
# HER year: 2016 
    -1.0000      0.0728      0.0681      0.0649      0.0621      0.0604      0.0585      0.0568      0.0553     -1.0000     -1.0000     -1.0000
    -1.0000      0.0728      0.0681      0.0649      0.0621      0.0604      0.0585      0.0568      0.0553     -1.0000     -1.0000     -1.0000
     0.0500      0.0728      0.0681      0.0649      0.0621      0.0604      0.0585      0.0568      0.0553     -1.0000     -1.0000     -1.0000
     0.0500      0.0728      0.0681      0.0649      0.0621      0.0604      0.0585      0.0568      0.0553     -1.0000     -1.0000     -1.0000
# HER year: 2017 
     0.0500      0.0703      0.0661      0.0633      0.0608      0.0594      0.0576      0.0561      0.0548     -1.0000     -1.0000     -1.0000
    -1.0000      0.0703      0.0661      0.0633      0.0608      0.0594      0.0576      0.0561      0.0548     -1.0000     -1.0000     -1.0000
     0.0500      0.0703      0.0661      0.0633      0.0608      0.0594      0.0576      0.0561      0.0548     -1.0000     -1.0000     -1.0000
     0.0500      0.0703      0.0661      0.0633      0.0608      0.0594      0.0576      0.0561      0.0548     -1.0000     -1.0000     -1.0000
# HER year: 2018 
    -1.0000      0.0696      0.0655      0.0628      0.0604      0.0590      0.0573      0.0559      0.0546     -1.0000     -1.0000     -1.0000
     0.0500      0.0696      0.0655      0.0628      0.0604      0.0590      0.0573      0.0559      0.0546     -1.0000     -1.0000     -1.0000
     0.0500      0.0696      0.0655      0.0628      0.0604      0.0590      0.0573      0.0559      0.0546     -1.0000     -1.0000     -1.0000
     0.0500      0.0696      0.0655      0.0628      0.0604      0.0590      0.0573      0.0559      0.0546     -1.0000     -1.0000     -1.0000
# SPR year: 1974 
     0.0500      0.1225      0.1225      0.1225      0.1175      0.1150      0.1150      0.1150     -1.0000     -1.0000     -1.0000     -1.0000
     0.0500      0.1225      0.1225      0.1225      0.1175      0.1150      0.1150      0.1150     -1.0000     -1.0000     -1.0000     -1.0000
     0.0500      0.1225      0.1225      0.1225      0.1175      0.1150      0.1150      0.1150     -1.0000     -1.0000     -1.0000     -1.0000
     0.0500      0.1225      0.1225      0.1225      0.1175      0.1150      0.1150      0.1150     -1.0000     -1.0000     -1.0000     -1.0000
# SPR year: 1975 
     0.0500      0.1325      0.1325      0.1325      0.1275      0.1250      0.1250      0.1225     -1.0000     -1.0000     -1.0000     -1.0000
     0.0500      0.1325      0.1325      0.1325      0.1275      0.1250      0.1250      0.1225     -1.0000     -1.0000     -1.0000     -1.0000
     0.0500      0.1325      0.1325      0.1325      0.1275      0.1250      0.1250      0.1225     -1.0000     -1.0000     -1.0000     -1.0000
     0.0500      0.1325      0.1325      0.1325      0.1275      0.1250      0.1250      0.1225     -1.0000     -1.0000     -1.0000     -1.0000
# SPR year: 1976 
     0.0500      0.1175      0.1175      0.1175      0.1150      0.1125      0.1100      0.1100     -1.0000     -1.0000     -1.0000     -1.0000
     0.0500      0.1175      0.1175      0.1175      0.1150      0.1125      0.1100      0.1100     -1.0000     -1.0000     -1.0000     -1.0000
     0.0500      0.1175      0.1175      0.1175      0.1150      0.1125      0.1100      0.1100     -1.0000     -1.0000     -1.0000     -1.0000
     0.0500      0.1175      0.1175      0.1175      0.1150      0.1125      0.1100      0.1100     -1.0000     -1.0000     -1.0000     -1.0000
# SPR year: 1977 
     0.0500      0.1375      0.1375      0.1350      0.1325      0.1300      0.1275      0.1275     -1.0000     -1.0000     -1.0000     -1.0000
     0.0500      0.1375      0.1375      0.1350      0.1325      0.1300      0.1275      0.1275     -1.0000     -1.0000     -1.0000     -1.0000
     0.0500      0.1375      0.1375      0.1350      0.1325      0.1300      0.1275      0.1275     -1.0000     -1.0000     -1.0000     -1.0000
     0.0500      0.1375      0.1375      0.1350      0.1325      0.1300      0.1275      0.1275     -1.0000     -1.0000     -1.0000     -1.0000
# SPR year: 1978 
     0.0500      0.1675      0.1675      0.1650      0.1600      0.1575      0.1550      0.1525     -1.0000     -1.0000     -1.0000     -1.0000
     0.0500      0.1675      0.1675      0.1650      0.1600      0.1575      0.1550      0.1525     -1.0000     -1.0000     -1.0000     -1.0000
     0.0500      0.1675      0.1675      0.1650      0.1600      0.1575      0.1550      0.1525     -1.0000     -1.0000     -1.0000     -1.0000
     0.0500      0.1675      0.1675      0.1650      0.1600      0.1575      0.1550      0.1525     -1.0000     -1.0000     -1.0000     -1.0000
# SPR year: 1979 
     0.0500      0.1950      0.1950      0.1925      0.1875      0.1825      0.1800      0.1775     -1.0000     -1.0000     -1.0000     -1.0000
     0.0500      0.1950      0.1950      0.1925      0.1875      0.1825      0.1800      0.1775     -1.0000     -1.0000     -1.0000     -1.0000
     0.0500      0.1950      0.1950      0.1925      0.1875      0.1825      0.1800      0.1775     -1.0000     -1.0000     -1.0000     -1.0000
     0.0500      0.1950      0.1950      0.1925      0.1875      0.1825      0.1800      0.1775     -1.0000     -1.0000     -1.0000     -1.0000
# SPR year: 1980 
     0.0500      0.2100      0.2100      0.2075      0.2025      0.1975      0.1925      0.1925     -1.0000     -1.0000     -1.0000     -1.0000
     0.0500      0.2100      0.2100      0.2075      0.2025      0.1975      0.1925      0.1925     -1.0000     -1.0000     -1.0000     -1.0000
     0.0500      0.2100      0.2100      0.2075      0.2025      0.1975      0.1925      0.1925     -1.0000     -1.0000     -1.0000     -1.0000
     0.0500      0.2100      0.2100      0.2075      0.2025      0.1975      0.1925      0.1925     -1.0000     -1.0000     -1.0000     -1.0000
# SPR year: 1981 
     0.0500      0.2000      0.2000      0.2000      0.1925      0.1875      0.1850      0.1850     -1.0000     -1.0000     -1.0000     -1.0000
     0.0500      0.2000      0.2000      0.2000      0.1925      0.1875      0.1850      0.1850     -1.0000     -1.0000     -1.0000     -1.0000
     0.0500      0.2000      0.2000      0.2000      0.1925      0.1875      0.1850      0.1850     -1.0000     -1.0000     -1.0000     -1.0000
     0.0500      0.2000      0.2000      0.2000      0.1925      0.1875      0.1850      0.1850     -1.0000     -1.0000     -1.0000     -1.0000
# SPR year: 1982 
     0.0500      0.2050      0.2050      0.2050      0.1975      0.1925      0.1900      0.1875     -1.0000     -1.0000     -1.0000     -1.0000
     0.0500      0.2050      0.2050      0.2050      0.1975      0.1925      0.1900      0.1875     -1.0000     -1.0000     -1.0000     -1.0000
     0.0500      0.2050      0.2050      0.2050      0.1975      0.1925      0.1900      0.1875     -1.0000     -1.0000     -1.0000     -1.0000
     0.0500      0.2050      0.2050      0.2050      0.1975      0.1925      0.1900      0.1875     -1.0000     -1.0000     -1.0000     -1.0000
# SPR year: 1983 
     0.0500      0.1900      0.1900      0.1900      0.1850      0.1800      0.1775      0.1750     -1.0000     -1.0000     -1.0000     -1.0000
     0.0500      0.1900      0.1900      0.1900      0.1850      0.1800      0.1775      0.1750     -1.0000     -1.0000     -1.0000     -1.0000
     0.0500      0.1900      0.1900      0.1900      0.1850      0.1800      0.1775      0.1750     -1.0000     -1.0000     -1.0000     -1.0000
     0.0500      0.1900      0.1900      0.1900      0.1850      0.1800      0.1775      0.1750     -1.0000     -1.0000     -1.0000     -1.0000
# SPR year: 1984 
     0.0500      0.1575      0.1575      0.1575      0.1525      0.1475      0.1450      0.1450     -1.0000     -1.0000     -1.0000     -1.0000
     0.0500      0.1575      0.1575      0.1575      0.1525      0.1475      0.1450      0.1450     -1.0000     -1.0000     -1.0000     -1.0000
     0.0500      0.1575      0.1575      0.1575      0.1525      0.1475      0.1450      0.1450     -1.0000     -1.0000     -1.0000     -1.0000
     0.0500      0.1575      0.1575      0.1575      0.1525      0.1475      0.1450      0.1450     -1.0000     -1.0000     -1.0000     -1.0000
# SPR year: 1985 
     0.0500      0.1350      0.1350      0.1325      0.1300      0.1275      0.1250      0.1250     -1.0000     -1.0000     -1.0000     -1.0000
     0.0500      0.1350      0.1350      0.1325      0.1300      0.1275      0.1250      0.1250     -1.0000     -1.0000     -1.0000     -1.0000
     0.0500      0.1350      0.1350      0.1325      0.1300      0.1275      0.1250      0.1250     -1.0000     -1.0000     -1.0000     -1.0000
     0.0500      0.1350      0.1350      0.1325      0.1300      0.1275      0.1250      0.1250     -1.0000     -1.0000     -1.0000     -1.0000
# SPR year: 1986 
     0.0500      0.1175      0.1175      0.1175      0.1150      0.1125      0.1125      0.1100     -1.0000     -1.0000     -1.0000     -1.0000
     0.0500      0.1175      0.1175      0.1175      0.1150      0.1125      0.1125      0.1100     -1.0000     -1.0000     -1.0000     -1.0000
     0.0500      0.1175      0.1175      0.1175      0.1150      0.1125      0.1125      0.1100     -1.0000     -1.0000     -1.0000     -1.0000
     0.0500      0.1175      0.1175      0.1175      0.1150      0.1125      0.1125      0.1100     -1.0000     -1.0000     -1.0000     -1.0000
# SPR year: 1987 
     0.0500      0.1075      0.1075      0.1075      0.1050      0.1025      0.1000      0.1000     -1.0000     -1.0000     -1.0000     -1.0000
     0.0500      0.1075      0.1075      0.1075      0.1050      0.1025      0.1000      0.1000     -1.0000     -1.0000     -1.0000     -1.0000
     0.0500      0.1075      0.1075      0.1075      0.1050      0.1025      0.1000      0.1000     -1.0000     -1.0000     -1.0000     -1.0000
     0.0500      0.1075      0.1075      0.1075      0.1050      0.1025      0.1000      0.1000     -1.0000     -1.0000     -1.0000     -1.0000
# SPR year: 1988 
     0.0500      0.1075      0.1075      0.1075      0.1050      0.1025      0.1025      0.1025     -1.0000     -1.0000     -1.0000     -1.0000
     0.0500      0.1075      0.1075      0.1075      0.1050      0.1025      0.1025      0.1025     -1.0000     -1.0000     -1.0000     -1.0000
     0.0500      0.1075      0.1075      0.1075      0.1050      0.1025      0.1025      0.1025     -1.0000     -1.0000     -1.0000     -1.0000
     0.0500      0.1075      0.1075      0.1075      0.1050      0.1025      0.1025      0.1025     -1.0000     -1.0000     -1.0000     -1.0000
# SPR year: 1989 
     0.0500      0.0975      0.0975      0.0975      0.0950      0.0950      0.0925      0.0925     -1.0000     -1.0000     -1.0000     -1.0000
     0.0500      0.0975      0.0975      0.0975      0.0950      0.0950      0.0925      0.0925     -1.0000     -1.0000     -1.0000     -1.0000
     0.0500      0.0975      0.0975      0.0975      0.0950      0.0950      0.0925      0.0925     -1.0000     -1.0000     -1.0000     -1.0000
     0.0500      0.0975      0.0975      0.0975      0.0950      0.0950      0.0925      0.0925     -1.0000     -1.0000     -1.0000     -1.0000
# SPR year: 1990 
     0.0500      0.0825      0.0825      0.0825      0.0800      0.0800      0.0800      0.0800     -1.0000     -1.0000     -1.0000     -1.0000
     0.0500      0.0825      0.0825      0.0825      0.0800      0.0800      0.0800      0.0800     -1.0000     -1.0000     -1.0000     -1.0000
     0.0500      0.0825      0.0825      0.0825      0.0800      0.0800      0.0800      0.0800     -1.0000     -1.0000     -1.0000     -1.0000
     0.0500      0.0825      0.0825      0.0825      0.0800      0.0800      0.0800      0.0800     -1.0000     -1.0000     -1.0000     -1.0000
# SPR year: 1991 
     0.0500      0.0700      0.0700      0.0700      0.0700      0.0700      0.0675      0.0675     -1.0000     -1.0000     -1.0000     -1.0000
     0.0500      0.0700      0.0700      0.0700      0.0700      0.0700      0.0675      0.0675     -1.0000     -1.0000     -1.0000     -1.0000
     0.0500      0.0700      0.0700      0.0700      0.0700      0.0700      0.0675      0.0675     -1.0000     -1.0000     -1.0000     -1.0000
     0.0500      0.0700      0.0700      0.0700      0.0700      0.0700      0.0675      0.0675     -1.0000     -1.0000     -1.0000     -1.0000
# SPR year: 1992 
     0.0500      0.0675      0.0675      0.0675      0.0675      0.0650      0.0650      0.0650     -1.0000     -1.0000     -1.0000     -1.0000
     0.0500      0.0675      0.0675      0.0675      0.0675      0.0650      0.0650      0.0650     -1.0000     -1.0000     -1.0000     -1.0000
     0.0500      0.0675      0.0675      0.0675      0.0675      0.0650      0.0650      0.0650     -1.0000     -1.0000     -1.0000     -1.0000
     0.0500      0.0675      0.0675      0.0675      0.0675      0.0650      0.0650      0.0650     -1.0000     -1.0000     -1.0000     -1.0000
# SPR year: 1993 
     0.0500      0.0750      0.0750      0.0750      0.0725      0.0725      0.0725      0.0725     -1.0000     -1.0000     -1.0000     -1.0000
     0.0500      0.0750      0.0750      0.0750      0.0725      0.0725      0.0725      0.0725     -1.0000     -1.0000     -1.0000     -1.0000
     0.0500      0.0750      0.0750      0.0750      0.0725      0.0725      0.0725      0.0725     -1.0000     -1.0000     -1.0000     -1.0000
     0.0500      0.0750      0.0750      0.0750      0.0725      0.0725      0.0725      0.0725     -1.0000     -1.0000     -1.0000     -1.0000
# SPR year: 1994 
     0.0500      0.0750      0.0750      0.0750      0.0725      0.0725      0.0725      0.0725     -1.0000     -1.0000     -1.0000     -1.0000
     0.0500      0.0750      0.0750      0.0750      0.0725      0.0725      0.0725      0.0725     -1.0000     -1.0000     -1.0000     -1.0000
     0.0500      0.0750      0.0750      0.0750      0.0725      0.0725      0.0725      0.0725     -1.0000     -1.0000     -1.0000     -1.0000
     0.0500      0.0750      0.0750      0.0750      0.0725      0.0725      0.0725      0.0725     -1.0000     -1.0000     -1.0000     -1.0000
# SPR year: 1995 
     0.0500      0.0750      0.0750      0.0750      0.0725      0.0725      0.0725      0.0725     -1.0000     -1.0000     -1.0000     -1.0000
     0.0500      0.0750      0.0750      0.0750      0.0725      0.0725      0.0725      0.0725     -1.0000     -1.0000     -1.0000     -1.0000
     0.0500      0.0750      0.0750      0.0750      0.0725      0.0725      0.0725      0.0725     -1.0000     -1.0000     -1.0000     -1.0000
     0.0500      0.0750      0.0750      0.0750      0.0725      0.0725      0.0725      0.0725     -1.0000     -1.0000     -1.0000     -1.0000
# SPR year: 1996 
     0.0500      0.0725      0.0725      0.0725      0.0700      0.0700      0.0700      0.0700     -1.0000     -1.0000     -1.0000     -1.0000
     0.0500      0.0725      0.0725      0.0725      0.0700      0.0700      0.0700      0.0700     -1.0000     -1.0000     -1.0000     -1.0000
     0.0500      0.0725      0.0725      0.0725      0.0700      0.0700      0.0700      0.0700     -1.0000     -1.0000     -1.0000     -1.0000
     0.0500      0.0725      0.0725      0.0725      0.0700      0.0700      0.0700      0.0700     -1.0000     -1.0000     -1.0000     -1.0000
# SPR year: 1997 
     0.0500      0.0750      0.0750      0.0750      0.0750      0.0725      0.0725      0.0725     -1.0000     -1.0000     -1.0000     -1.0000
     0.0500      0.0750      0.0750      0.0750      0.0750      0.0725      0.0725      0.0725     -1.0000     -1.0000     -1.0000     -1.0000
     0.0500      0.0750      0.0750      0.0750      0.0750      0.0725      0.0725      0.0725     -1.0000     -1.0000     -1.0000     -1.0000
     0.0500      0.0750      0.0750      0.0750      0.0750      0.0725      0.0725      0.0725     -1.0000     -1.0000     -1.0000     -1.0000
# SPR year: 1998 
     0.0500      0.0800      0.0800      0.0800      0.0800      0.0775      0.0775      0.0775     -1.0000     -1.0000     -1.0000     -1.0000
     0.0500      0.0800      0.0800      0.0800      0.0800      0.0775      0.0775      0.0775     -1.0000     -1.0000     -1.0000     -1.0000
     0.0500      0.0800      0.0800      0.0800      0.0800      0.0775      0.0775      0.0775     -1.0000     -1.0000     -1.0000     -1.0000
     0.0500      0.0800      0.0800      0.0800      0.0800      0.0775      0.0775      0.0775     -1.0000     -1.0000     -1.0000     -1.0000
# SPR year: 1999 
     0.0500      0.0850      0.0850      0.0850      0.0825      0.0825      0.0825      0.0800     -1.0000     -1.0000     -1.0000     -1.0000
     0.0500      0.0850      0.0850      0.0850      0.0825      0.0825      0.0825      0.0800     -1.0000     -1.0000     -1.0000     -1.0000
     0.0500      0.0850      0.0850      0.0850      0.0825      0.0825      0.0825      0.0800     -1.0000     -1.0000     -1.0000     -1.0000
     0.0500      0.0850      0.0850      0.0850      0.0825      0.0825      0.0825      0.0800     -1.0000     -1.0000     -1.0000     -1.0000
# SPR year: 2000 
     0.0500      0.0850      0.0850      0.0850      0.0825      0.0825      0.0825      0.0800     -1.0000     -1.0000     -1.0000     -1.0000
     0.0500      0.0850      0.0850      0.0850      0.0825      0.0825      0.0825      0.0800     -1.0000     -1.0000     -1.0000     -1.0000
     0.0500      0.0850      0.0850      0.0850      0.0825      0.0825      0.0825      0.0800     -1.0000     -1.0000     -1.0000     -1.0000
     0.0500      0.0850      0.0850      0.0850      0.0825      0.0825      0.0825      0.0800     -1.0000     -1.0000     -1.0000     -1.0000
# SPR year: 2001 
     0.0500      0.0825      0.0825      0.0825      0.0800      0.0800      0.0800      0.0775     -1.0000     -1.0000     -1.0000     -1.0000
     0.0500      0.0825      0.0825      0.0825      0.0800      0.0800      0.0800      0.0775     -1.0000     -1.0000     -1.0000     -1.0000
     0.0500      0.0825      0.0825      0.0825      0.0800      0.0800      0.0800      0.0775     -1.0000     -1.0000     -1.0000     -1.0000
     0.0500      0.0825      0.0825      0.0825      0.0800      0.0800      0.0800      0.0775     -1.0000     -1.0000     -1.0000     -1.0000
# SPR year: 2002 
     0.0500      0.0875      0.0875      0.0875      0.0850      0.0825      0.0825      0.0825     -1.0000     -1.0000     -1.0000     -1.0000
     0.0500      0.0875      0.0875      0.0875      0.0850      0.0825      0.0825      0.0825     -1.0000     -1.0000     -1.0000     -1.0000
     0.0500      0.0875      0.0875      0.0875      0.0850      0.0825      0.0825      0.0825     -1.0000     -1.0000     -1.0000     -1.0000
     0.0500      0.0875      0.0875      0.0875      0.0850      0.0825      0.0825      0.0825     -1.0000     -1.0000     -1.0000     -1.0000
# SPR year: 2003 
     0.0500      0.0725      0.0725      0.0725      0.0700      0.0700      0.0700      0.0700     -1.0000     -1.0000     -1.0000     -1.0000
     0.0500      0.0725      0.0725      0.0725      0.0700      0.0700      0.0700      0.0700     -1.0000     -1.0000     -1.0000     -1.0000
     0.0500      0.0725      0.0725      0.0725      0.0700      0.0700      0.0700      0.0700     -1.0000     -1.0000     -1.0000     -1.0000
     0.0500      0.0725      0.0725      0.0725      0.0700      0.0700      0.0700      0.0700     -1.0000     -1.0000     -1.0000     -1.0000
# SPR year: 2004 
     0.0500      0.0725      0.0725      0.0725      0.0725      0.0700      0.0700      0.0700     -1.0000     -1.0000     -1.0000     -1.0000
     0.0500      0.0725      0.0725      0.0725      0.0725      0.0700      0.0700      0.0700     -1.0000     -1.0000     -1.0000     -1.0000
     0.0500      0.0725      0.0725      0.0725      0.0725      0.0700      0.0700      0.0700     -1.0000     -1.0000     -1.0000     -1.0000
     0.0500      0.0725      0.0725      0.0725      0.0725      0.0700      0.0700      0.0700     -1.0000     -1.0000     -1.0000     -1.0000
# SPR year: 2005 
     0.0500      0.0750      0.0750      0.0750      0.0750      0.0725      0.0725      0.0725     -1.0000     -1.0000     -1.0000     -1.0000
     0.0500      0.0750      0.0750      0.0750      0.0750      0.0725      0.0725      0.0725     -1.0000     -1.0000     -1.0000     -1.0000
     0.0500      0.0750      0.0750      0.0750      0.0750      0.0725      0.0725      0.0725     -1.0000     -1.0000     -1.0000     -1.0000
     0.0500      0.0750      0.0750      0.0750      0.0750      0.0725      0.0725      0.0725     -1.0000     -1.0000     -1.0000     -1.0000
# SPR year: 2006 
     0.0500      0.0800      0.0800      0.0800      0.0800      0.0775      0.0775      0.0775     -1.0000     -1.0000     -1.0000     -1.0000
     0.0500      0.0800      0.0800      0.0800      0.0800      0.0775      0.0775      0.0775     -1.0000     -1.0000     -1.0000     -1.0000
     0.0500      0.0800      0.0800      0.0800      0.0800      0.0775      0.0775      0.0775     -1.0000     -1.0000     -1.0000     -1.0000
     0.0500      0.0800      0.0800      0.0800      0.0800      0.0775      0.0775      0.0775     -1.0000     -1.0000     -1.0000     -1.0000
# SPR year: 2007 
     0.0500      0.0825      0.0825      0.0825      0.0825      0.0800      0.0800      0.0800     -1.0000     -1.0000     -1.0000     -1.0000
     0.0500      0.0825      0.0825      0.0825      0.0825      0.0800      0.0800      0.0800     -1.0000     -1.0000     -1.0000     -1.0000
     0.0500      0.0825      0.0825      0.0825      0.0825      0.0800      0.0800      0.0800     -1.0000     -1.0000     -1.0000     -1.0000
     0.0500      0.0825      0.0825      0.0825      0.0825      0.0800      0.0800      0.0800     -1.0000     -1.0000     -1.0000     -1.0000
# SPR year: 2008 
     0.0500      0.0875      0.0875      0.0875      0.0875      0.0850      0.0850      0.0850     -1.0000     -1.0000     -1.0000     -1.0000
     0.0500      0.0875      0.0875      0.0875      0.0875      0.0850      0.0850      0.0850     -1.0000     -1.0000     -1.0000     -1.0000
     0.0500      0.0875      0.0875      0.0875      0.0875      0.0850      0.0850      0.0850     -1.0000     -1.0000     -1.0000     -1.0000
     0.0500      0.0875      0.0875      0.0875      0.0875      0.0850      0.0850      0.0850     -1.0000     -1.0000     -1.0000     -1.0000
# SPR year: 2009 
     0.0500      0.0925      0.0925      0.0925      0.0925      0.0900      0.0900      0.0875     -1.0000     -1.0000     -1.0000     -1.0000
     0.0500      0.0925      0.0925      0.0925      0.0925      0.0900      0.0900      0.0875     -1.0000     -1.0000     -1.0000     -1.0000
     0.0500      0.0925      0.0925      0.0925      0.0925      0.0900      0.0900      0.0875     -1.0000     -1.0000     -1.0000     -1.0000
     0.0500      0.0925      0.0925      0.0925      0.0925      0.0900      0.0900      0.0875     -1.0000     -1.0000     -1.0000     -1.0000
# SPR year: 2010 
     0.0500      0.1050      0.1050      0.1050      0.1025      0.1000      0.1000      0.1000     -1.0000     -1.0000     -1.0000     -1.0000
     0.0500      0.1050      0.1050      0.1050      0.1025      0.1000      0.1000      0.1000     -1.0000     -1.0000     -1.0000     -1.0000
     0.0500      0.1050      0.1050      0.1050      0.1025      0.1000      0.1000      0.1000     -1.0000     -1.0000     -1.0000     -1.0000
     0.0500      0.1050      0.1050      0.1050      0.1025      0.1000      0.1000      0.1000     -1.0000     -1.0000     -1.0000     -1.0000
# SPR year: 2011 
     0.0500      0.1125      0.1125      0.1125      0.1100      0.1075      0.1075      0.1050     -1.0000     -1.0000     -1.0000     -1.0000
     0.0500      0.1125      0.1125      0.1125      0.1100      0.1075      0.1075      0.1050     -1.0000     -1.0000     -1.0000     -1.0000
     0.0500      0.1125      0.1125      0.1125      0.1100      0.1075      0.1075      0.1050     -1.0000     -1.0000     -1.0000     -1.0000
     0.0500      0.1125      0.1125      0.1125      0.1100      0.1075      0.1075      0.1050     -1.0000     -1.0000     -1.0000     -1.0000
# SPR year: 2012 
    -1.0000      0.0910      0.0910      0.0908      0.0892      0.0882      0.0872      0.0867     -1.0000     -1.0000     -1.0000     -1.0000
    -1.0000      0.0910      0.0910      0.0908      0.0892      0.0882      0.0872      0.0867     -1.0000     -1.0000     -1.0000     -1.0000
     0.0500      0.0910      0.0910      0.0908      0.0892      0.0882      0.0872      0.0867     -1.0000     -1.0000     -1.0000     -1.0000
     0.0500      0.0910      0.0910      0.0908      0.0892      0.0882      0.0872      0.0867     -1.0000     -1.0000     -1.0000     -1.0000
# SPR year: 2013 
     0.0500      0.0782      0.0782      0.0782      0.0770      0.0762      0.0758      0.0752     -1.0000     -1.0000     -1.0000     -1.0000
     0.0500      0.0782      0.0782      0.0782      0.0770      0.0762      0.0758      0.0752     -1.0000     -1.0000     -1.0000     -1.0000
     0.0500      0.0782      0.0782      0.0782      0.0770      0.0762      0.0758      0.0752     -1.0000     -1.0000     -1.0000     -1.0000
     0.0500      0.0782      0.0782      0.0782      0.0770      0.0762      0.0758      0.0752     -1.0000     -1.0000     -1.0000     -1.0000
# SPR year: 2014 
    -1.0000      0.0758      0.0758      0.0758      0.0748      0.0740      0.0735      0.0732     -1.0000     -1.0000     -1.0000     -1.0000
    -1.0000      0.0758      0.0758      0.0758      0.0748      0.0740      0.0735      0.0732     -1.0000     -1.0000     -1.0000     -1.0000
     0.0500      0.0758      0.0758      0.0758      0.0748      0.0740      0.0735      0.0732     -1.0000     -1.0000     -1.0000     -1.0000
     0.0500      0.0758      0.0758      0.0758      0.0748      0.0740      0.0735      0.0732     -1.0000     -1.0000     -1.0000     -1.0000
# SPR year: 2015 
    -1.0000      0.0775      0.0775      0.0772      0.0762      0.0755      0.0750      0.0745     -1.0000     -1.0000     -1.0000     -1.0000
    -1.0000      0.0775      0.0775      0.0772      0.0762      0.0755      0.0750      0.0745     -1.0000     -1.0000     -1.0000     -1.0000
     0.0500      0.0775      0.0775      0.0772      0.0762      0.0755      0.0750      0.0745     -1.0000     -1.0000     -1.0000     -1.0000
     0.0500      0.0775      0.0775      0.0772      0.0762      0.0755      0.0750      0.0745     -1.0000     -1.0000     -1.0000     -1.0000
# SPR year: 2016 
     0.0500      0.0822      0.0822      0.0820      0.0808      0.0800      0.0792      0.0788     -1.0000     -1.0000     -1.0000     -1.0000
    -1.0000      0.0822      0.0822      0.0820      0.0808      0.0800      0.0792      0.0788     -1.0000     -1.0000     -1.0000     -1.0000
     0.0500      0.0822      0.0822      0.0820      0.0808      0.0800      0.0792      0.0788     -1.0000     -1.0000     -1.0000     -1.0000
     0.0500      0.0822      0.0822      0.0820      0.0808      0.0800      0.0792      0.0788     -1.0000     -1.0000     -1.0000     -1.0000
# SPR year: 2017 
     0.0500      0.0707      0.0707      0.0705      0.0698      0.0693      0.0688      0.0685     -1.0000     -1.0000     -1.0000     -1.0000
    -1.0000      0.0707      0.0707      0.0705      0.0698      0.0693      0.0688      0.0685     -1.0000     -1.0000     -1.0000     -1.0000
     0.0500      0.0707      0.0707      0.0705      0.0698      0.0693      0.0688      0.0685     -1.0000     -1.0000     -1.0000     -1.0000
     0.0500      0.0707      0.0707      0.0705      0.0698      0.0693      0.0688      0.0685     -1.0000     -1.0000     -1.0000     -1.0000
# SPR year: 2018 
    -1.0000      0.0670      0.0670      0.0670      0.0662      0.0660      0.0655      0.0652     -1.0000     -1.0000     -1.0000     -1.0000
    -1.0000      0.0670      0.0670      0.0670      0.0662      0.0660      0.0655      0.0652     -1.0000     -1.0000     -1.0000     -1.0000
     0.0500      0.0670      0.0670      0.0670      0.0662      0.0660      0.0655      0.0652     -1.0000     -1.0000     -1.0000     -1.0000
     0.0500      0.0670      0.0670      0.0670      0.0662      0.0660      0.0655      0.0652     -1.0000     -1.0000     -1.0000     -1.0000
-999 # Checksum