# COD year: 1974 
         -1      526192     1551844      533174      568039      312184      273072      101710      124987       36366        9764        3013
         -1      161310      862051      642522      548117      278948      292804      110104      129222       37981        9907        2998
         -1     3605780      400915      488418      587867      255867      287418      122656      142954       42567       11115        3336
         -1     1711820     1086027      297289      519196      259706      275114      127789      160008       48329       12882        3852
# COD year: 1975 
         -1      441297     1286637      407650      400543      244114      264400      121989      164653       50795       13588        4017
         -1      134899      716842      519834      406004      205623      248569      115816      161676       52253       13861        4042
         -1     5153920      336153      400441      459744      188437      226158      113472      163980       57130       15450        4511
         -1     2449600     1455335      247774      416000      198107      209858      107939      166063       62523       17694        5215
# COD year: 1976 
         -1      629207     1802487      489138      337669      191604      201945       96976      154956       62028       18359        5441
         -1      191451     1008498      696806      429399      166669      192227       89150      139157       58342       18010        5385
         -1    11103300      477635      549348      566477      175798      180579       87540      134257       58789       19263        5944
         -1     5280160     3034232      347850      542515      219986      185596       85660      134634       61197       21510        6971
# COD year: 1977 
         -1     1353910     3845130      955926      476839      235432      207532       82858      127348       58694       21779        7421
         -1      411059     2156113     1453328      766773      221497      222556       86395      119578       54190       20835        7469
         -1     9114630     1000300     1159810     1126033      279348      228998       94853      123378       53816       21460        8165
         -1     4326520     2736872      715653     1114037      406464      272474      101379      133347       55670       22945        9298
# COD year: 1978 
         -1     1115050     3248003     1013604      910516      466050      357294      112549      139693       55474       23011        9863
         -1      340759     1810013     1306404      976191      435348      421549      138448      149546       54927       22323       10033
         -1     5437780      838168     1008438     1136120      428322      436032      169014      174940       57628       22827       10695
         -1     2578520     1732316      613371     1037789      473429      443493      186805      208891       62703       23938       11582
# COD year: 1979 
         -1      666936     1975753      703155      804408      472545      464522      192073      233339       67236       23825       11685
         -1      204746     1096713      828117      747605      409378      467625      198190      248160       72741       23372       11369
         -1     8907020      516272      625861      775925      361995      437955      205522      265884       81965       24569       11649
         -1     4234380     2489524      386767      676098      354065      403709      203600      284415       93393       27317       12445
# COD year: 1980 
         -1     1087130     3106142      823767      545296      326844      377080      189201      285289      100301       29228       12595
         -1      330598     1739287     1194020      715523      277228      344038      172663      269323      101644       29824       12073
         -1     9040100      809532      944206      961521      291484      309414      160957      256963      104540       31695       12252
         -1     4293590     2640846      583513      926371      369485      310741      149806      248671      108803       34914       13185
# COD year: 1981 
         -1     1104850     3193987      937529      757137      398972      347488      140446      227686      104882       35631       13288
         -1      336944     1782922     1261494      866854      363758      373655      144089      205948       95678       34180       12736
         -1     6006020      825922      982807     1063258      368000      372357      157464      206247       92477       34930       13321
         -1     2849080     1872187      600336      992132      428962      382250      165731      220634       93934       37391       14871
# COD year: 1982 
         -1      735893     2166242      735380      778895      440591      410915      165775      223500       89602       36273       15059
         -1      225510     1204078      893908      755339      388268      425048      172080      223171       85252       33798       14602
         -1     3735400      558132      680838      814928      354153      407823      183458      235741       87987       34110       15334
         -1     1771610     1183280      412742      721790      359781      385365      185412      251986       93114       35460       16446
# COD year: 1983 
         -1      458091     1354901      478150      551546      340621      371562      175832      254214       94387       34949       16444
         -1      140558      752235      566034      508972      285469      348334      164864      242698       91975       32745       15353
         -1     3191300      349977      428366      528947      248410      313247      159029      238044       94063       32903       15315
         -1     1515140      959364      260629      461904      242179      283076      151156      239297       99882       35419       16416
# COD year: 1984 
         -1      390537     1137965      359114      353101      220338      254590      131328      216510       93511       33396       15182
         -1      119350      633990      458965      356757      181920      227744      114473      188117       83478       29906       13249
         -1     3326130      295545      353766      404905      165732      202849      107014      176543       82156       30349       13387
         -1     1579890      971209      217172      367008      174448      186604       99336      169754       82868       32067       14288
# COD year: 1985 
         -1      406540     1175102      345739      290073      168021      176821       86211      148253       73815       29523       13239
         -1      123974      655930      464307      323396      144188      166904       77299      125758       62495       25480       11498
         -1     4974730      307674      361646      393114      140633      154916       75301      117720       58709       24725       11434
         -1     2364580     1397639      224834      365670      160278      150969       72741      115159       57397       25113       12026
# COD year: 1986 
         -1      607159     1736821      464219      301456      161439      153258       65709      101561       48644       21472       10541
         -1      184651      971940      668375      398815      143873      153238       62916       88662       39868       17240        8605
         -1     3061050      449596      527962      537134      157849      149692       65658       88143       37971       16304        8360
         -1     1451610      965383      323280      517587      204144      160335       67154       92127       38349       16459        8686
# COD year: 1987 
         -1      375126     1107634      383330      408920      219650      183192       65618       86391       33543       13821        7346
         -1      114992      614783      458952      392013      196675      198715       70184       81027       28563       10884        5703
         -1     1913140      284916      348376      419313      181026      197936       80414       88698       28921       10496        5453
         -1      907372      605651      210953      369930      184196      191533       85822      101365       31213       10934        5624
# COD year: 1988 
         -1      234569      693447      243844      279548      171397      181980       81033      102764       30020        9673        4778
         -1       71936      384808      288815      256804      141791      168492       75412       98212       28529        8170        3764
         -1     1919570      179352      218678      268059      123673      152279       74102       99926       30866        8317        3585
         -1      911720      564243      133370      234346      121075      137900       70995      102939       34390        9234        3726
# COD year: 1989 
         -1      234699      679646      203631      181091      110810      125228       62442       95774       34052        9209        3419
         -1       71591      379081      269678      193564       91091      110900       53585       81957       30464        8292        2811
         -1     1422540      175758      209398      230184       85465       98286       49519       75410       29550        8358        2687
         -1      675061      435350      127990      212844       95154       93311       46744       74079       30845        9343        2974
# COD year: 1990 
         -1      174156      509919      166322      166292       94595       92193       41132       64949       27664        8800        2781
         -1       53269      283598      207393      165349       81351       89492       37576       54242       22688        7381        2323
         -1     2817490      133996      158880      184050       74978       84065       37944       51581       21124        7111        2293
         -1     1339730      775287       99203      165254       78554       79782       37590       52260       20909        7323        2460
# COD year: 1991 
         -1      348669      979149      243965      137244       74221       75096       33294       46573       17467        6060        2079
         -1      114277      574434      357990      185866       63662       68942       29206       38998       13537        4413        1510
         -1     3354810      285226      302731      263903       67650       64420       28370       36954       12604        3943        1358
         -1     1593990      980642      201582      275453       90429       66630       28124       37617       13018        4046        1412
# COD year: 1992 
         -1      408760     1186276      345789      246346      109395       80484       28041       37117       12886        3958        1377
         -1      122425      654433      470167      311018      111131       97977       31822       37025       12597        3803        1303
         -1     2287570      298854      361434      393856      125400      108450       39051       41272       13251        4014        1369
         -1     1085250      705152      217500      365528      155513      123325       45325       48918       14533        4450        1525
# COD year: 1993 
         -1      277157      820401      274809      284424      163034      145794       51432       56623       15769        4717        1619
         -1       80501      441247      342190      288061      144299      158911       60867       66416       18072        5150        1769
         -1     1924900      196577      250620      315604      135221      153319       68294       78045       21144        5748        1962
         -1      913863      569713      146104      271081      140761      147712       69997       89350       24973        6557        2193
# COD year: 1994 
         -1      234502      682271      209742      202708      130144      144048       66756       92572       27641        7021        2255
         -1       70360      376481      274917      209788      106457      133483       63144       89420       28750        7108        2150
         -1     1886150      173056      210054      242501       97797      119309       61496       90192       31611        8047        2338
         -1      895801      552215      127221      218770      104512      110316       57813       91033       34700        9421        2685
# COD year: 1995 
         -1      230282      666894      198346      171902      101561      107572       52155       85590       35013       10112        2851
         -1       69900      371140      265242      189653       87473      103466       48735       78291       33961       10393        2947
         -1     1434390      171779      205614      227631       84499       95937       47780       75339       34277       11244        3292
         -1      680757      436687      125343      209450       93889       91055       44834       71550       33207       11638        3559
# COD year: 1996 
         -1      178040      514779      164995      164871       93137       90415       40132       63038       28783       10462        3311
         -1       58536      299408      203926      159648       80950       87937       37104       54348       23956        8800        2866
         -1     2629100      149846      165169      175786       72575       82526       36752       50781       21677        8044        2717
         -1     1250100      737128      109586      164809       73108       75984       35587       48827       19977        7467        2617
# COD year: 1997 
         -1      326528      920308      239210      144256       72100       71794       32557       45169       17336        6355        2272
         -1      108701      543711      338832      186172       65931       68689       29721       40861       14846        5210        1875
         -1     2670190      272941      287482      252655       69150       65644       28541       38374       13612        4562        1646
         -1     1268350      802012      193024      261448       87218       66441       27529       36599       12796        4119        1479
# COD year: 1998 
         -1      330856      955607      291945      232493      102112       76026       26996       34837       11876        3664        1288
         -1      107619      552906      374123      259123      102494       88230       28871       33727       11066        3286        1116
         -1     2744490      271707      303216      308393      104976       94823       33041       34746       10634        3059        1002
         -1     1303660      818420      197036      295822      118430       98923       36303       36945       10093        2792         877
# COD year: 1999 
         -1      337134      978113      298488      248607      124538      106288       37686       38396        9040        2290         672
         -1      105153      552192      388135      275288      115526      112445       39908       40076        8490        1878         507
         -1     2153080      261620      305626      327982      115885      113476       44208       44977        9375        1856         465
         -1     1022000      659634      191136      307211      131309      116236       47276       51536       11107        2076         484
# COD year: 2000 
         -1      267181      774939      251224      247009      133196      120794       46614       53065       11701        2051         429
         -1       87610      449622      308551      241651      117966      120726       45700       51088       11438        1883         344
         -1     2753720      223185      248935      266110      107648      115969       47316       52337       12088        1965         323
         -1     1308690      800851      163347      249149      109872      109698       47777       54878       13043        2168         331
# COD year: 2001 
         -1      339715      974651      280114      211256      109156      106298       45417       54773       13226        2235         319
         -1      108687      560290      376330      244293       98262      101768       41814       50738       12376        2080         280
         -1     1808170      271042      305121      303815       98622       97048       40869       49124       12373        2093         274
         -1      857832      577736      195713      295635      115586       97934       40948       50370       13315        2346         309
# COD year: 2002 
         -1      224311      660546      232799      244442      123936      105530       40246       49791       13534        2475         328
         -1       72893      379493      272241      233960      115192      112078       41110       48455       13303        2509         336
         -1     2164520      186682      214783      246285      106470      112179       44199       49928       13695        2679         369
         -1     1028580      634047      138861      223346      106068      108318       46092       52841       14291        2902         414
# COD year: 2003 
         -1      269361      768997      224425      184237      101147      103457       44411       52664       13749        2804         408
         -1       90145      453729      293850      198468       89555       98468       42401       51693       13339        2680         395
         -1     3709180      231107      245304      237101       84710       92452       41667       52323       13959        2792         420
         -1     1763610     1050604      166919      233518       91564       86970       39777       51674       14319        2856         435
# COD year: 2004 
         -1      457512     1302355      349145      211864       97009       86807       36814       48815       13890        2747         416
         -1      146996      752764      492292      282677       94233       89358       35139       45325       13165        2597         386
         -1     2919420      367234      405454      380321      105277       91374       36118       44516       13188        2656         393
         -1     1385890      904030      263642      381890      135497       99248       37375       45077       13373        2784         414
# COD year: 2005 
         -1      361135     1055364      348343      325081      153844      116904       38836       44884       12906        2736         408
         -1      116370      605486      426972      334748      149315      134444       43777       46582       12891        2769         417
         -1     3481320      296941      339551      373018      145716      141813       51101       51696       13657        2976         458
         -1     1654330     1018099      219665      345216      153090      142221       55355       56545       13790        2971         464
# COD year: 2006 
         -1      436665     1237806      357374      288422      150608      141456       55048       58010       12976        2646         408
         -1      152585      748350      462666      305087      134920      137014       53118       56800       12015        2253         336
         -1     3626760      391920      397900      361536      126932      131343       53375       58157       12341        2163         313
         -1     1723340     1107179      278556      365675      135823      126413       53509       60581       13305        2242         314
# COD year: 2007 
         -1      455026     1310916      410034      330894      145039      125376       50912       59432       13287        2131         282
         -1      157292      784093      507182      355304      142467      127654       48130       55899       12618        1930         236
         -1     3385960      406048      426301      410435      142765      131048       49147       55787       12969        1965         225
         -1     1608550     1050870      293395      405005      156063      135160       51900       58601       14134        2196         243
# COD year: 2008 
         -1      421121     1229180      403698      357404      166566      142495       53301       59897       14525        2299         245
         -1      138848      714443      493218      375868      161628      150244       54646       59860       14213        2265         233
         -1     3487580      356826      398756      422700      159704      154036       58407       62858       14767        2385         242
         -1     1656990     1049123      263594      399948      171083      157018       62349       68462       16194        2677         274
# COD year: 2009 
         -1      434405     1251958      388336      339371      173508      160564       63048       70767       16575        2737         279
         -1      145670      737587      489722      355966      159954      160891       62614       70227       16160        2606         260
         -1     3235230      373847      405126      408206      153074      157487       64189       72342       16771        2671         263
         -1     1536850      994554      272817      395197      162500      154002       65194       75641       17931        2859         279
# COD year: 2010 
         -1      406243     1172460      377716      341137      166409      152982       62919       74769       17831        2801         266
         -1      141391      703919      458961      346222      156178      152039       60210       71370       16994        2599         236
         -1     3474650      368215      385665      383633      148492      149666       60248       70787       17114        2592         227
         -1     1651340     1058335      267918      372166      152557      145490       60237       70855       17392        2634         224
# COD year: 2011 
         -1      439491     1258080      392821      329572      154295      141941       57708       67877       16491        2458         199
         -1      158856      771605      479129      340483      145678      138195       54088       62602       14771        2131         161
         -1     4637040      417483      413627      382380      139489      134766       52631       59809       13867        1951         139
         -1     2204850     1384314      298679      381199      144386      131315       51981       58536       13457        1862         127
# COD year: 2012 
         -1      589821     1669596      490344      352653      148189      127229       48712       53622       11785        1558          99
         -1      220243     1043261      610919      384850      143989      124425       44979       47682        9798        1210          70
         -1     4832190      577757      542662      452074      143475      124473       44185       45527        9005        1059          57
         -1     2297320     1517714      402360      468120      154338      124102       43750       43783        8335         935          46
# COD year: 2013 
         -1      616448     1776141      574822      444900      167493      126030       42382       40840        7270         761          35
         -1      230061     1104140      677912      472712      172341      132159       41767       38675        6426         625          26
         -1     3445990      607979      589948      529233      175946      139735       43407       38741        6141         564          21
         -1     1637350     1178327      431113      531129      187478      145725       45814       39632        6016         525          18
# COD year: 2014 
         -1      440789     1310906      502910      486348      198997      152190       47460       39905        5662         461          15
         -1      162759      803797      542663      471590      198994      159328       48716       39857        5220         392          11
         -1     3183260      438547      453282      478672      193587      165184       51383       41348        5112         356           9
         -1     1513160     1026797      324164      449337      191676      167245       54454       43830        5224         342           8
# COD year: 2015 
         -1      405668     1182519      414302      395541      187512      165753       55689       45195        5148         311           7
         -1      149647      729088      470069      384101      174937      161260       55024       45115        4900         270           5
         -1     1912200      397437      400640      400459      163663      156665       55274       46350        4979         255           5
         -1      908208      682051      288048      384700      160509      151076       55563       48168        5272         258           4
# COD year: 2016 
         -1      246479      741757      309277      339573      157797      144666       53854       48037        5318         247           4
         -1       93571      459901      317665      311117      148828      138681       51116       46491        5196         229           3
         -1     2043570      256536      264287      298466      137765      133796       49562       45802        5247         225           3
         -1      971872      650035      191987      272801      129183      128008       48671       45741        5424         230           3
# COD year: 2017 
         -1      260963      756354      257355      239846      120989      120575       46827       44633        5422         228           3
         -1       97435      469998      296012      235529      110673      112838       44351       42877        5300         222           2
         -1      835574      258442      255389      248091      102386      105839       42438       41843        5300         224           2
         -1      396530      340661      185499      241099       99768       99248       40638       41023        5354         229           2
# COD year: 2018 
         -1      108472      344084      174594      214085       99014       94173       38453       39696        5332         231           2
         -1       40745      209287      163882      190074       94786       90691       36172       37905        5235         230           2
         -1     2241370      116954      129736      171905       87639       87786       34714       36630        5218         233           2
         -1     1066620      630784       93253      148707       80252       83894       33812       35873        5279         241           2
-999 # Checksum