# HER year: 1974 
        0.0         0.0         0.7         0.9         1.0         1.0         1.0         1.0         1.0        -1.0        -1.0        -1.0
        0.0         0.0         0.7         0.9         1.0         1.0         1.0         1.0         1.0        -1.0        -1.0        -1.0
        0.0         0.0         0.7         0.9         1.0         1.0         1.0         1.0         1.0        -1.0        -1.0        -1.0
        0.0         0.0         0.7         0.9         1.0         1.0         1.0         1.0         1.0        -1.0        -1.0        -1.0
# HER year: 1975 
        0.0         0.0         0.7         0.9         1.0         1.0         1.0         1.0         1.0        -1.0        -1.0        -1.0
        0.0         0.0         0.7         0.9         1.0         1.0         1.0         1.0         1.0        -1.0        -1.0        -1.0
        0.0         0.0         0.7         0.9         1.0         1.0         1.0         1.0         1.0        -1.0        -1.0        -1.0
        0.0         0.0         0.7         0.9         1.0         1.0         1.0         1.0         1.0        -1.0        -1.0        -1.0
# HER year: 1976 
        0.0         0.0         0.7         0.9         1.0         1.0         1.0         1.0         1.0        -1.0        -1.0        -1.0
        0.0         0.0         0.7         0.9         1.0         1.0         1.0         1.0         1.0        -1.0        -1.0        -1.0
        0.0         0.0         0.7         0.9         1.0         1.0         1.0         1.0         1.0        -1.0        -1.0        -1.0
        0.0         0.0         0.7         0.9         1.0         1.0         1.0         1.0         1.0        -1.0        -1.0        -1.0
# HER year: 1977 
        0.0         0.0         0.7         0.9         1.0         1.0         1.0         1.0         1.0        -1.0        -1.0        -1.0
        0.0         0.0         0.7         0.9         1.0         1.0         1.0         1.0         1.0        -1.0        -1.0        -1.0
        0.0         0.0         0.7         0.9         1.0         1.0         1.0         1.0         1.0        -1.0        -1.0        -1.0
        0.0         0.0         0.7         0.9         1.0         1.0         1.0         1.0         1.0        -1.0        -1.0        -1.0
# HER year: 1978 
        0.0         0.0         0.7         0.9         1.0         1.0         1.0         1.0         1.0        -1.0        -1.0        -1.0
        0.0         0.0         0.7         0.9         1.0         1.0         1.0         1.0         1.0        -1.0        -1.0        -1.0
        0.0         0.0         0.7         0.9         1.0         1.0         1.0         1.0         1.0        -1.0        -1.0        -1.0
        0.0         0.0         0.7         0.9         1.0         1.0         1.0         1.0         1.0        -1.0        -1.0        -1.0
# HER year: 1979 
        0.0         0.0         0.7         0.9         1.0         1.0         1.0         1.0         1.0        -1.0        -1.0        -1.0
        0.0         0.0         0.7         0.9         1.0         1.0         1.0         1.0         1.0        -1.0        -1.0        -1.0
        0.0         0.0         0.7         0.9         1.0         1.0         1.0         1.0         1.0        -1.0        -1.0        -1.0
        0.0         0.0         0.7         0.9         1.0         1.0         1.0         1.0         1.0        -1.0        -1.0        -1.0
# HER year: 1980 
        0.0         0.0         0.7         0.9         1.0         1.0         1.0         1.0         1.0        -1.0        -1.0        -1.0
        0.0         0.0         0.7         0.9         1.0         1.0         1.0         1.0         1.0        -1.0        -1.0        -1.0
        0.0         0.0         0.7         0.9         1.0         1.0         1.0         1.0         1.0        -1.0        -1.0        -1.0
        0.0         0.0         0.7         0.9         1.0         1.0         1.0         1.0         1.0        -1.0        -1.0        -1.0
# HER year: 1981 
        0.0         0.0         0.7         0.9         1.0         1.0         1.0         1.0         1.0        -1.0        -1.0        -1.0
        0.0         0.0         0.7         0.9         1.0         1.0         1.0         1.0         1.0        -1.0        -1.0        -1.0
        0.0         0.0         0.7         0.9         1.0         1.0         1.0         1.0         1.0        -1.0        -1.0        -1.0
        0.0         0.0         0.7         0.9         1.0         1.0         1.0         1.0         1.0        -1.0        -1.0        -1.0
# HER year: 1982 
        0.0         0.0         0.7         0.9         1.0         1.0         1.0         1.0         1.0        -1.0        -1.0        -1.0
        0.0         0.0         0.7         0.9         1.0         1.0         1.0         1.0         1.0        -1.0        -1.0        -1.0
        0.0         0.0         0.7         0.9         1.0         1.0         1.0         1.0         1.0        -1.0        -1.0        -1.0
        0.0         0.0         0.7         0.9         1.0         1.0         1.0         1.0         1.0        -1.0        -1.0        -1.0
# HER year: 1983 
        0.0         0.0         0.7         0.9         1.0         1.0         1.0         1.0         1.0        -1.0        -1.0        -1.0
        0.0         0.0         0.7         0.9         1.0         1.0         1.0         1.0         1.0        -1.0        -1.0        -1.0
        0.0         0.0         0.7         0.9         1.0         1.0         1.0         1.0         1.0        -1.0        -1.0        -1.0
        0.0         0.0         0.7         0.9         1.0         1.0         1.0         1.0         1.0        -1.0        -1.0        -1.0
# HER year: 1984 
        0.0         0.0         0.7         0.9         1.0         1.0         1.0         1.0         1.0        -1.0        -1.0        -1.0
        0.0         0.0         0.7         0.9         1.0         1.0         1.0         1.0         1.0        -1.0        -1.0        -1.0
        0.0         0.0         0.7         0.9         1.0         1.0         1.0         1.0         1.0        -1.0        -1.0        -1.0
        0.0         0.0         0.7         0.9         1.0         1.0         1.0         1.0         1.0        -1.0        -1.0        -1.0
# HER year: 1985 
        0.0         0.0         0.7         0.9         1.0         1.0         1.0         1.0         1.0        -1.0        -1.0        -1.0
        0.0         0.0         0.7         0.9         1.0         1.0         1.0         1.0         1.0        -1.0        -1.0        -1.0
        0.0         0.0         0.7         0.9         1.0         1.0         1.0         1.0         1.0        -1.0        -1.0        -1.0
        0.0         0.0         0.7         0.9         1.0         1.0         1.0         1.0         1.0        -1.0        -1.0        -1.0
# HER year: 1986 
        0.0         0.0         0.7         0.9         1.0         1.0         1.0         1.0         1.0        -1.0        -1.0        -1.0
        0.0         0.0         0.7         0.9         1.0         1.0         1.0         1.0         1.0        -1.0        -1.0        -1.0
        0.0         0.0         0.7         0.9         1.0         1.0         1.0         1.0         1.0        -1.0        -1.0        -1.0
        0.0         0.0         0.7         0.9         1.0         1.0         1.0         1.0         1.0        -1.0        -1.0        -1.0
# HER year: 1987 
        0.0         0.0         0.7         0.9         1.0         1.0         1.0         1.0         1.0        -1.0        -1.0        -1.0
        0.0         0.0         0.7         0.9         1.0         1.0         1.0         1.0         1.0        -1.0        -1.0        -1.0
        0.0         0.0         0.7         0.9         1.0         1.0         1.0         1.0         1.0        -1.0        -1.0        -1.0
        0.0         0.0         0.7         0.9         1.0         1.0         1.0         1.0         1.0        -1.0        -1.0        -1.0
# HER year: 1988 
        0.0         0.0         0.7         0.9         1.0         1.0         1.0         1.0         1.0        -1.0        -1.0        -1.0
        0.0         0.0         0.7         0.9         1.0         1.0         1.0         1.0         1.0        -1.0        -1.0        -1.0
        0.0         0.0         0.7         0.9         1.0         1.0         1.0         1.0         1.0        -1.0        -1.0        -1.0
        0.0         0.0         0.7         0.9         1.0         1.0         1.0         1.0         1.0        -1.0        -1.0        -1.0
# HER year: 1989 
        0.0         0.0         0.7         0.9         1.0         1.0         1.0         1.0         1.0        -1.0        -1.0        -1.0
        0.0         0.0         0.7         0.9         1.0         1.0         1.0         1.0         1.0        -1.0        -1.0        -1.0
        0.0         0.0         0.7         0.9         1.0         1.0         1.0         1.0         1.0        -1.0        -1.0        -1.0
        0.0         0.0         0.7         0.9         1.0         1.0         1.0         1.0         1.0        -1.0        -1.0        -1.0
# HER year: 1990 
        0.0         0.0         0.7         0.9         1.0         1.0         1.0         1.0         1.0        -1.0        -1.0        -1.0
        0.0         0.0         0.7         0.9         1.0         1.0         1.0         1.0         1.0        -1.0        -1.0        -1.0
        0.0         0.0         0.7         0.9         1.0         1.0         1.0         1.0         1.0        -1.0        -1.0        -1.0
        0.0         0.0         0.7         0.9         1.0         1.0         1.0         1.0         1.0        -1.0        -1.0        -1.0
# HER year: 1991 
        0.0         0.0         0.7         0.9         1.0         1.0         1.0         1.0         1.0        -1.0        -1.0        -1.0
        0.0         0.0         0.7         0.9         1.0         1.0         1.0         1.0         1.0        -1.0        -1.0        -1.0
        0.0         0.0         0.7         0.9         1.0         1.0         1.0         1.0         1.0        -1.0        -1.0        -1.0
        0.0         0.0         0.7         0.9         1.0         1.0         1.0         1.0         1.0        -1.0        -1.0        -1.0
# HER year: 1992 
        0.0         0.0         0.7         0.9         1.0         1.0         1.0         1.0         1.0        -1.0        -1.0        -1.0
        0.0         0.0         0.7         0.9         1.0         1.0         1.0         1.0         1.0        -1.0        -1.0        -1.0
        0.0         0.0         0.7         0.9         1.0         1.0         1.0         1.0         1.0        -1.0        -1.0        -1.0
        0.0         0.0         0.7         0.9         1.0         1.0         1.0         1.0         1.0        -1.0        -1.0        -1.0
# HER year: 1993 
        0.0         0.0         0.7         0.9         1.0         1.0         1.0         1.0         1.0        -1.0        -1.0        -1.0
        0.0         0.0         0.7         0.9         1.0         1.0         1.0         1.0         1.0        -1.0        -1.0        -1.0
        0.0         0.0         0.7         0.9         1.0         1.0         1.0         1.0         1.0        -1.0        -1.0        -1.0
        0.0         0.0         0.7         0.9         1.0         1.0         1.0         1.0         1.0        -1.0        -1.0        -1.0
# HER year: 1994 
        0.0         0.0         0.7         0.9         1.0         1.0         1.0         1.0         1.0        -1.0        -1.0        -1.0
        0.0         0.0         0.7         0.9         1.0         1.0         1.0         1.0         1.0        -1.0        -1.0        -1.0
        0.0         0.0         0.7         0.9         1.0         1.0         1.0         1.0         1.0        -1.0        -1.0        -1.0
        0.0         0.0         0.7         0.9         1.0         1.0         1.0         1.0         1.0        -1.0        -1.0        -1.0
# HER year: 1995 
        0.0         0.0         0.7         0.9         1.0         1.0         1.0         1.0         1.0        -1.0        -1.0        -1.0
        0.0         0.0         0.7         0.9         1.0         1.0         1.0         1.0         1.0        -1.0        -1.0        -1.0
        0.0         0.0         0.7         0.9         1.0         1.0         1.0         1.0         1.0        -1.0        -1.0        -1.0
        0.0         0.0         0.7         0.9         1.0         1.0         1.0         1.0         1.0        -1.0        -1.0        -1.0
# HER year: 1996 
        0.0         0.0         0.7         0.9         1.0         1.0         1.0         1.0         1.0        -1.0        -1.0        -1.0
        0.0         0.0         0.7         0.9         1.0         1.0         1.0         1.0         1.0        -1.0        -1.0        -1.0
        0.0         0.0         0.7         0.9         1.0         1.0         1.0         1.0         1.0        -1.0        -1.0        -1.0
        0.0         0.0         0.7         0.9         1.0         1.0         1.0         1.0         1.0        -1.0        -1.0        -1.0
# HER year: 1997 
        0.0         0.0         0.7         0.9         1.0         1.0         1.0         1.0         1.0        -1.0        -1.0        -1.0
        0.0         0.0         0.7         0.9         1.0         1.0         1.0         1.0         1.0        -1.0        -1.0        -1.0
        0.0         0.0         0.7         0.9         1.0         1.0         1.0         1.0         1.0        -1.0        -1.0        -1.0
        0.0         0.0         0.7         0.9         1.0         1.0         1.0         1.0         1.0        -1.0        -1.0        -1.0
# HER year: 1998 
        0.0         0.0         0.7         0.9         1.0         1.0         1.0         1.0         1.0        -1.0        -1.0        -1.0
        0.0         0.0         0.7         0.9         1.0         1.0         1.0         1.0         1.0        -1.0        -1.0        -1.0
        0.0         0.0         0.7         0.9         1.0         1.0         1.0         1.0         1.0        -1.0        -1.0        -1.0
        0.0         0.0         0.7         0.9         1.0         1.0         1.0         1.0         1.0        -1.0        -1.0        -1.0
# HER year: 1999 
        0.0         0.0         0.7         0.9         1.0         1.0         1.0         1.0         1.0        -1.0        -1.0        -1.0
        0.0         0.0         0.7         0.9         1.0         1.0         1.0         1.0         1.0        -1.0        -1.0        -1.0
        0.0         0.0         0.7         0.9         1.0         1.0         1.0         1.0         1.0        -1.0        -1.0        -1.0
        0.0         0.0         0.7         0.9         1.0         1.0         1.0         1.0         1.0        -1.0        -1.0        -1.0
# HER year: 2000 
        0.0         0.0         0.7         0.9         1.0         1.0         1.0         1.0         1.0        -1.0        -1.0        -1.0
        0.0         0.0         0.7         0.9         1.0         1.0         1.0         1.0         1.0        -1.0        -1.0        -1.0
        0.0         0.0         0.7         0.9         1.0         1.0         1.0         1.0         1.0        -1.0        -1.0        -1.0
        0.0         0.0         0.7         0.9         1.0         1.0         1.0         1.0         1.0        -1.0        -1.0        -1.0
# HER year: 2001 
        0.0         0.0         0.7         0.9         1.0         1.0         1.0         1.0         1.0        -1.0        -1.0        -1.0
        0.0         0.0         0.7         0.9         1.0         1.0         1.0         1.0         1.0        -1.0        -1.0        -1.0
        0.0         0.0         0.7         0.9         1.0         1.0         1.0         1.0         1.0        -1.0        -1.0        -1.0
        0.0         0.0         0.7         0.9         1.0         1.0         1.0         1.0         1.0        -1.0        -1.0        -1.0
# HER year: 2002 
        0.0         0.0         0.7         0.9         1.0         1.0         1.0         1.0         1.0        -1.0        -1.0        -1.0
        0.0         0.0         0.7         0.9         1.0         1.0         1.0         1.0         1.0        -1.0        -1.0        -1.0
        0.0         0.0         0.7         0.9         1.0         1.0         1.0         1.0         1.0        -1.0        -1.0        -1.0
        0.0         0.0         0.7         0.9         1.0         1.0         1.0         1.0         1.0        -1.0        -1.0        -1.0
# HER year: 2003 
        0.0         0.0         0.7         0.9         1.0         1.0         1.0         1.0         1.0        -1.0        -1.0        -1.0
        0.0         0.0         0.7         0.9         1.0         1.0         1.0         1.0         1.0        -1.0        -1.0        -1.0
        0.0         0.0         0.7         0.9         1.0         1.0         1.0         1.0         1.0        -1.0        -1.0        -1.0
        0.0         0.0         0.7         0.9         1.0         1.0         1.0         1.0         1.0        -1.0        -1.0        -1.0
# HER year: 2004 
        0.0         0.0         0.7         0.9         1.0         1.0         1.0         1.0         1.0        -1.0        -1.0        -1.0
        0.0         0.0         0.7         0.9         1.0         1.0         1.0         1.0         1.0        -1.0        -1.0        -1.0
        0.0         0.0         0.7         0.9         1.0         1.0         1.0         1.0         1.0        -1.0        -1.0        -1.0
        0.0         0.0         0.7         0.9         1.0         1.0         1.0         1.0         1.0        -1.0        -1.0        -1.0
# HER year: 2005 
        0.0         0.0         0.7         0.9         1.0         1.0         1.0         1.0         1.0        -1.0        -1.0        -1.0
        0.0         0.0         0.7         0.9         1.0         1.0         1.0         1.0         1.0        -1.0        -1.0        -1.0
        0.0         0.0         0.7         0.9         1.0         1.0         1.0         1.0         1.0        -1.0        -1.0        -1.0
        0.0         0.0         0.7         0.9         1.0         1.0         1.0         1.0         1.0        -1.0        -1.0        -1.0
# HER year: 2006 
        0.0         0.0         0.7         0.9         1.0         1.0         1.0         1.0         1.0        -1.0        -1.0        -1.0
        0.0         0.0         0.7         0.9         1.0         1.0         1.0         1.0         1.0        -1.0        -1.0        -1.0
        0.0         0.0         0.7         0.9         1.0         1.0         1.0         1.0         1.0        -1.0        -1.0        -1.0
        0.0         0.0         0.7         0.9         1.0         1.0         1.0         1.0         1.0        -1.0        -1.0        -1.0
# HER year: 2007 
        0.0         0.0         0.7         0.9         1.0         1.0         1.0         1.0         1.0        -1.0        -1.0        -1.0
        0.0         0.0         0.7         0.9         1.0         1.0         1.0         1.0         1.0        -1.0        -1.0        -1.0
        0.0         0.0         0.7         0.9         1.0         1.0         1.0         1.0         1.0        -1.0        -1.0        -1.0
        0.0         0.0         0.7         0.9         1.0         1.0         1.0         1.0         1.0        -1.0        -1.0        -1.0
# HER year: 2008 
        0.0         0.0         0.7         0.9         1.0         1.0         1.0         1.0         1.0        -1.0        -1.0        -1.0
        0.0         0.0         0.7         0.9         1.0         1.0         1.0         1.0         1.0        -1.0        -1.0        -1.0
        0.0         0.0         0.7         0.9         1.0         1.0         1.0         1.0         1.0        -1.0        -1.0        -1.0
        0.0         0.0         0.7         0.9         1.0         1.0         1.0         1.0         1.0        -1.0        -1.0        -1.0
# HER year: 2009 
        0.0         0.0         0.7         0.9         1.0         1.0         1.0         1.0         1.0        -1.0        -1.0        -1.0
        0.0         0.0         0.7         0.9         1.0         1.0         1.0         1.0         1.0        -1.0        -1.0        -1.0
        0.0         0.0         0.7         0.9         1.0         1.0         1.0         1.0         1.0        -1.0        -1.0        -1.0
        0.0         0.0         0.7         0.9         1.0         1.0         1.0         1.0         1.0        -1.0        -1.0        -1.0
# HER year: 2010 
        0.0         0.0         0.7         0.9         1.0         1.0         1.0         1.0         1.0        -1.0        -1.0        -1.0
        0.0         0.0         0.7         0.9         1.0         1.0         1.0         1.0         1.0        -1.0        -1.0        -1.0
        0.0         0.0         0.7         0.9         1.0         1.0         1.0         1.0         1.0        -1.0        -1.0        -1.0
        0.0         0.0         0.7         0.9         1.0         1.0         1.0         1.0         1.0        -1.0        -1.0        -1.0
# HER year: 2011 
        0.0         0.0         0.7         0.9         1.0         1.0         1.0         1.0         1.0        -1.0        -1.0        -1.0
        0.0         0.0         0.7         0.9         1.0         1.0         1.0         1.0         1.0        -1.0        -1.0        -1.0
        0.0         0.0         0.7         0.9         1.0         1.0         1.0         1.0         1.0        -1.0        -1.0        -1.0
        0.0         0.0         0.7         0.9         1.0         1.0         1.0         1.0         1.0        -1.0        -1.0        -1.0
# HER year: 2012 
       -1.0         0.0         0.7         0.9         1.0         1.0         1.0         1.0         1.0        -1.0        -1.0        -1.0
       -1.0         0.0         0.7         0.9         1.0         1.0         1.0         1.0         1.0        -1.0        -1.0        -1.0
        0.0         0.0         0.7         0.9         1.0         1.0         1.0         1.0         1.0        -1.0        -1.0        -1.0
        0.0         0.0         0.7         0.9         1.0         1.0         1.0         1.0         1.0        -1.0        -1.0        -1.0
# HER year: 2013 
       -1.0         0.0         0.7         0.9         1.0         1.0         1.0         1.0         1.0        -1.0        -1.0        -1.0
       -1.0         0.0         0.7         0.9         1.0         1.0         1.0         1.0         1.0        -1.0        -1.0        -1.0
        0.0         0.0         0.7         0.9         1.0         1.0         1.0         1.0         1.0        -1.0        -1.0        -1.0
        0.0         0.0         0.7         0.9         1.0         1.0         1.0         1.0         1.0        -1.0        -1.0        -1.0
# HER year: 2014 
       -1.0         0.0         0.7         0.9         1.0         1.0         1.0         1.0         1.0        -1.0        -1.0        -1.0
       -1.0         0.0         0.7         0.9         1.0         1.0         1.0         1.0         1.0        -1.0        -1.0        -1.0
        0.0         0.0         0.7         0.9         1.0         1.0         1.0         1.0         1.0        -1.0        -1.0        -1.0
        0.0         0.0         0.7         0.9         1.0         1.0         1.0         1.0         1.0        -1.0        -1.0        -1.0
# HER year: 2015 
       -1.0         0.0         0.7         0.9         1.0         1.0         1.0         1.0         1.0        -1.0        -1.0        -1.0
       -1.0         0.0         0.7         0.9         1.0         1.0         1.0         1.0         1.0        -1.0        -1.0        -1.0
        0.0         0.0         0.7         0.9         1.0         1.0         1.0         1.0         1.0        -1.0        -1.0        -1.0
        0.0         0.0         0.7         0.9         1.0         1.0         1.0         1.0         1.0        -1.0        -1.0        -1.0
# HER year: 2016 
       -1.0         0.0         0.7         0.9         1.0         1.0         1.0         1.0         1.0        -1.0        -1.0        -1.0
       -1.0         0.0         0.7         0.9         1.0         1.0         1.0         1.0         1.0        -1.0        -1.0        -1.0
        0.0         0.0         0.7         0.9         1.0         1.0         1.0         1.0         1.0        -1.0        -1.0        -1.0
        0.0         0.0         0.7         0.9         1.0         1.0         1.0         1.0         1.0        -1.0        -1.0        -1.0
# HER year: 2017 
        0.0         0.0         0.7         0.9         1.0         1.0         1.0         1.0         1.0        -1.0        -1.0        -1.0
       -1.0         0.0         0.7         0.9         1.0         1.0         1.0         1.0         1.0        -1.0        -1.0        -1.0
        0.0         0.0         0.7         0.9         1.0         1.0         1.0         1.0         1.0        -1.0        -1.0        -1.0
        0.0         0.0         0.7         0.9         1.0         1.0         1.0         1.0         1.0        -1.0        -1.0        -1.0
# HER year: 2018 
       -1.0         0.0         0.7         0.9         1.0         1.0         1.0         1.0         1.0        -1.0        -1.0        -1.0
        0.0         0.0         0.7         0.9         1.0         1.0         1.0         1.0         1.0        -1.0        -1.0        -1.0
        0.0         0.0         0.7         0.9         1.0         1.0         1.0         1.0         1.0        -1.0        -1.0        -1.0
        0.0         0.0         0.7         0.9         1.0         1.0         1.0         1.0         1.0        -1.0        -1.0        -1.0
# SPR year: 1974 
       0.00        0.17        0.93        1.00        1.00        1.00        1.00        1.00       -1.00       -1.00       -1.00       -1.00
       0.00        0.17        0.93        1.00        1.00        1.00        1.00        1.00       -1.00       -1.00       -1.00       -1.00
       0.00        0.17        0.93        1.00        1.00        1.00        1.00        1.00       -1.00       -1.00       -1.00       -1.00
       0.00        0.17        0.93        1.00        1.00        1.00        1.00        1.00       -1.00       -1.00       -1.00       -1.00
# SPR year: 1975 
       0.00        0.17        0.93        1.00        1.00        1.00        1.00        1.00       -1.00       -1.00       -1.00       -1.00
       0.00        0.17        0.93        1.00        1.00        1.00        1.00        1.00       -1.00       -1.00       -1.00       -1.00
       0.00        0.17        0.93        1.00        1.00        1.00        1.00        1.00       -1.00       -1.00       -1.00       -1.00
       0.00        0.17        0.93        1.00        1.00        1.00        1.00        1.00       -1.00       -1.00       -1.00       -1.00
# SPR year: 1976 
       0.00        0.17        0.93        1.00        1.00        1.00        1.00        1.00       -1.00       -1.00       -1.00       -1.00
       0.00        0.17        0.93        1.00        1.00        1.00        1.00        1.00       -1.00       -1.00       -1.00       -1.00
       0.00        0.17        0.93        1.00        1.00        1.00        1.00        1.00       -1.00       -1.00       -1.00       -1.00
       0.00        0.17        0.93        1.00        1.00        1.00        1.00        1.00       -1.00       -1.00       -1.00       -1.00
# SPR year: 1977 
       0.00        0.17        0.93        1.00        1.00        1.00        1.00        1.00       -1.00       -1.00       -1.00       -1.00
       0.00        0.17        0.93        1.00        1.00        1.00        1.00        1.00       -1.00       -1.00       -1.00       -1.00
       0.00        0.17        0.93        1.00        1.00        1.00        1.00        1.00       -1.00       -1.00       -1.00       -1.00
       0.00        0.17        0.93        1.00        1.00        1.00        1.00        1.00       -1.00       -1.00       -1.00       -1.00
# SPR year: 1978 
       0.00        0.17        0.93        1.00        1.00        1.00        1.00        1.00       -1.00       -1.00       -1.00       -1.00
       0.00        0.17        0.93        1.00        1.00        1.00        1.00        1.00       -1.00       -1.00       -1.00       -1.00
       0.00        0.17        0.93        1.00        1.00        1.00        1.00        1.00       -1.00       -1.00       -1.00       -1.00
       0.00        0.17        0.93        1.00        1.00        1.00        1.00        1.00       -1.00       -1.00       -1.00       -1.00
# SPR year: 1979 
       0.00        0.17        0.93        1.00        1.00        1.00        1.00        1.00       -1.00       -1.00       -1.00       -1.00
       0.00        0.17        0.93        1.00        1.00        1.00        1.00        1.00       -1.00       -1.00       -1.00       -1.00
       0.00        0.17        0.93        1.00        1.00        1.00        1.00        1.00       -1.00       -1.00       -1.00       -1.00
       0.00        0.17        0.93        1.00        1.00        1.00        1.00        1.00       -1.00       -1.00       -1.00       -1.00
# SPR year: 1980 
       0.00        0.17        0.93        1.00        1.00        1.00        1.00        1.00       -1.00       -1.00       -1.00       -1.00
       0.00        0.17        0.93        1.00        1.00        1.00        1.00        1.00       -1.00       -1.00       -1.00       -1.00
       0.00        0.17        0.93        1.00        1.00        1.00        1.00        1.00       -1.00       -1.00       -1.00       -1.00
       0.00        0.17        0.93        1.00        1.00        1.00        1.00        1.00       -1.00       -1.00       -1.00       -1.00
# SPR year: 1981 
       0.00        0.17        0.93        1.00        1.00        1.00        1.00        1.00       -1.00       -1.00       -1.00       -1.00
       0.00        0.17        0.93        1.00        1.00        1.00        1.00        1.00       -1.00       -1.00       -1.00       -1.00
       0.00        0.17        0.93        1.00        1.00        1.00        1.00        1.00       -1.00       -1.00       -1.00       -1.00
       0.00        0.17        0.93        1.00        1.00        1.00        1.00        1.00       -1.00       -1.00       -1.00       -1.00
# SPR year: 1982 
       0.00        0.17        0.93        1.00        1.00        1.00        1.00        1.00       -1.00       -1.00       -1.00       -1.00
       0.00        0.17        0.93        1.00        1.00        1.00        1.00        1.00       -1.00       -1.00       -1.00       -1.00
       0.00        0.17        0.93        1.00        1.00        1.00        1.00        1.00       -1.00       -1.00       -1.00       -1.00
       0.00        0.17        0.93        1.00        1.00        1.00        1.00        1.00       -1.00       -1.00       -1.00       -1.00
# SPR year: 1983 
       0.00        0.17        0.93        1.00        1.00        1.00        1.00        1.00       -1.00       -1.00       -1.00       -1.00
       0.00        0.17        0.93        1.00        1.00        1.00        1.00        1.00       -1.00       -1.00       -1.00       -1.00
       0.00        0.17        0.93        1.00        1.00        1.00        1.00        1.00       -1.00       -1.00       -1.00       -1.00
       0.00        0.17        0.93        1.00        1.00        1.00        1.00        1.00       -1.00       -1.00       -1.00       -1.00
# SPR year: 1984 
       0.00        0.17        0.93        1.00        1.00        1.00        1.00        1.00       -1.00       -1.00       -1.00       -1.00
       0.00        0.17        0.93        1.00        1.00        1.00        1.00        1.00       -1.00       -1.00       -1.00       -1.00
       0.00        0.17        0.93        1.00        1.00        1.00        1.00        1.00       -1.00       -1.00       -1.00       -1.00
       0.00        0.17        0.93        1.00        1.00        1.00        1.00        1.00       -1.00       -1.00       -1.00       -1.00
# SPR year: 1985 
       0.00        0.17        0.93        1.00        1.00        1.00        1.00        1.00       -1.00       -1.00       -1.00       -1.00
       0.00        0.17        0.93        1.00        1.00        1.00        1.00        1.00       -1.00       -1.00       -1.00       -1.00
       0.00        0.17        0.93        1.00        1.00        1.00        1.00        1.00       -1.00       -1.00       -1.00       -1.00
       0.00        0.17        0.93        1.00        1.00        1.00        1.00        1.00       -1.00       -1.00       -1.00       -1.00
# SPR year: 1986 
       0.00        0.17        0.93        1.00        1.00        1.00        1.00        1.00       -1.00       -1.00       -1.00       -1.00
       0.00        0.17        0.93        1.00        1.00        1.00        1.00        1.00       -1.00       -1.00       -1.00       -1.00
       0.00        0.17        0.93        1.00        1.00        1.00        1.00        1.00       -1.00       -1.00       -1.00       -1.00
       0.00        0.17        0.93        1.00        1.00        1.00        1.00        1.00       -1.00       -1.00       -1.00       -1.00
# SPR year: 1987 
       0.00        0.17        0.93        1.00        1.00        1.00        1.00        1.00       -1.00       -1.00       -1.00       -1.00
       0.00        0.17        0.93        1.00        1.00        1.00        1.00        1.00       -1.00       -1.00       -1.00       -1.00
       0.00        0.17        0.93        1.00        1.00        1.00        1.00        1.00       -1.00       -1.00       -1.00       -1.00
       0.00        0.17        0.93        1.00        1.00        1.00        1.00        1.00       -1.00       -1.00       -1.00       -1.00
# SPR year: 1988 
       0.00        0.17        0.93        1.00        1.00        1.00        1.00        1.00       -1.00       -1.00       -1.00       -1.00
       0.00        0.17        0.93        1.00        1.00        1.00        1.00        1.00       -1.00       -1.00       -1.00       -1.00
       0.00        0.17        0.93        1.00        1.00        1.00        1.00        1.00       -1.00       -1.00       -1.00       -1.00
       0.00        0.17        0.93        1.00        1.00        1.00        1.00        1.00       -1.00       -1.00       -1.00       -1.00
# SPR year: 1989 
       0.00        0.17        0.93        1.00        1.00        1.00        1.00        1.00       -1.00       -1.00       -1.00       -1.00
       0.00        0.17        0.93        1.00        1.00        1.00        1.00        1.00       -1.00       -1.00       -1.00       -1.00
       0.00        0.17        0.93        1.00        1.00        1.00        1.00        1.00       -1.00       -1.00       -1.00       -1.00
       0.00        0.17        0.93        1.00        1.00        1.00        1.00        1.00       -1.00       -1.00       -1.00       -1.00
# SPR year: 1990 
       0.00        0.17        0.93        1.00        1.00        1.00        1.00        1.00       -1.00       -1.00       -1.00       -1.00
       0.00        0.17        0.93        1.00        1.00        1.00        1.00        1.00       -1.00       -1.00       -1.00       -1.00
       0.00        0.17        0.93        1.00        1.00        1.00        1.00        1.00       -1.00       -1.00       -1.00       -1.00
       0.00        0.17        0.93        1.00        1.00        1.00        1.00        1.00       -1.00       -1.00       -1.00       -1.00
# SPR year: 1991 
       0.00        0.17        0.93        1.00        1.00        1.00        1.00        1.00       -1.00       -1.00       -1.00       -1.00
       0.00        0.17        0.93        1.00        1.00        1.00        1.00        1.00       -1.00       -1.00       -1.00       -1.00
       0.00        0.17        0.93        1.00        1.00        1.00        1.00        1.00       -1.00       -1.00       -1.00       -1.00
       0.00        0.17        0.93        1.00        1.00        1.00        1.00        1.00       -1.00       -1.00       -1.00       -1.00
# SPR year: 1992 
       0.00        0.17        0.93        1.00        1.00        1.00        1.00        1.00       -1.00       -1.00       -1.00       -1.00
       0.00        0.17        0.93        1.00        1.00        1.00        1.00        1.00       -1.00       -1.00       -1.00       -1.00
       0.00        0.17        0.93        1.00        1.00        1.00        1.00        1.00       -1.00       -1.00       -1.00       -1.00
       0.00        0.17        0.93        1.00        1.00        1.00        1.00        1.00       -1.00       -1.00       -1.00       -1.00
# SPR year: 1993 
       0.00        0.17        0.93        1.00        1.00        1.00        1.00        1.00       -1.00       -1.00       -1.00       -1.00
       0.00        0.17        0.93        1.00        1.00        1.00        1.00        1.00       -1.00       -1.00       -1.00       -1.00
       0.00        0.17        0.93        1.00        1.00        1.00        1.00        1.00       -1.00       -1.00       -1.00       -1.00
       0.00        0.17        0.93        1.00        1.00        1.00        1.00        1.00       -1.00       -1.00       -1.00       -1.00
# SPR year: 1994 
       0.00        0.17        0.93        1.00        1.00        1.00        1.00        1.00       -1.00       -1.00       -1.00       -1.00
       0.00        0.17        0.93        1.00        1.00        1.00        1.00        1.00       -1.00       -1.00       -1.00       -1.00
       0.00        0.17        0.93        1.00        1.00        1.00        1.00        1.00       -1.00       -1.00       -1.00       -1.00
       0.00        0.17        0.93        1.00        1.00        1.00        1.00        1.00       -1.00       -1.00       -1.00       -1.00
# SPR year: 1995 
       0.00        0.17        0.93        1.00        1.00        1.00        1.00        1.00       -1.00       -1.00       -1.00       -1.00
       0.00        0.17        0.93        1.00        1.00        1.00        1.00        1.00       -1.00       -1.00       -1.00       -1.00
       0.00        0.17        0.93        1.00        1.00        1.00        1.00        1.00       -1.00       -1.00       -1.00       -1.00
       0.00        0.17        0.93        1.00        1.00        1.00        1.00        1.00       -1.00       -1.00       -1.00       -1.00
# SPR year: 1996 
       0.00        0.17        0.93        1.00        1.00        1.00        1.00        1.00       -1.00       -1.00       -1.00       -1.00
       0.00        0.17        0.93        1.00        1.00        1.00        1.00        1.00       -1.00       -1.00       -1.00       -1.00
       0.00        0.17        0.93        1.00        1.00        1.00        1.00        1.00       -1.00       -1.00       -1.00       -1.00
       0.00        0.17        0.93        1.00        1.00        1.00        1.00        1.00       -1.00       -1.00       -1.00       -1.00
# SPR year: 1997 
       0.00        0.17        0.93        1.00        1.00        1.00        1.00        1.00       -1.00       -1.00       -1.00       -1.00
       0.00        0.17        0.93        1.00        1.00        1.00        1.00        1.00       -1.00       -1.00       -1.00       -1.00
       0.00        0.17        0.93        1.00        1.00        1.00        1.00        1.00       -1.00       -1.00       -1.00       -1.00
       0.00        0.17        0.93        1.00        1.00        1.00        1.00        1.00       -1.00       -1.00       -1.00       -1.00
# SPR year: 1998 
       0.00        0.17        0.93        1.00        1.00        1.00        1.00        1.00       -1.00       -1.00       -1.00       -1.00
       0.00        0.17        0.93        1.00        1.00        1.00        1.00        1.00       -1.00       -1.00       -1.00       -1.00
       0.00        0.17        0.93        1.00        1.00        1.00        1.00        1.00       -1.00       -1.00       -1.00       -1.00
       0.00        0.17        0.93        1.00        1.00        1.00        1.00        1.00       -1.00       -1.00       -1.00       -1.00
# SPR year: 1999 
       0.00        0.17        0.93        1.00        1.00        1.00        1.00        1.00       -1.00       -1.00       -1.00       -1.00
       0.00        0.17        0.93        1.00        1.00        1.00        1.00        1.00       -1.00       -1.00       -1.00       -1.00
       0.00        0.17        0.93        1.00        1.00        1.00        1.00        1.00       -1.00       -1.00       -1.00       -1.00
       0.00        0.17        0.93        1.00        1.00        1.00        1.00        1.00       -1.00       -1.00       -1.00       -1.00
# SPR year: 2000 
       0.00        0.17        0.93        1.00        1.00        1.00        1.00        1.00       -1.00       -1.00       -1.00       -1.00
       0.00        0.17        0.93        1.00        1.00        1.00        1.00        1.00       -1.00       -1.00       -1.00       -1.00
       0.00        0.17        0.93        1.00        1.00        1.00        1.00        1.00       -1.00       -1.00       -1.00       -1.00
       0.00        0.17        0.93        1.00        1.00        1.00        1.00        1.00       -1.00       -1.00       -1.00       -1.00
# SPR year: 2001 
       0.00        0.17        0.93        1.00        1.00        1.00        1.00        1.00       -1.00       -1.00       -1.00       -1.00
       0.00        0.17        0.93        1.00        1.00        1.00        1.00        1.00       -1.00       -1.00       -1.00       -1.00
       0.00        0.17        0.93        1.00        1.00        1.00        1.00        1.00       -1.00       -1.00       -1.00       -1.00
       0.00        0.17        0.93        1.00        1.00        1.00        1.00        1.00       -1.00       -1.00       -1.00       -1.00
# SPR year: 2002 
       0.00        0.17        0.93        1.00        1.00        1.00        1.00        1.00       -1.00       -1.00       -1.00       -1.00
       0.00        0.17        0.93        1.00        1.00        1.00        1.00        1.00       -1.00       -1.00       -1.00       -1.00
       0.00        0.17        0.93        1.00        1.00        1.00        1.00        1.00       -1.00       -1.00       -1.00       -1.00
       0.00        0.17        0.93        1.00        1.00        1.00        1.00        1.00       -1.00       -1.00       -1.00       -1.00
# SPR year: 2003 
       0.00        0.17        0.93        1.00        1.00        1.00        1.00        1.00       -1.00       -1.00       -1.00       -1.00
       0.00        0.17        0.93        1.00        1.00        1.00        1.00        1.00       -1.00       -1.00       -1.00       -1.00
       0.00        0.17        0.93        1.00        1.00        1.00        1.00        1.00       -1.00       -1.00       -1.00       -1.00
       0.00        0.17        0.93        1.00        1.00        1.00        1.00        1.00       -1.00       -1.00       -1.00       -1.00
# SPR year: 2004 
       0.00        0.17        0.93        1.00        1.00        1.00        1.00        1.00       -1.00       -1.00       -1.00       -1.00
       0.00        0.17        0.93        1.00        1.00        1.00        1.00        1.00       -1.00       -1.00       -1.00       -1.00
       0.00        0.17        0.93        1.00        1.00        1.00        1.00        1.00       -1.00       -1.00       -1.00       -1.00
       0.00        0.17        0.93        1.00        1.00        1.00        1.00        1.00       -1.00       -1.00       -1.00       -1.00
# SPR year: 2005 
       0.00        0.17        0.93        1.00        1.00        1.00        1.00        1.00       -1.00       -1.00       -1.00       -1.00
       0.00        0.17        0.93        1.00        1.00        1.00        1.00        1.00       -1.00       -1.00       -1.00       -1.00
       0.00        0.17        0.93        1.00        1.00        1.00        1.00        1.00       -1.00       -1.00       -1.00       -1.00
       0.00        0.17        0.93        1.00        1.00        1.00        1.00        1.00       -1.00       -1.00       -1.00       -1.00
# SPR year: 2006 
       0.00        0.17        0.93        1.00        1.00        1.00        1.00        1.00       -1.00       -1.00       -1.00       -1.00
       0.00        0.17        0.93        1.00        1.00        1.00        1.00        1.00       -1.00       -1.00       -1.00       -1.00
       0.00        0.17        0.93        1.00        1.00        1.00        1.00        1.00       -1.00       -1.00       -1.00       -1.00
       0.00        0.17        0.93        1.00        1.00        1.00        1.00        1.00       -1.00       -1.00       -1.00       -1.00
# SPR year: 2007 
       0.00        0.17        0.93        1.00        1.00        1.00        1.00        1.00       -1.00       -1.00       -1.00       -1.00
       0.00        0.17        0.93        1.00        1.00        1.00        1.00        1.00       -1.00       -1.00       -1.00       -1.00
       0.00        0.17        0.93        1.00        1.00        1.00        1.00        1.00       -1.00       -1.00       -1.00       -1.00
       0.00        0.17        0.93        1.00        1.00        1.00        1.00        1.00       -1.00       -1.00       -1.00       -1.00
# SPR year: 2008 
       0.00        0.17        0.93        1.00        1.00        1.00        1.00        1.00       -1.00       -1.00       -1.00       -1.00
       0.00        0.17        0.93        1.00        1.00        1.00        1.00        1.00       -1.00       -1.00       -1.00       -1.00
       0.00        0.17        0.93        1.00        1.00        1.00        1.00        1.00       -1.00       -1.00       -1.00       -1.00
       0.00        0.17        0.93        1.00        1.00        1.00        1.00        1.00       -1.00       -1.00       -1.00       -1.00
# SPR year: 2009 
       0.00        0.17        0.93        1.00        1.00        1.00        1.00        1.00       -1.00       -1.00       -1.00       -1.00
       0.00        0.17        0.93        1.00        1.00        1.00        1.00        1.00       -1.00       -1.00       -1.00       -1.00
       0.00        0.17        0.93        1.00        1.00        1.00        1.00        1.00       -1.00       -1.00       -1.00       -1.00
       0.00        0.17        0.93        1.00        1.00        1.00        1.00        1.00       -1.00       -1.00       -1.00       -1.00
# SPR year: 2010 
       0.00        0.17        0.93        1.00        1.00        1.00        1.00        1.00       -1.00       -1.00       -1.00       -1.00
       0.00        0.17        0.93        1.00        1.00        1.00        1.00        1.00       -1.00       -1.00       -1.00       -1.00
       0.00        0.17        0.93        1.00        1.00        1.00        1.00        1.00       -1.00       -1.00       -1.00       -1.00
       0.00        0.17        0.93        1.00        1.00        1.00        1.00        1.00       -1.00       -1.00       -1.00       -1.00
# SPR year: 2011 
       0.00        0.17        0.93        1.00        1.00        1.00        1.00        1.00       -1.00       -1.00       -1.00       -1.00
       0.00        0.17        0.93        1.00        1.00        1.00        1.00        1.00       -1.00       -1.00       -1.00       -1.00
       0.00        0.17        0.93        1.00        1.00        1.00        1.00        1.00       -1.00       -1.00       -1.00       -1.00
       0.00        0.17        0.93        1.00        1.00        1.00        1.00        1.00       -1.00       -1.00       -1.00       -1.00
# SPR year: 2012 
      -1.00        0.17        0.93        1.00        1.00        1.00        1.00        1.00       -1.00       -1.00       -1.00       -1.00
      -1.00        0.17        0.93        1.00        1.00        1.00        1.00        1.00       -1.00       -1.00       -1.00       -1.00
       0.00        0.17        0.93        1.00        1.00        1.00        1.00        1.00       -1.00       -1.00       -1.00       -1.00
       0.00        0.17        0.93        1.00        1.00        1.00        1.00        1.00       -1.00       -1.00       -1.00       -1.00
# SPR year: 2013 
       0.00        0.17        0.93        1.00        1.00        1.00        1.00        1.00       -1.00       -1.00       -1.00       -1.00
       0.00        0.17        0.93        1.00        1.00        1.00        1.00        1.00       -1.00       -1.00       -1.00       -1.00
       0.00        0.17        0.93        1.00        1.00        1.00        1.00        1.00       -1.00       -1.00       -1.00       -1.00
       0.00        0.17        0.93        1.00        1.00        1.00        1.00        1.00       -1.00       -1.00       -1.00       -1.00
# SPR year: 2014 
      -1.00        0.17        0.93        1.00        1.00        1.00        1.00        1.00       -1.00       -1.00       -1.00       -1.00
      -1.00        0.17        0.93        1.00        1.00        1.00        1.00        1.00       -1.00       -1.00       -1.00       -1.00
       0.00        0.17        0.93        1.00        1.00        1.00        1.00        1.00       -1.00       -1.00       -1.00       -1.00
       0.00        0.17        0.93        1.00        1.00        1.00        1.00        1.00       -1.00       -1.00       -1.00       -1.00
# SPR year: 2015 
      -1.00        0.17        0.93        1.00        1.00        1.00        1.00        1.00       -1.00       -1.00       -1.00       -1.00
      -1.00        0.17        0.93        1.00        1.00        1.00        1.00        1.00       -1.00       -1.00       -1.00       -1.00
       0.00        0.17        0.93        1.00        1.00        1.00        1.00        1.00       -1.00       -1.00       -1.00       -1.00
       0.00        0.17        0.93        1.00        1.00        1.00        1.00        1.00       -1.00       -1.00       -1.00       -1.00
# SPR year: 2016 
       0.00        0.17        0.93        1.00        1.00        1.00        1.00        1.00       -1.00       -1.00       -1.00       -1.00
      -1.00        0.17        0.93        1.00        1.00        1.00        1.00        1.00       -1.00       -1.00       -1.00       -1.00
       0.00        0.17        0.93        1.00        1.00        1.00        1.00        1.00       -1.00       -1.00       -1.00       -1.00
       0.00        0.17        0.93        1.00        1.00        1.00        1.00        1.00       -1.00       -1.00       -1.00       -1.00
# SPR year: 2017 
       0.00        0.17        0.93        1.00        1.00        1.00        1.00        1.00       -1.00       -1.00       -1.00       -1.00
      -1.00        0.17        0.93        1.00        1.00        1.00        1.00        1.00       -1.00       -1.00       -1.00       -1.00
       0.00        0.17        0.93        1.00        1.00        1.00        1.00        1.00       -1.00       -1.00       -1.00       -1.00
       0.00        0.17        0.93        1.00        1.00        1.00        1.00        1.00       -1.00       -1.00       -1.00       -1.00
# SPR year: 2018 
      -1.00        0.17        0.93        1.00        1.00        1.00        1.00        1.00       -1.00       -1.00       -1.00       -1.00
      -1.00        0.17        0.93        1.00        1.00        1.00        1.00        1.00       -1.00       -1.00       -1.00       -1.00
       0.00        0.17        0.93        1.00        1.00        1.00        1.00        1.00       -1.00       -1.00       -1.00       -1.00
       0.00        0.17        0.93        1.00        1.00        1.00        1.00        1.00       -1.00       -1.00       -1.00       -1.00
-999 # Checksum