# Number of parameters = 291 Objective function value = -1232.26196017361  Maximum gradient component = 7.08211141189697e-005
# log_rec:
 0.0828229924450987 0.652671183342729 0.352566401118771 0.722750328336677 0.721417779412750 1.04263943225554 1.33626195035636 1.37432080316318 0.990489211372743 1.10864677989430 0.687329122299069 0.0582799810444499 0.739017133489247 -0.177796580678747 0.163779967899217 0.331232620989773 0.0611096209182982 0.276000155685802 0.261796105401432 0.134115209416374 0.402049494373305 0.175739079116429 -0.523676499856588 -0.0674459781565808 -0.600647489194994 -0.0892067438416522 -0.307877602249850 -0.355984308804778 0.354536117931502 -0.267615129324270 -0.641370146789111 -0.0460610863248530 -0.224322364024404 0.380783232810657 0.0565734511861926 -0.211393987697157 -0.683827177815836 0.0728876418833178 0.126697271723078 -0.155355429613873 0.817328539475605 -0.262913305750972 -0.0637518821628031 0.334382382369119 0.249311712335176
 -0.441556976419960 1.52853122119210 0.430088848454218 -0.320261869858932 0.538641606849019 0.0128305935819224 1.12017456868529 0.313623745599514 1.44760763173731 0.548150594413936 0.378247691454961 -0.821690295747244 -0.0346319880872556 -1.07783836787511 0.0874190133033217 0.237273366084969 0.177130578575454 0.564099556240976 0.589375521322957 0.0545985054637903 1.44067353422312 1.11189958192593 -0.00314224283197539 1.10951425377894 -0.205396783718324 0.633541132454361 -0.0823427361646019 0.132206108047511 0.980900452292582 1.55640497254051 -0.121719090604659 0.360518222981998 0.692777635526397 0.290446258556742 1.15896138133929 -0.0613776980675258 0.0877874173963455 0.245923838202701 0.220580576440890 0.244531327579871 1.46511021007554 0.289634481009864 0.160499938702804 0.306885927832589 0.540185176434345
# log_rec_older:
 -0.0396599287618038 -0.129772199448716 -0.673617413733968 -0.644119936086422 -1.46075971264696 -2.25180707348083 -2.71536390501251 -1.45366972856240
 0.323258775672702 0.174419241392652 -0.731110371127194 -1.43383298429359 -2.06067511846692 -2.53328091726858 -3.01528280952731
# F_y_ini:
 0.971610766927681 1.31724242417165 0.920227292866408 0.662842574907287 0.644140984017322 1.06340733254316 1.18882209775103 1.16959390873465 1.59837135114457 1.57385715021782 1.45752555645594 1.49418818869084 1.15408053279903 1.36015121915132 1.79238530902366 1.10894388001452 1.00394940340213 0.787586084874238 0.924012547340049 1.01612001183667 1.10287509150427 1.10789345732708 1.26363917509143 1.40156824716440 1.13491577997383 1.34762496328122 1.70821805842918 1.16169820703303 0.906726524073001 0.777961177359069 0.621499476681572 0.644350880655000 0.617689912042458 0.665004633440356 0.682059256126337 0.707540796514686 0.580928439041102 0.414447651947208 0.376351025011026 0.451118613605754 0.642437953585400 0.795844922355481 0.783461168561759 0.763581957863039
 0.981964813574622 0.746864855031121 0.776890335851910 0.485799588158992 0.442735476220801 0.517049667444598 0.392862352891303 0.324284595809483 0.167791262170808 0.137208859147096 0.194920700407130 0.294916711287541 0.267106180622189 0.304522378012157 0.278121352068353 0.223500400607658 0.229373724817164 0.612095376145643 0.424255704360877 0.729136507250179 0.721461198572803 0.972109870211779 1.06215189985382 1.19131310246520 1.12475805924256 1.79238530902366 0.812916518054661 1.22839968113349 1.24956708148805 1.31955433476871 1.25279893715723 0.992065392976019 1.25826600213643 1.33309481401832 1.28336489643399 1.23071074283177 1.21441124828242 0.998633481423052 1.14014866179713 1.15607120891503 0.849283122520857 0.751625238405320 0.905138384000526 0.781902719455986
# F_y_spline:


# F_q_ini[1]:
 0.0333653527474925 0.0719345576478533 0.117804234791403
# F_q_ini[2]:
 0.0957980347459750 0.0627938918913174 0.0571414759024494
# F_q_ini[3]:
 0.111202891510614 0.404611208351339 0.179454736574215
# F_q_ini[4]:
 0.216362230368628 0.189955012454047 0.0656130822139586
# F_q_ini[5]:
 0.137055758726510 0.612017014068102 0.308707574968941
# F_q_ini[6]:
 0.296317903993927 0.328834741538571 0.117042259182546
# F_q_ini[7]:
 0.0749369206790516 0.0452963699371885 0.0356134543908387
# F_q_ini[8]:
 0.317731452745752 0.143248478441946 0.0505655552832880
# F_q_ini[9]:
 0.427341817693483 0.270124148292131 0.0690264808849693
# F_q_ini[10]:
 0.589654468815887 0.331342853557973 0.0595240229691048
# log_F_a_ini:
 -2.41142882312814 -1.70525678376176
 -1.95690909515524 -1.42431727804410
 -1.91074397738968 -1.30994259689440
 -1.81275422423638 -1.02849513865347
 -1.60528379061163 -0.786305077797303
 -2.42816365670909 -2.14431544223714
 -1.93890113657244 -1.91797898880702
 -1.52222971843202 -1.64588969194315
 -1.60313762117817 -1.60719182469532
# qq_ini:
 0.422831665983115 1.03940659221968 1.77188011774898 2.48166554716589
 0.612596955223866 1.16849458829105 2.01103713084172 2.84178363162735
 0.479058827041357 0.728488245261173 1.03366473567002 0.895233197061752
 0.294681238827033 0.674592246993511 0.996025166434156 0.945383634958109
 0.281462902526509
# qq_s2_ini:
 0.134719890883794 0.188787927776614
 0.200553758793925 0.110631478459390 0.137790485150480
 0.226742746327097 0.122694378768185 0.167840860056172
 0.260582535975069 0.123232497357834 0.212990136075966
 0.769856896012000
# SSB_R_alfa:
 16.8587474625792 18.5526913805184
# catch_s2_ini[2]:
 0.349081933182838 0.143057004588222 0.127844176565796
# catch_s2_ini[3]:
 0.596248525950326 0.236709897872152 0.152737686667512 0.350806548806000
# SSB_R_s2_ini:
 0.251407067843529 0.250657030665762
# cons_multiplier[1]:
1.00000000000
# vulnera:
 8.97658774024 3.56813225783
# init_stl_other_suit_slope:
 0.466208124083
# init_pref_size_ratio[1]:
5.45340336001
# var_size_ratio_ini[1]:
2.81654727169
# init_season_overlap:
 0.485816761230 0.354591650292 0.357435748472 1.78031149675 0.904729112812
# Stom_var[1]:
0.377311420771
