# Number of parameters = 11 Objective function value = -261.718383197414  Maximum gradient component = 7.84313381153956e-005
# log_rec:
 -0.517655588827513 0.0899639478432519 -0.370242368223511 -0.183397810714133 -0.358251051119099 0.0620049387035682 0.464246273319310 0.517217834620794 0.258397415017482 0.500675536948490 0.254830020919075 -0.306949506782908 0.348297137869482 -0.496411295625762 4.55412303335123e-005 0.309889210512132 0.143160119041704 0.322015872277264 0.230769131655080 0.100194805887549 0.449874361124236 0.280956134510182 -0.367885820243700 0.0609591169409605 -0.515616388123119 -0.0761853616191779 -0.303224177966092 -0.337588261615100 0.318940245396734 -0.228424609993017 -0.614651649293730 -0.0771433050736885 -0.209982909093076 0.376080572011515 0.0529269101313261 -0.223784146495369 -0.641779677939292 0.0546247473517560 0.113249313455416 -0.160324039419022 0.857402694436326 -0.191193021986184 0.00384971602450079 0.381945859239796 0.00845057803427984
 -0.817619288965258 1.32222932762373 -0.132503052441990 -1.17804468525121 -0.483429538715230 -0.828251777120407 0.264807973435540 -0.617918794919506 0.711194196328131 -0.263178362609867 -0.377691581479853 -1.46513326775685 -0.625855291945255 -1.54883666623551 -0.232998973278315 0.0161491317403506 0.0192220330250805 0.422843447561002 0.460990458104055 -0.0177469421894365 1.47622045987956 1.15578680357261 0.0439925253358222 1.15698736501779 -0.191516237207662 0.563139411401785 -0.183167521461142 -0.00169469169224179 0.803339378237474 1.42497760768526 -0.275663437433447 0.197743071038076 0.550161377155874 0.167536425304268 1.07055646516324 -0.149747409956223 -0.0438065249719770 0.0281380367788646 -0.0369337321451013 -0.0204735092258073 1.34532649410755 0.182602698615796 0.0449161298912220 0.228645291685650 0.372227538697537
# log_rec_older:
 -0.296624904697627 -0.217430583440645 -0.736416977195613 -0.702908712761804 -1.50195091919453 -2.27871813598852 -2.73408778359271 -1.45987949640031
 0.193791872985958 0.245050095548244 -0.689111401805572 -1.41233701206705 -2.05416166610676 -2.54334845777253 -3.05156246731148
# F_y_ini:
 0.989847371742301 1.40299821870581 1.04889306675795 0.787348067801408 0.745976691022981 1.13511753743291 1.20994947211665 1.16024052932541 1.54575810468974 1.46332408090439 1.30832834657499 1.29756318655120 0.995975489165453 1.15488923640528 1.00651207138453 1.09078195920091 0.978003040899207 0.774673148083450 0.925759786286419 1.01317155738372 1.07635285452998 1.07075955041417 1.21699692902247 1.34724922669688 1.12954851977623 1.35379190023892 1.65539665252232 1.08455816269084 0.839482499750484 0.719736723991590 0.574844487171770 0.585080950617278 0.554473103053743 0.585325229441683 0.590328583859948 0.609832100686933 0.507397365166898 0.373482241298088 0.347713943437236 0.421220277978570 0.605948319338627 0.755425123885866 0.770028988996583 0.787107302921061
 1.01175986781185 0.774731013925183 0.871539114326722 0.537511180854826 0.494888073611360 0.600895318000310 0.507319900890554 0.460353405163843 0.278692682395444 0.248950528962815 0.367822647338744 0.559711683838038 0.481553190037437 0.482888190047526 0.410146341752109 0.310209161480907 0.297455349569408 0.747755620055862 0.491588491320864 0.783663300936101 0.751992128720864 0.976799186799647 1.03442605974473 1.17428678839642 1.12466197469948 1.00651207138453 0.825003817208514 1.27211745541459 1.30311250955529 1.38279826329093 1.33243104424533 1.02505986973648 1.28592204812514 1.31477364707839 1.23411995443136 1.17220973582796 1.18598852900539 1.02839732810484 1.19821305592635 1.17258675068263 0.847978950500059 0.764349467693464 0.916072409985289 0.769582023863348
# F_y_spline:


# F_q_ini[1]:
 0.0368316124677776 0.0729599127531361 0.117397617605879
# F_q_ini[2]:
 0.0996660906696648 0.0639999812607922 0.0583552543508744
# F_q_ini[3]:
 0.113508465317737 0.414852592671784 0.178415783696478
# F_q_ini[4]:
 0.215017913775597 0.188179054740070 0.0660456197314987
# F_q_ini[5]:
 0.137852947087739 0.624868291600528 0.310258756840311
# F_q_ini[6]:
 0.291443194082152 0.322167966920116 0.117146875906840
# F_q_ini[7]:
 0.0842489879361955 0.0469240520261673 0.0347028799686850
# F_q_ini[8]:
 0.332298840659895 0.145205866123254 0.0500959576461777
# F_q_ini[9]:
 0.420475501063104 0.265138607214142 0.0671226925278525
# F_q_ini[10]:
 0.602596413709406 0.331392716994189 0.0585298177362977
# log_F_a_ini:
 -2.26444019067889 -1.85076081929486
 -1.87414049234548 -1.56794876642639
 -1.84417060266883 -1.44640875769386
 -1.75567951799248 -1.16164567448767
 -1.58086711295943 -0.905828867523099
 -2.55157980494657 -2.16431813077911
 -2.04866614385134 -1.94842013375722
 -1.60427501146774 -1.67846401666875
 -1.54393399584333 -1.62262705166207
# qq_ini:
 0.391335548117656 0.928896763535581 1.56597801119585 2.19855610707187
 0.506391126393502 0.960233865240801 1.66254933705190 2.38712751068726
 0.468213829167730 0.706531381547305 1.00685374016019 0.915073699008673
 0.298480598389551 0.661574322430748 0.967368237886790 0.929252681200921
 0.293202788962833
# qq_s2_ini:
 0.123894837561635 0.185467973812632
 0.199471238722175 0.107375075243879 0.141675217933522
 0.240831688823308 0.131728370676539 0.169208124182484
 0.264116741925687 0.121787885818434 0.212999070925000
 0.829133712036808
# SSB_R_alfa:
 16.6585693998589 18.4442221877662
# catch_s2_ini[2]:
 0.347522531018293 0.143155321875871 0.124996105884042
# catch_s2_ini[3]:
 0.603491290070243 0.233177732318745 0.154347225016038 0.327130722457468
# SSB_R_s2_ini:
 0.300000000000000 0.300000000000000
# cons_multiplier[1]:
1.00000000000
# vulnera:
 105.174293520 30.0689278431
# init_stl_other_suit_slope:
 0.866692354928
# init_pref_size_ratio[1]:
6.48035187320
# var_size_ratio_ini[1]:
2.48190177646
# init_season_overlap:
 0.387389600710 0.341270892146 0.276232925641 1.53765053185 0.743268861162
# Stom_var[1]:
0.377311420771
