# Number of parameters = 292 Objective function value = -1232.29935609157  Maximum gradient component = 5.59939838469376e-007
# log_rec:
 0.0820387288423223 0.652063288387025 0.351371755537299 0.720657626896429 0.719373296808886 1.04005549749775 1.33418471427053 1.37198249304231 0.988639807624644 1.10638641589117 0.685035430890187 0.0558222599176457 0.736461765776976 -0.179956858365308 0.162246029201571 0.330158704599690 0.0603908263223651 0.275430030304072 0.261250867161513 0.133521006802727 0.401599368069588 0.175162069737425 -0.524234342040071 -0.0679775596139383 -0.601244656940112 -0.0898545463206766 -0.308753702309989 -0.356914000746936 0.353658264603537 -0.268428159009959 -0.642442462922116 -0.0472345161094943 -0.225524668965559 0.379475614149470 0.0551571613630273 -0.213084348042301 -0.685513916647176 0.0713609505079997 0.125332446309661 -0.156599132098734 0.816611354160075 -0.263452667844328 -0.0640399538889707 0.334245401043892 0.247535824167496
 -0.444120550888448 1.52562252425619 0.428323108940873 -0.321659017075774 0.536911315678539 0.00960420452014432 1.11818367724141 0.311415345392193 1.44560802222279 0.546831309989587 0.377213224590975 -0.824025881635377 -0.0366176022099349 -1.07974153062942 0.0859009778227673 0.236441397383812 0.176555025379576 0.563582351539097 0.588874569112788 0.0537265986927160 1.43958688636502 1.11117038926732 -0.00381780967912704 1.10885206581759 -0.206098731866508 0.632788728027231 -0.0831618924539672 0.131481157138216 0.980233815868694 1.55587850949511 -0.122556235721653 0.359789747218656 0.692335227725751 0.289809018406480 1.15836628398549 -0.0623978580533731 0.0867240051562597 0.244989226430425 0.219952190888804 0.244222855531401 1.46467140954130 0.289173955514649 0.160007082895108 0.306427762041757 0.538676238709209
# log_rec_older:
 -0.0401409174312732 -0.129972458131029 -0.673765209630634 -0.644285517523475 -1.46092944114868 -2.25195763274028 -2.71549335238831 -1.45382091562553
 0.321458652292907 0.173369323020765 -0.731706402542628 -1.43443272298094 -2.06129409946301 -2.53391193458654 -3.01591032514414
# F_y_ini:
 0.971528767909832 1.31722710470341 0.920324373477119 0.662897356530605 0.644046638361872 1.06312071110151 1.18854483397077 1.16926127730553 1.59785730477438 1.57351414026003 1.45754092930104 1.49437818168919 1.15429437368574 1.36025035651267 1.79240839929482 1.10883701133716 1.00386605021710 0.787555808343776 0.923936845401236 1.01595574159283 1.10276239890588 1.10787927085003 1.26368152717683 1.40175130832403 1.13497957293328 1.34776716245086 1.70848568111393 1.16172044990447 0.906714983016940 0.778013917466339 0.621558825060571 0.644424899415689 0.617770859555443 0.665096783535742 0.682177016330112 0.707653774434736 0.580977293824933 0.414431067761983 0.376311025999014 0.451025926436135 0.642280263096778 0.795517723017696 0.782926368145854 0.762824512572559
 0.981888735986506 0.746964450642044 0.776787469777955 0.485645808410632 0.442288234335386 0.516296099465508 0.392180394636386 0.323638416524335 0.167442993357649 0.136945986665762 0.194526668683184 0.294271037316995 0.266535560027736 0.303963570915222 0.277642339744767 0.223154915643564 0.229075087227856 0.611415937127487 0.423826076048101 0.728435194674571 0.720777691001759 0.971344534506591 1.06137559712479 1.19041826020882 1.12393381100241 1.79240839929482 0.812845085993812 1.22809018996153 1.24929799221922 1.31946262369062 1.25273269432433 0.991951036620179 1.25814774971127 1.33304664874604 1.28336536676392 1.23081295288586 1.21452313088445 0.998648069276803 1.13998458786665 1.15589960232078 0.849034001682714 0.751350415827613 0.904826866586189 0.781616153547881
# F_y_spline:


# F_q_ini[1]:
 0.0333892145805393 0.0719606815480249 0.117828010681866
# F_q_ini[2]:
 0.0958161109680578 0.0627956486186891 0.0571392717994561
# F_q_ini[3]:
 0.111226984804670 0.404587712298187 0.179462046509129
# F_q_ini[4]:
 0.216380387464349 0.189958335374708 0.0656105780181914
# F_q_ini[5]:
 0.137060969443527 0.611953651460555 0.308697495631745
# F_q_ini[6]:
 0.296350858579555 0.328860284160902 0.117037713268386
# F_q_ini[7]:
 0.0750004158778655 0.0453191313373605 0.0356203546826132
# F_q_ini[8]:
 0.317853112760922 0.143260245093873 0.0505606214139729
# F_q_ini[9]:
 0.427344389252862 0.270133969001882 0.0690310490430021
# F_q_ini[10]:
 0.589726007221033 0.331366947418742 0.0595248374032644
# log_F_a_ini:
 -2.41122572013166 -1.70499675333371
 -1.95681263089869 -1.42420589857280
 -1.91068947406094 -1.30990634520661
 -1.81271948805484 -1.02849522099468
 -1.60518352631251 -0.786440795449841
 -2.42723966343708 -2.14397264628555
 -1.93803129262955 -1.91778084449543
 -1.52145271472642 -1.64579495275425
 -1.60240950976580 -1.60719358846966
# qq_ini:
 0.422991818890717 1.03962201794139 1.77220160621205 2.48186525797767
 0.612691185776671 1.16847955439858 2.01081257167601 2.84089636975671
 0.479093518867436 0.728491308358726 1.03361760129528 0.895072527426933
 0.294732035245216 0.674606674598733 0.996028362662993 0.945292337692250
 0.281565468651546
# qq_s2_ini:
 0.134640490748538 0.188704656170172
 0.200587624615726 0.110623251308055 0.137836219488532
 0.226732717921214 0.122678593439759 0.167902968023830
 0.260545891820582 0.123165826784399 0.212990780169362
 0.769747626366765
# SSB_R_alfa:
 16.8574955406547 18.5519891232055
# catch_s2_ini[2]:
 0.349068503078587 0.143046610732703 0.127870979961714
# catch_s2_ini[3]:
 0.596156985095438 0.236729284947328 0.152772403739077 0.350944176863135
# SSB_R_s2_ini:
 0.251074867005900 0.250690351372771
# cons_multiplier[1]:
1.00000000000
# vulnera:
 8.85664441876 3.52898392462
# init_stl_other_suit_slope:
 0.464253741083
# init_pref_size_ratio[1]:
5.43355889449
# var_size_ratio_ini[1]:
2.78850048445
# init_season_overlap:
 0.486092102493 0.354384487659 0.356358491771 1.78070970768 0.902422664878
# Stom_var[1]:
0.380832394002
