##############################################################
# Data extracted from directory  H:/_C_drev/SMS-git/Data_baltic/2019-data /stomcon_list.dat
# Date  Mon Nov 04 14:21:01 2019 
# stom.first  1e-08   #  stomcon for inserted (first length class) values
# stom.mid  1e-08  # stomcon for inserted (mid length class) values
# stom.last  1e-08   # stomcon for inserted (last length class) values
# stom.exp  1e-06   # stomcon for inserted (expanded species and length class) values
# stom.min.abs 1e-08    # absolut minimum value for stom con for inserted values
# delete.tails TRUE    # artifictal data deleted or not
# inserted.haul.no.propor  1  # proportion of number hauls in case of invented values (first, mid and last values)
##############################################################
# File for stomach contents data by length groups of predators and preys
##############################################################
# n_stl_y:  number of years with stomach data
 40 
# n_stl_yq:  number of year, quarter combinations with stomach data
103 
# n_stl_yqd:  number of year, quarter, area combinations with stomach data
103 
# n_stl_yqdp:  number of year, quarter, area, predator combinations with stomach data
103 
# n_stl_yqdpl:  number of year, quarter, area, predator, predator length combinations with stomach data
696 
# n_stl_yqdplp:  number of year, quarter, area, predator, predator length, prey  combinations with stomach data
1708 
##############################################################
# stl_Y: year name, first and last year-quarter index
1974 1 3 
1975 4 7 
1976 8 11 
1977 12 15 
1978 16 18 
1979 19 22 
1980 23 26 
1981 27 30 
1982 31 34 
1983 35 38 
1984 39 42 
1985 43 45 
1986 46 48 
1987 49 51 
1988 52 54 
1989 55 57 
1990 58 60 
1991 61 63 
1993 64 65 
1994 66 66 
1995 67 67 
1996 68 68 
1997 69 69 
1998 70 70 
1999 71 73 
2000 74 75 
2001 76 77 
2002 78 79 
2003 80 81 
2004 82 83 
2005 84 85 
2006 86 87 
2007 88 89 
2008 90 91 
2009 92 93 
2010 94 94 
2011 95 96 
2012 97 100 
2013 101 102 
2014 103 103 
# stl_yq: quarter name, first and last quarter-area index
1 1 1 
2 2 2 
4 3 3 
1 4 4 
2 5 5 
3 6 6 
4 7 7 
1 8 8 
2 9 9 
3 10 10 
4 11 11 
1 12 12 
2 13 13 
3 14 14 
4 15 15 
1 16 16 
2 17 17 
4 18 18 
1 19 19 
2 20 20 
3 21 21 
4 22 22 
1 23 23 
2 24 24 
3 25 25 
4 26 26 
1 27 27 
2 28 28 
3 29 29 
4 30 30 
1 31 31 
2 32 32 
3 33 33 
4 34 34 
1 35 35 
2 36 36 
3 37 37 
4 38 38 
1 39 39 
2 40 40 
3 41 41 
4 42 42 
1 43 43 
2 44 44 
4 45 45 
1 46 46 
2 47 47 
4 48 48 
1 49 49 
2 50 50 
4 51 51 
1 52 52 
2 53 53 
4 54 54 
1 55 55 
2 56 56 
4 57 57 
1 58 58 
2 59 59 
3 60 60 
1 61 61 
2 62 62 
3 63 63 
1 64 64 
2 65 65 
2 66 66 
1 67 67 
1 68 68 
4 69 69 
2 70 70 
1 71 71 
2 72 72 
4 73 73 
1 74 74 
4 75 75 
1 76 76 
4 77 77 
1 78 78 
4 79 79 
1 80 80 
4 81 81 
1 82 82 
4 83 83 
1 84 84 
4 85 85 
1 86 86 
4 87 87 
1 88 88 
4 89 89 
1 90 90 
4 91 91 
1 92 92 
4 93 93 
1 94 94 
1 95 95 
4 96 96 
1 97 97 
2 98 98 
3 99 99 
4 100 100 
1 101 101 
4 102 102 
1 103 103 
# stl_yqd: area name, and first and last year-quarter-species-age index
1 1 1 
1 2 2 
1 3 3 
1 4 4 
1 5 5 
1 6 6 
1 7 7 
1 8 8 
1 9 9 
1 10 10 
1 11 11 
1 12 12 
1 13 13 
1 14 14 
1 15 15 
1 16 16 
1 17 17 
1 18 18 
1 19 19 
1 20 20 
1 21 21 
1 22 22 
1 23 23 
1 24 24 
1 25 25 
1 26 26 
1 27 27 
1 28 28 
1 29 29 
1 30 30 
1 31 31 
1 32 32 
1 33 33 
1 34 34 
1 35 35 
1 36 36 
1 37 37 
1 38 38 
1 39 39 
1 40 40 
1 41 41 
1 42 42 
1 43 43 
1 44 44 
1 45 45 
1 46 46 
1 47 47 
1 48 48 
1 49 49 
1 50 50 
1 51 51 
1 52 52 
1 53 53 
1 54 54 
1 55 55 
1 56 56 
1 57 57 
1 58 58 
1 59 59 
1 60 60 
1 61 61 
1 62 62 
1 63 63 
1 64 64 
1 65 65 
1 66 66 
1 67 67 
1 68 68 
1 69 69 
1 70 70 
1 71 71 
1 72 72 
1 73 73 
1 74 74 
1 75 75 
1 76 76 
1 77 77 
1 78 78 
1 79 79 
1 80 80 
1 81 81 
1 82 82 
1 83 83 
1 84 84 
1 85 85 
1 86 86 
1 87 87 
1 88 88 
1 89 89 
1 90 90 
1 91 91 
1 92 92 
1 93 93 
1 94 94 
1 95 95 
1 96 96 
1 97 97 
1 98 98 
1 99 99 
1 100 100 
1 101 101 
1 102 102 
1 103 103 
##############################################################
# stl_yqdp: predator name, and first and last area-pred index
1 1 9 
1 10 18 
1 19 24 
1 25 33 
1 34 42 
1 43 49 
1 50 55 
1 56 60 
1 61 69 
1 70 77 
1 78 84 
1 85 93 
1 94 102 
1 103 105 
1 106 113 
1 114 121 
1 122 130 
1 131 137 
1 138 146 
1 147 152 
1 153 157 
1 158 164 
1 165 170 
1 171 176 
1 177 180 
1 181 187 
1 188 195 
1 196 200 
1 201 208 
1 209 216 
1 217 225 
1 226 234 
1 235 242 
1 243 248 
1 249 255 
1 256 262 
1 263 264 
1 265 273 
1 274 282 
1 283 288 
1 289 292 
1 293 298 
1 299 306 
1 307 313 
1 314 320 
1 321 327 
1 328 334 
1 335 341 
1 342 347 
1 348 355 
1 356 359 
1 360 367 
1 368 374 
1 375 377 
1 378 383 
1 384 389 
1 390 395 
1 396 402 
1 403 409 
1 410 417 
1 418 423 
1 424 425 
1 426 431 
1 432 437 
1 438 441 
1 442 447 
1 448 454 
1 455 460 
1 461 466 
1 467 469 
1 470 477 
1 478 480 
1 481 488 
1 489 495 
1 496 499 
1 500 505 
1 506 511 
1 512 516 
1 517 521 
1 522 522 
1 523 528 
1 529 535 
1 536 542 
1 543 548 
1 549 556 
1 557 563 
1 564 571 
1 572 578 
1 579 587 
1 588 596 
1 597 605 
1 606 613 
1 614 622 
1 623 631 
1 632 640 
1 641 649 
1 650 658 
1 659 660 
1 661 664 
1 665 673 
1 674 682 
1 683 689 
1 690 696 
##############################################################
# stl_yqdpl: predator length name, first and last predator-length-prey index, and predator length
3 1 1 0150 # 0150-0199
4 2 3 0200 # 0200-0249
5 4 6 0250 # 0250-0299
6 7 9 0300 # 0300-0349
7 10 12 0350 # 0350-0399
8 13 15 0400 # 0400-0499
9 16 18 0500 # 0500-0599
10 19 21 0600 # 0600-0699
11 22 23 0700 # 0700-9999
3 24 24 0150 # 0150-0199
4 25 26 0200 # 0200-0249
5 27 29 0250 # 0250-0299
6 30 32 0300 # 0300-0349
7 33 35 0350 # 0350-0399
8 36 38 0400 # 0400-0499
9 39 41 0500 # 0500-0599
10 42 44 0600 # 0600-0699
11 45 46 0700 # 0700-9999
4 47 47 0200 # 0200-0249
5 48 49 0250 # 0250-0299
6 50 52 0300 # 0300-0349
7 53 54 0350 # 0350-0399
8 55 56 0400 # 0400-0499
9 57 58 0500 # 0500-0599
3 59 59 0150 # 0150-0199
4 60 60 0200 # 0200-0249
5 61 62 0250 # 0250-0299
6 63 65 0300 # 0300-0349
7 66 68 0350 # 0350-0399
8 69 71 0400 # 0400-0499
9 72 74 0500 # 0500-0599
10 75 77 0600 # 0600-0699
11 78 80 0700 # 0700-9999
3 81 81 0150 # 0150-0199
4 82 82 0200 # 0200-0249
5 83 85 0250 # 0250-0299
6 86 88 0300 # 0300-0349
7 89 91 0350 # 0350-0399
8 92 94 0400 # 0400-0499
9 95 97 0500 # 0500-0599
10 98 100 0600 # 0600-0699
11 101 103 0700 # 0700-9999
4 104 104 0200 # 0200-0249
5 105 105 0250 # 0250-0299
6 106 107 0300 # 0300-0349
7 108 110 0350 # 0350-0399
8 111 112 0400 # 0400-0499
9 113 114 0500 # 0500-0599
10 115 116 0600 # 0600-0699
3 117 117 0150 # 0150-0199
4 118 118 0200 # 0200-0249
6 119 119 0300 # 0300-0349
7 120 120 0350 # 0350-0399
8 121 122 0400 # 0400-0499
9 123 124 0500 # 0500-0599
5 125 125 0250 # 0250-0299
6 126 127 0300 # 0300-0349
7 128 130 0350 # 0350-0399
8 131 132 0400 # 0400-0499
9 133 134 0500 # 0500-0599
3 135 135 0150 # 0150-0199
4 136 136 0200 # 0200-0249
5 137 139 0250 # 0250-0299
6 140 142 0300 # 0300-0349
7 143 145 0350 # 0350-0399
8 146 148 0400 # 0400-0499
9 149 151 0500 # 0500-0599
10 152 154 0600 # 0600-0699
11 155 156 0700 # 0700-9999
3 157 157 0150 # 0150-0199
4 158 158 0200 # 0200-0249
5 159 160 0250 # 0250-0299
6 161 163 0300 # 0300-0349
7 164 166 0350 # 0350-0399
8 167 169 0400 # 0400-0499
9 170 172 0500 # 0500-0599
10 173 175 0600 # 0600-0699
4 176 176 0200 # 0200-0249
5 177 178 0250 # 0250-0299
6 179 181 0300 # 0300-0349
7 182 184 0350 # 0350-0399
8 185 187 0400 # 0400-0499
9 188 190 0500 # 0500-0599
10 191 193 0600 # 0600-0699
3 194 194 0150 # 0150-0199
4 195 196 0200 # 0200-0249
5 197 199 0250 # 0250-0299
6 200 202 0300 # 0300-0349
7 203 205 0350 # 0350-0399
8 206 208 0400 # 0400-0499
9 209 211 0500 # 0500-0599
10 212 214 0600 # 0600-0699
11 215 217 0700 # 0700-9999
3 218 218 0150 # 0150-0199
4 219 221 0200 # 0200-0249
5 222 224 0250 # 0250-0299
6 225 227 0300 # 0300-0349
7 228 230 0350 # 0350-0399
8 231 233 0400 # 0400-0499
9 234 236 0500 # 0500-0599
10 237 239 0600 # 0600-0699
11 240 242 0700 # 0700-9999
5 243 243 0250 # 0250-0299
6 244 244 0300 # 0300-0349
7 245 247 0350 # 0350-0399
4 248 248 0200 # 0200-0249
5 249 249 0250 # 0250-0299
6 250 250 0300 # 0300-0349
7 251 251 0350 # 0350-0399
8 252 253 0400 # 0400-0499
9 254 256 0500 # 0500-0599
10 257 259 0600 # 0600-0699
11 260 261 0700 # 0700-9999
3 262 262 0150 # 0150-0199
4 263 263 0200 # 0200-0249
5 264 266 0250 # 0250-0299
6 267 269 0300 # 0300-0349
7 270 272 0350 # 0350-0399
8 273 275 0400 # 0400-0499
9 276 278 0500 # 0500-0599
10 279 281 0600 # 0600-0699
3 282 282 0150 # 0150-0199
4 283 285 0200 # 0200-0249
5 286 288 0250 # 0250-0299
6 289 291 0300 # 0300-0349
7 292 294 0350 # 0350-0399
8 295 297 0400 # 0400-0499
9 298 300 0500 # 0500-0599
10 301 303 0600 # 0600-0699
11 304 305 0700 # 0700-9999
4 306 307 0200 # 0200-0249
5 308 309 0250 # 0250-0299
6 310 312 0300 # 0300-0349
7 313 315 0350 # 0350-0399
8 316 318 0400 # 0400-0499
9 319 321 0500 # 0500-0599
10 322 324 0600 # 0600-0699
3 325 325 0150 # 0150-0199
4 326 327 0200 # 0200-0249
5 328 330 0250 # 0250-0299
6 331 333 0300 # 0300-0349
7 334 336 0350 # 0350-0399
8 337 339 0400 # 0400-0499
9 340 342 0500 # 0500-0599
10 343 345 0600 # 0600-0699
11 346 348 0700 # 0700-9999
4 349 349 0200 # 0200-0249
5 350 352 0250 # 0250-0299
6 353 355 0300 # 0300-0349
7 356 358 0350 # 0350-0399
8 359 361 0400 # 0400-0499
9 362 364 0500 # 0500-0599
5 365 365 0250 # 0250-0299
6 366 368 0300 # 0300-0349
7 369 371 0350 # 0350-0399
8 372 374 0400 # 0400-0499
9 375 377 0500 # 0500-0599
4 378 378 0200 # 0200-0249
5 379 380 0250 # 0250-0299
6 381 382 0300 # 0300-0349
7 383 385 0350 # 0350-0399
8 386 388 0400 # 0400-0499
9 389 390 0500 # 0500-0599
10 391 392 0600 # 0600-0699
5 393 394 0250 # 0250-0299
6 395 397 0300 # 0300-0349
7 398 400 0350 # 0350-0399
8 401 403 0400 # 0400-0499
9 404 406 0500 # 0500-0599
10 407 409 0600 # 0600-0699
5 410 410 0250 # 0250-0299
6 411 413 0300 # 0300-0349
7 414 416 0350 # 0350-0399
8 417 419 0400 # 0400-0499
9 420 422 0500 # 0500-0599
10 423 424 0600 # 0600-0699
6 425 426 0300 # 0300-0349
7 427 428 0350 # 0350-0399
8 429 431 0400 # 0400-0499
9 432 434 0500 # 0500-0599
4 435 435 0200 # 0200-0249
5 436 436 0250 # 0250-0299
6 437 438 0300 # 0300-0349
7 439 440 0350 # 0350-0399
8 441 443 0400 # 0400-0499
9 444 446 0500 # 0500-0599
10 447 449 0600 # 0600-0699
3 450 450 0150 # 0150-0199
4 451 451 0200 # 0200-0249
5 452 452 0250 # 0250-0299
6 453 454 0300 # 0300-0349
7 455 457 0350 # 0350-0399
8 458 460 0400 # 0400-0499
9 461 463 0500 # 0500-0599
10 464 466 0600 # 0600-0699
6 467 468 0300 # 0300-0349
7 469 469 0350 # 0350-0399
8 470 472 0400 # 0400-0499
9 473 475 0500 # 0500-0599
10 476 476 0600 # 0600-0699
3 477 477 0150 # 0150-0199
4 478 478 0200 # 0200-0249
5 479 479 0250 # 0250-0299
6 480 482 0300 # 0300-0349
7 483 485 0350 # 0350-0399
8 486 488 0400 # 0400-0499
9 489 491 0500 # 0500-0599
10 492 493 0600 # 0600-0699
3 494 494 0150 # 0150-0199
4 495 495 0200 # 0200-0249
5 496 498 0250 # 0250-0299
6 499 501 0300 # 0300-0349
7 502 504 0350 # 0350-0399
8 505 507 0400 # 0400-0499
9 508 510 0500 # 0500-0599
10 511 513 0600 # 0600-0699
3 514 514 0150 # 0150-0199
4 515 516 0200 # 0200-0249
5 517 519 0250 # 0250-0299
6 520 522 0300 # 0300-0349
7 523 525 0350 # 0350-0399
8 526 528 0400 # 0400-0499
9 529 531 0500 # 0500-0599
10 532 534 0600 # 0600-0699
11 535 537 0700 # 0700-9999
3 538 538 0150 # 0150-0199
4 539 539 0200 # 0200-0249
5 540 542 0250 # 0250-0299
6 543 545 0300 # 0300-0349
7 546 548 0350 # 0350-0399
8 549 551 0400 # 0400-0499
9 552 554 0500 # 0500-0599
10 555 557 0600 # 0600-0699
11 558 559 0700 # 0700-9999
3 560 560 0150 # 0150-0199
5 561 562 0250 # 0250-0299
6 563 565 0300 # 0300-0349
7 566 568 0350 # 0350-0399
8 569 571 0400 # 0400-0499
9 572 574 0500 # 0500-0599
10 575 577 0600 # 0600-0699
11 578 580 0700 # 0700-9999
4 581 581 0200 # 0200-0249
5 582 582 0250 # 0250-0299
6 583 585 0300 # 0300-0349
7 586 587 0350 # 0350-0399
8 588 590 0400 # 0400-0499
9 591 593 0500 # 0500-0599
3 594 594 0150 # 0150-0199
5 595 596 0250 # 0250-0299
6 597 599 0300 # 0300-0349
7 600 602 0350 # 0350-0399
8 603 605 0400 # 0400-0499
9 606 608 0500 # 0500-0599
10 609 611 0600 # 0600-0699
5 612 612 0250 # 0250-0299
6 613 615 0300 # 0300-0349
7 616 618 0350 # 0350-0399
8 619 621 0400 # 0400-0499
9 622 624 0500 # 0500-0599
10 625 627 0600 # 0600-0699
11 628 629 0700 # 0700-9999
8 630 631 0400 # 0400-0499
9 632 633 0500 # 0500-0599
3 634 634 0150 # 0150-0199
4 635 635 0200 # 0200-0249
5 636 637 0250 # 0250-0299
6 638 640 0300 # 0300-0349
7 641 643 0350 # 0350-0399
8 644 646 0400 # 0400-0499
9 647 649 0500 # 0500-0599
10 650 652 0600 # 0600-0699
11 653 655 0700 # 0700-9999
3 656 656 0150 # 0150-0199
4 657 657 0200 # 0200-0249
5 658 658 0250 # 0250-0299
6 659 661 0300 # 0300-0349
7 662 664 0350 # 0350-0399
8 665 667 0400 # 0400-0499
9 668 670 0500 # 0500-0599
10 671 673 0600 # 0600-0699
11 674 676 0700 # 0700-9999
3 677 677 0150 # 0150-0199
6 678 679 0300 # 0300-0349
7 680 682 0350 # 0350-0399
8 683 685 0400 # 0400-0499
9 686 688 0500 # 0500-0599
10 689 691 0600 # 0600-0699
5 692 692 0250 # 0250-0299
7 693 694 0350 # 0350-0399
8 695 696 0400 # 0400-0499
9 697 699 0500 # 0500-0599
5 700 701 0250 # 0250-0299
6 702 703 0300 # 0300-0349
7 704 705 0350 # 0350-0399
8 706 708 0400 # 0400-0499
9 709 711 0500 # 0500-0599
10 712 714 0600 # 0600-0699
4 715 716 0200 # 0200-0249
5 717 718 0250 # 0250-0299
6 719 721 0300 # 0300-0349
7 722 724 0350 # 0350-0399
8 725 727 0400 # 0400-0499
9 728 730 0500 # 0500-0599
10 731 733 0600 # 0600-0699
11 734 735 0700 # 0700-9999
5 736 736 0250 # 0250-0299
6 737 739 0300 # 0300-0349
7 740 742 0350 # 0350-0399
8 743 745 0400 # 0400-0499
9 746 748 0500 # 0500-0599
10 749 751 0600 # 0600-0699
11 752 754 0700 # 0700-9999
4 755 755 0200 # 0200-0249
5 756 756 0250 # 0250-0299
6 757 758 0300 # 0300-0349
7 759 760 0350 # 0350-0399
8 761 763 0400 # 0400-0499
9 764 766 0500 # 0500-0599
10 767 768 0600 # 0600-0699
5 769 769 0250 # 0250-0299
6 770 771 0300 # 0300-0349
7 772 774 0350 # 0350-0399
8 775 777 0400 # 0400-0499
9 778 780 0500 # 0500-0599
10 781 783 0600 # 0600-0699
11 784 786 0700 # 0700-9999
5 787 789 0250 # 0250-0299
6 790 792 0300 # 0300-0349
7 793 795 0350 # 0350-0399
8 796 798 0400 # 0400-0499
9 799 801 0500 # 0500-0599
10 802 804 0600 # 0600-0699
11 805 807 0700 # 0700-9999
4 808 808 0200 # 0200-0249
5 809 809 0250 # 0250-0299
6 810 810 0300 # 0300-0349
7 811 811 0350 # 0350-0399
8 812 814 0400 # 0400-0499
9 815 817 0500 # 0500-0599
10 818 820 0600 # 0600-0699
5 821 821 0250 # 0250-0299
6 822 824 0300 # 0300-0349
7 825 827 0350 # 0350-0399
8 828 830 0400 # 0400-0499
9 831 833 0500 # 0500-0599
10 834 836 0600 # 0600-0699
4 837 837 0200 # 0200-0249
5 838 840 0250 # 0250-0299
6 841 843 0300 # 0300-0349
7 844 846 0350 # 0350-0399
8 847 849 0400 # 0400-0499
9 850 852 0500 # 0500-0599
10 853 855 0600 # 0600-0699
11 856 858 0700 # 0700-9999
5 859 859 0250 # 0250-0299
6 860 860 0300 # 0300-0349
7 861 861 0350 # 0350-0399
8 862 864 0400 # 0400-0499
4 865 867 0200 # 0200-0249
5 868 869 0250 # 0250-0299
6 870 872 0300 # 0300-0349
7 873 875 0350 # 0350-0399
8 876 878 0400 # 0400-0499
9 879 881 0500 # 0500-0599
10 882 884 0600 # 0600-0699
11 885 887 0700 # 0700-9999
5 888 888 0250 # 0250-0299
6 889 890 0300 # 0300-0349
7 891 893 0350 # 0350-0399
8 894 896 0400 # 0400-0499
9 897 898 0500 # 0500-0599
10 899 901 0600 # 0600-0699
11 902 904 0700 # 0700-9999
7 905 905 0350 # 0350-0399
8 906 908 0400 # 0400-0499
9 909 910 0500 # 0500-0599
6 911 913 0300 # 0300-0349
7 914 916 0350 # 0350-0399
8 917 919 0400 # 0400-0499
9 920 922 0500 # 0500-0599
10 923 925 0600 # 0600-0699
11 926 928 0700 # 0700-9999
6 929 929 0300 # 0300-0349
7 930 931 0350 # 0350-0399
8 932 934 0400 # 0400-0499
9 935 937 0500 # 0500-0599
10 938 940 0600 # 0600-0699
11 941 943 0700 # 0700-9999
5 944 944 0250 # 0250-0299
6 945 946 0300 # 0300-0349
7 947 947 0350 # 0350-0399
8 948 950 0400 # 0400-0499
9 951 952 0500 # 0500-0599
10 953 954 0600 # 0600-0699
5 955 956 0250 # 0250-0299
6 957 958 0300 # 0300-0349
7 959 961 0350 # 0350-0399
8 962 964 0400 # 0400-0499
9 965 967 0500 # 0500-0599
10 968 970 0600 # 0600-0699
11 971 973 0700 # 0700-9999
5 974 975 0250 # 0250-0299
6 976 978 0300 # 0300-0349
7 979 981 0350 # 0350-0399
8 982 984 0400 # 0400-0499
9 985 987 0500 # 0500-0599
10 988 990 0600 # 0600-0699
11 991 993 0700 # 0700-9999
4 994 994 0200 # 0200-0249
5 995 995 0250 # 0250-0299
6 996 996 0300 # 0300-0349
7 997 999 0350 # 0350-0399
8 1000 1002 0400 # 0400-0499
9 1003 1005 0500 # 0500-0599
10 1006 1008 0600 # 0600-0699
11 1009 1011 0700 # 0700-9999
6 1012 1014 0300 # 0300-0349
7 1015 1017 0350 # 0350-0399
8 1018 1020 0400 # 0400-0499
9 1021 1023 0500 # 0500-0599
10 1024 1026 0600 # 0600-0699
11 1027 1029 0700 # 0700-9999
7 1030 1031 0350 # 0350-0399
8 1032 1034 0400 # 0400-0499
4 1035 1035 0200 # 0200-0249
5 1036 1036 0250 # 0250-0299
8 1037 1038 0400 # 0400-0499
9 1039 1041 0500 # 0500-0599
10 1042 1043 0600 # 0600-0699
11 1044 1046 0700 # 0700-9999
5 1047 1048 0250 # 0250-0299
6 1049 1051 0300 # 0300-0349
7 1052 1053 0350 # 0350-0399
8 1054 1056 0400 # 0400-0499
9 1057 1058 0500 # 0500-0599
10 1059 1060 0600 # 0600-0699
6 1061 1062 0300 # 0300-0349
9 1063 1065 0500 # 0500-0599
10 1066 1067 0600 # 0600-0699
11 1068 1069 0700 # 0700-9999
5 1070 1071 0250 # 0250-0299
6 1072 1073 0300 # 0300-0349
7 1074 1076 0350 # 0350-0399
8 1077 1079 0400 # 0400-0499
9 1080 1082 0500 # 0500-0599
10 1083 1085 0600 # 0600-0699
5 1086 1088 0250 # 0250-0299
6 1089 1091 0300 # 0300-0349
7 1092 1094 0350 # 0350-0399
8 1095 1097 0400 # 0400-0499
9 1098 1100 0500 # 0500-0599
10 1101 1103 0600 # 0600-0699
11 1104 1106 0700 # 0700-9999
5 1107 1108 0250 # 0250-0299
6 1109 1111 0300 # 0300-0349
7 1112 1113 0350 # 0350-0399
8 1114 1116 0400 # 0400-0499
9 1117 1119 0500 # 0500-0599
10 1120 1122 0600 # 0600-0699
5 1123 1123 0250 # 0250-0299
7 1124 1126 0350 # 0350-0399
8 1127 1129 0400 # 0400-0499
9 1130 1132 0500 # 0500-0599
10 1133 1135 0600 # 0600-0699
11 1136 1138 0700 # 0700-9999
4 1139 1141 0200 # 0200-0249
5 1142 1144 0250 # 0250-0299
8 1145 1147 0400 # 0400-0499
4 1148 1150 0200 # 0200-0249
5 1151 1152 0250 # 0250-0299
6 1153 1155 0300 # 0300-0349
7 1156 1158 0350 # 0350-0399
8 1159 1161 0400 # 0400-0499
9 1162 1164 0500 # 0500-0599
10 1165 1167 0600 # 0600-0699
11 1168 1170 0700 # 0700-9999
4 1171 1172 0200 # 0200-0249
5 1173 1174 0250 # 0250-0299
8 1175 1177 0400 # 0400-0499
3 1178 1178 0150 # 0150-0199
4 1179 1180 0200 # 0200-0249
5 1181 1182 0250 # 0250-0299
7 1183 1185 0350 # 0350-0399
8 1186 1188 0400 # 0400-0499
9 1189 1191 0500 # 0500-0599
10 1192 1194 0600 # 0600-0699
11 1195 1196 0700 # 0700-9999
3 1197 1197 0150 # 0150-0199
4 1198 1200 0200 # 0200-0249
5 1201 1203 0250 # 0250-0299
6 1204 1206 0300 # 0300-0349
7 1207 1209 0350 # 0350-0399
8 1210 1212 0400 # 0400-0499
9 1213 1215 0500 # 0500-0599
6 1216 1216 0300 # 0300-0349
7 1217 1219 0350 # 0350-0399
8 1220 1222 0400 # 0400-0499
9 1223 1225 0500 # 0500-0599
3 1226 1226 0150 # 0150-0199
5 1227 1228 0250 # 0250-0299
6 1229 1231 0300 # 0300-0349
7 1232 1234 0350 # 0350-0399
8 1235 1237 0400 # 0400-0499
9 1238 1240 0500 # 0500-0599
3 1241 1241 0150 # 0150-0199
4 1242 1242 0200 # 0200-0249
5 1243 1243 0250 # 0250-0299
6 1244 1245 0300 # 0300-0349
7 1246 1248 0350 # 0350-0399
8 1249 1251 0400 # 0400-0499
3 1252 1252 0150 # 0150-0199
4 1253 1255 0200 # 0200-0249
5 1256 1256 0250 # 0250-0299
6 1257 1258 0300 # 0300-0349
7 1259 1260 0350 # 0350-0399
3 1261 1261 0150 # 0150-0199
4 1262 1262 0200 # 0200-0249
5 1263 1263 0250 # 0250-0299
6 1264 1265 0300 # 0300-0349
7 1266 1268 0350 # 0350-0399
8 1269 1271 0400 # 0400-0499
3 1272 1273 0150 # 0150-0199
4 1274 1276 0200 # 0200-0249
5 1277 1279 0250 # 0250-0299
6 1280 1282 0300 # 0300-0349
7 1283 1285 0350 # 0350-0399
8 1286 1288 0400 # 0400-0499
3 1289 1290 0150 # 0150-0199
4 1291 1292 0200 # 0200-0249
5 1293 1295 0250 # 0250-0299
6 1296 1297 0300 # 0300-0349
7 1298 1300 0350 # 0350-0399
8 1301 1303 0400 # 0400-0499
9 1304 1306 0500 # 0500-0599
3 1307 1307 0150 # 0150-0199
4 1308 1308 0200 # 0200-0249
5 1309 1310 0250 # 0250-0299
6 1311 1312 0300 # 0300-0349
7 1313 1314 0350 # 0350-0399
8 1315 1317 0400 # 0400-0499
9 1318 1319 0500 # 0500-0599
3 1320 1320 0150 # 0150-0199
4 1321 1323 0200 # 0200-0249
5 1324 1326 0250 # 0250-0299
6 1327 1329 0300 # 0300-0349
7 1330 1332 0350 # 0350-0399
8 1333 1335 0400 # 0400-0499
3 1336 1336 0150 # 0150-0199
4 1337 1337 0200 # 0200-0249
5 1338 1339 0250 # 0250-0299
6 1340 1340 0300 # 0300-0349
7 1341 1343 0350 # 0350-0399
8 1344 1346 0400 # 0400-0499
9 1347 1349 0500 # 0500-0599
10 1350 1351 0600 # 0600-0699
3 1352 1352 0150 # 0150-0199
4 1353 1354 0200 # 0200-0249
5 1355 1357 0250 # 0250-0299
6 1358 1360 0300 # 0300-0349
7 1361 1363 0350 # 0350-0399
8 1364 1366 0400 # 0400-0499
9 1367 1369 0500 # 0500-0599
3 1370 1370 0150 # 0150-0199
4 1371 1372 0200 # 0200-0249
5 1373 1375 0250 # 0250-0299
6 1376 1378 0300 # 0300-0349
7 1379 1381 0350 # 0350-0399
8 1382 1384 0400 # 0400-0499
9 1385 1387 0500 # 0500-0599
10 1388 1390 0600 # 0600-0699
3 1391 1391 0150 # 0150-0199
4 1392 1393 0200 # 0200-0249
5 1394 1396 0250 # 0250-0299
6 1397 1398 0300 # 0300-0349
7 1399 1401 0350 # 0350-0399
8 1402 1404 0400 # 0400-0499
9 1405 1407 0500 # 0500-0599
3 1408 1408 0150 # 0150-0199
4 1409 1411 0200 # 0200-0249
5 1412 1414 0250 # 0250-0299
6 1415 1417 0300 # 0300-0349
7 1418 1420 0350 # 0350-0399
8 1421 1423 0400 # 0400-0499
9 1424 1426 0500 # 0500-0599
10 1427 1429 0600 # 0600-0699
11 1430 1432 0700 # 0700-9999
3 1433 1433 0150 # 0150-0199
4 1434 1435 0200 # 0200-0249
5 1436 1437 0250 # 0250-0299
6 1438 1440 0300 # 0300-0349
7 1441 1443 0350 # 0350-0399
8 1444 1446 0400 # 0400-0499
9 1447 1449 0500 # 0500-0599
10 1450 1452 0600 # 0600-0699
11 1453 1455 0700 # 0700-9999
3 1456 1456 0150 # 0150-0199
4 1457 1457 0200 # 0200-0249
5 1458 1459 0250 # 0250-0299
6 1460 1462 0300 # 0300-0349
7 1463 1465 0350 # 0350-0399
8 1466 1468 0400 # 0400-0499
9 1469 1471 0500 # 0500-0599
10 1472 1474 0600 # 0600-0699
11 1475 1477 0700 # 0700-9999
4 1478 1480 0200 # 0200-0249
5 1481 1483 0250 # 0250-0299
6 1484 1486 0300 # 0300-0349
7 1487 1489 0350 # 0350-0399
8 1490 1492 0400 # 0400-0499
9 1493 1495 0500 # 0500-0599
10 1496 1498 0600 # 0600-0699
11 1499 1501 0700 # 0700-9999
3 1502 1502 0150 # 0150-0199
4 1503 1503 0200 # 0200-0249
5 1504 1504 0250 # 0250-0299
6 1505 1506 0300 # 0300-0349
7 1507 1508 0350 # 0350-0399
8 1509 1511 0400 # 0400-0499
9 1512 1514 0500 # 0500-0599
10 1515 1517 0600 # 0600-0699
11 1518 1520 0700 # 0700-9999
3 1521 1521 0150 # 0150-0199
4 1522 1523 0200 # 0200-0249
5 1524 1525 0250 # 0250-0299
6 1526 1528 0300 # 0300-0349
7 1529 1531 0350 # 0350-0399
8 1532 1534 0400 # 0400-0499
9 1535 1537 0500 # 0500-0599
10 1538 1540 0600 # 0600-0699
11 1541 1543 0700 # 0700-9999
3 1544 1544 0150 # 0150-0199
4 1545 1546 0200 # 0200-0249
5 1547 1548 0250 # 0250-0299
6 1549 1550 0300 # 0300-0349
7 1551 1553 0350 # 0350-0399
8 1554 1556 0400 # 0400-0499
9 1557 1559 0500 # 0500-0599
10 1560 1562 0600 # 0600-0699
11 1563 1565 0700 # 0700-9999
3 1566 1566 0150 # 0150-0199
4 1567 1567 0200 # 0200-0249
5 1568 1568 0250 # 0250-0299
6 1569 1570 0300 # 0300-0349
7 1571 1573 0350 # 0350-0399
8 1574 1576 0400 # 0400-0499
9 1577 1579 0500 # 0500-0599
10 1580 1582 0600 # 0600-0699
11 1583 1585 0700 # 0700-9999
3 1586 1586 0150 # 0150-0199
4 1587 1588 0200 # 0200-0249
5 1589 1591 0250 # 0250-0299
6 1592 1594 0300 # 0300-0349
7 1595 1597 0350 # 0350-0399
8 1598 1600 0400 # 0400-0499
9 1601 1603 0500 # 0500-0599
10 1604 1606 0600 # 0600-0699
11 1607 1609 0700 # 0700-9999
7 1610 1612 0350 # 0350-0399
8 1613 1615 0400 # 0400-0499
5 1616 1617 0250 # 0250-0299
6 1618 1619 0300 # 0300-0349
7 1620 1622 0350 # 0350-0399
8 1623 1625 0400 # 0400-0499
3 1626 1626 0150 # 0150-0199
4 1627 1628 0200 # 0200-0249
5 1629 1631 0250 # 0250-0299
6 1632 1634 0300 # 0300-0349
7 1635 1637 0350 # 0350-0399
8 1638 1640 0400 # 0400-0499
9 1641 1643 0500 # 0500-0599
10 1644 1646 0600 # 0600-0699
11 1647 1649 0700 # 0700-9999
3 1650 1650 0150 # 0150-0199
4 1651 1652 0200 # 0200-0249
5 1653 1654 0250 # 0250-0299
6 1655 1657 0300 # 0300-0349
7 1658 1660 0350 # 0350-0399
8 1661 1663 0400 # 0400-0499
9 1664 1666 0500 # 0500-0599
10 1667 1669 0600 # 0600-0699
11 1670 1672 0700 # 0700-9999
3 1673 1674 0150 # 0150-0199
4 1675 1676 0200 # 0200-0249
5 1677 1678 0250 # 0250-0299
6 1679 1681 0300 # 0300-0349
7 1682 1684 0350 # 0350-0399
8 1685 1687 0400 # 0400-0499
9 1688 1690 0500 # 0500-0599
3 1691 1691 0150 # 0150-0199
4 1692 1694 0200 # 0200-0249
5 1695 1696 0250 # 0250-0299
6 1697 1699 0300 # 0300-0349
7 1700 1702 0350 # 0350-0399
8 1703 1705 0400 # 0400-0499
9 1706 1708 0500 # 0500-0599
##############################################################
# stl_yqdplp: prey name, first and last year-quarter-predator-length-prey-length
0 0 0
0 0 0
2 3 8
0 0 0
2 2 10
3 2 9
0 0 0
2 2 10
3 2 10
0 0 0
2 4 4
3 6 6
0 0 0
2 3 6
3 5 6
0 0 0
2 3 5
3 3 10
0 0 0
2 2 12
3 2 10
0 0 0
2 3 4
0 0 0
0 0 0
2 4 4
0 0 0
2 2 4
3 2 7
0 0 0
2 3 5
3 2 10
0 0 0
2 3 5
3 5 6
0 0 0
2 3 5
3 5 8
0 0 0
2 3 5
3 7 7
0 0 0
2 3 12
3 2 10
0 0 0
2 4 10
0 0 0
0 0 0
2 3 9
0 0 0
2 2 8
3 2 10
0 0 0
2 2 9
0 0 0
2 2 10
0 0 0
2 1 11
0 0 0
0 0 0
0 0 0
2 2 10
0 0 0
2 2 10
3 2 10
0 0 0
2 2 9
3 2 10
0 0 0
2 2 10
3 2 10
0 0 0
2 2 12
3 2 10
0 0 0
2 2 12
3 2 10
0 0 0
2 2 12
3 4 10
0 0 0
0 0 0
0 0 0
2 2 4
3 2 7
0 0 0
2 2 11
3 2 10
0 0 0
2 2 7
3 2 9
0 0 0
2 2 9
3 7 10
0 0 0
2 2 9
3 2 10
0 0 0
2 3 12
3 8 10
0 0 0
2 3 10
3 10 10
0 0 0
0 0 0
0 0 0
2 1 4
0 0 0
2 1 9
3 1 9
0 0 0
2 2 9
0 0 0
2 2 9
0 0 0
2 4 12
0 0 0
0 0 0
0 0 0
0 0 0
0 0 0
3 3 10
0 0 0
3 2 10
0 0 0
0 0 0
3 2 10
0 0 0
2 2 8
3 2 10
0 0 0
3 2 10
0 0 0
3 2 10
0 0 0
0 0 0
0 0 0
2 2 4
3 3 7
0 0 0
2 2 11
3 4 5
0 0 0
2 4 4
3 4 8
0 0 0
2 3 4
3 3 9
0 0 0
2 3 9
3 4 9
0 0 0
2 7 9
3 4 8
0 0 0
2 4 5
0 0 0
0 0 0
0 0 0
3 1 7
0 0 0
2 1 4
3 4 4
0 0 0
2 2 9
3 3 7
0 0 0
2 4 4
3 2 8
0 0 0
2 4 5
3 2 9
0 0 0
2 4 12
3 2 10
0 0 0
0 0 0
3 2 10
0 0 0
2 2 8
3 1 10
0 0 0
2 3 9
3 2 10
0 0 0
2 1 10
3 2 10
0 0 0
2 1 11
3 5 5
0 0 0
2 10 10
3 2 10
0 0 0
0 0 0
3 2 7
0 0 0
2 2 10
3 2 9
0 0 0
2 2 10
3 4 4
0 0 0
2 2 8
3 3 6
0 0 0
2 3 7
3 3 7
0 0 0
2 2 6
3 5 7
0 0 0
2 2 12
3 3 7
0 0 0
2 2 12
3 3 10
0 0 0
0 0 0
2 4 4
3 2 8
0 0 0
2 2 4
3 2 7
0 0 0
2 2 11
3 2 10
0 0 0
2 2 7
3 5 6
0 0 0
2 5 5
3 3 5
0 0 0
2 2 9
3 7 7
0 0 0
2 3 12
3 2 10
0 0 0
2 4 10
3 2 10
0 0 0
0 0 0
0 0 0
2 1 9
3 1 9
0 0 0
0 0 0
0 0 0
0 0 0
0 0 0
3 5 6
0 0 0
2 1 11
3 5 9
0 0 0
2 8 10
3 6 8
0 0 0
2 8 8
0 0 0
0 0 0
0 0 0
2 3 3
3 4 6
0 0 0
2 2 10
3 4 6
0 0 0
2 5 5
3 4 8
0 0 0
2 2 10
3 3 9
0 0 0
2 4 5
3 5 10
0 0 0
2 5 8
3 6 9
0 0 0
0 0 0
2 4 4
3 2 8
0 0 0
2 2 4
3 3 5
0 0 0
2 2 11
3 4 6
0 0 0
2 2 7
3 5 6
0 0 0
2 2 9
3 5 8
0 0 0
2 8 8
3 5 7
0 0 0
2 9 9
3 8 8
0 0 0
2 9 9
0 0 0
3 2 7
0 0 0
3 4 7
0 0 0
2 2 8
3 2 8
0 0 0
2 5 5
3 2 8
0 0 0
2 4 7
3 2 9
0 0 0
2 1 11
3 4 9
0 0 0
2 8 8
3 7 9
0 0 0
0 0 0
3 2 7
0 0 0
2 2 10
3 2 6
0 0 0
2 2 10
3 3 9
0 0 0
2 4 4
3 3 8
0 0 0
2 5 6
3 3 8
0 0 0
2 9 9
3 2 10
0 0 0
2 2 12
3 7 8
0 0 0
2 8 9
3 8 8
0 0 0
0 0 0
2 2 2
3 5 5
0 0 0
2 2 2
3 2 7
0 0 0
2 5 5
3 4 8
0 0 0
2 2 5
3 4 8
0 0 0
2 3 3
3 7 7
0 0 0
0 0 0
2 1 4
3 7 7
0 0 0
2 2 9
3 7 8
0 0 0
2 4 6
3 7 8
0 0 0
2 7 7
3 8 8
0 0 0
0 0 0
2 3 9
0 0 0
2 2 6
0 0 0
2 2 5
3 2 9
0 0 0
2 2 7
3 2 5
0 0 0
2 3 5
0 0 0
2 9 9
0 0 0
3 2 9
0 0 0
2 2 10
3 8 8
0 0 0
2 2 8
3 3 8
0 0 0
2 5 5
3 2 9
0 0 0
2 6 9
3 4 9
0 0 0
2 7 7
3 3 9
0 0 0
0 0 0
2 3 8
3 4 8
0 0 0
2 2 7
3 3 3
0 0 0
2 4 7
3 3 9
0 0 0
2 3 9
3 4 4
0 0 0
2 3 12
0 0 0
2 4 4
0 0 0
2 5 5
0 0 0
2 4 7
3 8 8
0 0 0
2 4 7
3 8 10
0 0 0
0 0 0
0 0 0
2 2 8
0 0 0
2 3 7
0 0 0
2 1 7
3 3 8
0 0 0
2 2 9
3 3 9
0 0 0
2 2 7
3 6 7
0 0 0
0 0 0
0 0 0
0 0 0
3 7 7
0 0 0
2 2 8
3 2 7
0 0 0
2 2 10
3 2 10
0 0 0
2 7 8
3 3 10
0 0 0
2 6 8
3 3 5
0 0 0
2 2 11
0 0 0
0 0 0
2 5 5
3 3 8
0 0 0
2 5 6
3 2 10
0 0 0
0 0 0
0 0 0
0 0 0
0 0 0
2 1 4
3 5 5
0 0 0
2 1 9
3 6 6
0 0 0
2 4 7
3 4 4
0 0 0
2 7 7
3 4 5
0 0 0
2 7 9
0 0 0
0 0 0
0 0 0
2 3 6
3 3 5
0 0 0
2 4 8
3 1 6
0 0 0
2 2 9
3 3 7
0 0 0
2 4 5
3 3 10
0 0 0
2 2 8
3 3 10
0 0 0
2 3 11
3 1 5
0 0 0
0 0 0
3 3 5
0 0 0
2 3 3
3 2 8
0 0 0
2 2 5
3 2 6
0 0 0
2 2 6
3 2 8
0 0 0
2 2 7
3 2 8
0 0 0
2 3 9
3 3 8
0 0 0
2 5 8
3 3 7
0 0 0
2 7 12
3 4 7
0 0 0
0 0 0
0 0 0
2 2 2
3 4 6
0 0 0
2 2 8
3 4 7
0 0 0
2 5 5
3 3 9
0 0 0
2 3 6
3 3 10
0 0 0
2 5 6
3 2 10
0 0 0
2 6 6
3 7 10
0 0 0
3 6 8
0 0 0
0 0 0
3 2 7
0 0 0
2 1 3
3 2 8
0 0 0
2 1 6
3 1 9
0 0 0
2 1 8
3 2 8
0 0 0
2 2 9
3 2 8
0 0 0
2 1 9
3 2 8
0 0 0
2 2 12
3 5 9
0 0 0
0 0 0
0 0 0
2 5 6
3 2 2
0 0 0
3 2 8
0 0 0
2 1 4
3 2 8
0 0 0
2 1 5
3 3 9
0 0 0
0 0 0
3 2 9
0 0 0
2 2 5
3 2 4
0 0 0
2 2 8
3 2 8
0 0 0
2 2 8
3 2 9
0 0 0
2 4 9
3 3 9
0 0 0
2 8 8
3 3 9
0 0 0
0 0 0
2 7 8
3 3 7
0 0 0
2 7 7
3 2 8
0 0 0
2 4 9
3 2 8
0 0 0
2 4 4
3 2 7
0 0 0
2 3 12
3 2 8
0 0 0
3 2 6
0 0 0
3 3 8
0 0 0
3 3 8
0 0 0
0 0 0
0 0 0
3 5 8
0 0 0
2 4 4
3 1 7
0 0 0
2 2 8
3 2 7
0 0 0
2 2 9
3 1 9
0 0 0
2 2 9
3 2 10
0 0 0
2 1 10
3 2 8
0 0 0
2 4 11
3 3 8
0 0 0
0 0 0
0 0 0
0 0 0
2 4 10
3 5 5
0 0 0
2 2 7
3 2 9
0 0 0
2 2 7
3 2 8
0 0 0
2 2 9
3 2 10
0 0 0
2 4 9
3 2 7
0 0 0
2 2 12
3 3 9
0 0 0
0 0 0
2 5 5
0 0 0
2 5 5
3 2 2
0 0 0
2 4 8
3 4 9
0 0 0
2 5 6
3 7 7
0 0 0
2 5 9
3 3 9
0 0 0
0 0 0
3 4 5
0 0 0
2 6 9
0 0 0
2 7 9
3 3 7
0 0 0
2 3 9
0 0 0
3 3 5
0 0 0
3 2 6
0 0 0
2 2 7
3 2 7
0 0 0
2 1 8
3 2 6
0 0 0
2 2 5
3 2 7
0 0 0
3 2 5
0 0 0
3 3 6
0 0 0
2 4 4
3 3 8
0 0 0
2 2 8
3 3 7
0 0 0
2 5 7
3 2 7
0 0 0
2 2 9
3 2 8
0 0 0
2 2 11
3 3 7
0 0 0
2 2 11
0 0 0
0 0 0
2 2 11
3 4 7
0 0 0
2 3 7
3 3 9
0 0 0
2 2 8
3 4 10
0 0 0
2 3 9
3 3 10
0 0 0
2 5 10
3 5 10
0 0 0
2 9 9
3 4 8
0 0 0
0 0 0
0 0 0
2 2 5
0 0 0
2 4 8
0 0 0
2 2 7
3 4 9
0 0 0
2 4 10
3 5 5
0 0 0
2 3 10
0 0 0
0 0 0
2 6 9
0 0 0
2 4 4
3 6 7
0 0 0
2 2 8
3 3 8
0 0 0
2 2 10
3 3 9
0 0 0
2 3 8
3 3 8
0 0 0
2 3 7
3 6 9
0 0 0
2 2 2
3 3 7
0 0 0
2 2 7
3 5 7
0 0 0
2 6 6
3 2 9
0 0 0
2 2 9
3 2 9
0 0 0
2 2 9
3 3 10
0 0 0
2 4 9
3 3 9
0 0 0
2 5 8
3 5 9
0 0 0
0 0 0
0 0 0
0 0 0
0 0 0
2 3 8
3 6 7
0 0 0
2 3 9
3 5 6
0 0 0
2 6 9
3 6 7
0 0 0
0 0 0
2 3 4
3 3 7
0 0 0
2 2 2
3 3 8
0 0 0
2 2 8
3 2 8
0 0 0
2 2 6
3 2 9
0 0 0
2 3 7
3 2 9
0 0 0
0 0 0
2 2 2
3 2 7
0 0 0
2 5 11
3 2 10
0 0 0
2 2 7
3 2 9
0 0 0
2 3 7
3 2 9
0 0 0
2 2 9
3 3 9
0 0 0
2 5 12
3 3 9
0 0 0
2 6 8
3 4 10
0 0 0
0 0 0
0 0 0
0 0 0
2 5 8
3 9 9
0 0 0
2 3 3
3 2 7
0 0 0
2 3 3
0 0 0
2 2 10
3 5 8
0 0 0
2 5 7
3 3 9
0 0 0
2 2 7
3 3 9
0 0 0
2 4 9
3 3 9
0 0 0
2 5 10
3 3 10
0 0 0
2 4 12
3 4 9
0 0 0
0 0 0
3 4 4
0 0 0
2 2 2
3 5 8
0 0 0
2 2 5
3 3 10
0 0 0
3 3 9
0 0 0
2 3 4
3 6 8
0 0 0
2 3 9
3 5 8
0 0 0
0 0 0
2 1 9
3 2 2
0 0 0
2 4 7
0 0 0
2 3 5
3 3 4
0 0 0
2 3 4
3 2 9
0 0 0
2 2 10
3 3 10
0 0 0
2 4 9
3 3 10
0 0 0
2 3 11
3 3 10
0 0 0
2 4 11
3 3 9
0 0 0
0 0 0
3 5 9
0 0 0
2 4 7
3 3 10
0 0 0
2 3 8
3 3 10
0 0 0
2 4 9
3 4 10
0 0 0
2 5 6
3 3 10
0 0 0
0 0 0
3 4 4
0 0 0
0 0 0
2 7 7
3 2 6
0 0 0
2 3 5
0 0 0
3 5 9
0 0 0
3 6 7
0 0 0
3 3 10
0 0 0
2 5 5
3 3 9
0 0 0
2 7 7
3 2 10
0 0 0
2 3 8
3 2 10
0 0 0
2 2 10
3 2 10
0 0 0
2 6 8
3 4 10
0 0 0
3 4 4
0 0 0
2 3 3
3 4 7
0 0 0
2 4 4
3 3 9
0 0 0
2 2 7
3 2 8
0 0 0
2 4 8
3 2 10
0 0 0
2 7 8
3 4 10
0 0 0
2 6 6
3 4 9
0 0 0
0 0 0
0 0 0
0 0 0
2 6 9
3 3 5
0 0 0
2 3 7
3 1 10
0 0 0
2 2 9
3 3 9
0 0 0
2 6 11
3 7 10
0 0 0
2 5 11
3 7 7
0 0 0
2 2 10
3 2 10
0 0 0
2 4 6
3 2 8
0 0 0
2 4 9
3 2 9
0 0 0
2 3 9
3 2 10
0 0 0
2 4 9
3 3 9
0 0 0
2 4 10
3 4 10
0 0 0
3 7 7
0 0 0
2 2 9
3 4 7
0 0 0
0 0 0
0 0 0
2 6 6
0 0 0
2 6 9
3 7 8
0 0 0
2 7 12
0 0 0
2 6 8
3 5 8
0 0 0
3 5 7
0 0 0
2 4 4
3 5 9
0 0 0
3 5 9
0 0 0
2 3 7
3 5 9
0 0 0
3 5 10
0 0 0
3 6 8
0 0 0
3 8 8
0 0 0
2 3 9
3 6 8
0 0 0
3 6 9
0 0 0
3 4 9
0 0 0
3 4 4
0 0 0
3 4 9
0 0 0
2 4 7
3 6 8
0 0 0
2 6 6
3 6 8
0 0 0
2 6 7
3 6 6
0 0 0
2 7 8
3 7 7
0 0 0
2 6 6
3 2 9
0 0 0
2 3 5
3 3 10
0 0 0
2 4 6
3 6 10
0 0 0
2 4 6
3 7 8
0 0 0
2 4 9
3 6 10
0 0 0
2 4 7
3 4 9
0 0 0
2 4 7
3 6 10
0 0 0
3 4 7
0 0 0
2 6 6
3 3 7
0 0 0
3 4 9
0 0 0
2 6 8
3 2 9
0 0 0
2 5 7
3 3 9
0 0 0
2 5 10
3 4 10
0 0 0
0 0 0
2 3 9
3 3 7
0 0 0
2 1 7
3 3 8
0 0 0
2 5 6
3 4 4
0 0 0
2 5 11
3 4 9
0 0 0
2 5 8
3 3 8
0 0 0
2 4 4
3 2 6
0 0 0
2 2 2
3 5 6
0 0 0
2 4 8
3 2 7
0 0 0
2 3 3
3 2 7
0 0 0
3 5 6
0 0 0
2 3 3
3 5 7
0 0 0
2 2 8
3 5 7
0 0 0
2 4 7
3 5 9
0 0 0
2 6 8
3 5 9
0 0 0
2 2 12
3 6 8
0 0 0
2 2 12
3 6 6
0 0 0
3 5 5
0 0 0
3 6 6
0 0 0
2 6 6
3 5 7
0 0 0
0 0 0
3 2 7
0 0 0
3 3 3
0 0 0
2 8 8
3 2 10
0 0 0
2 4 7
3 6 6
0 0 0
2 5 7
3 6 6
0 0 0
2 6 9
3 2 10
0 0 0
2 5 7
0 0 0
0 0 0
2 6 6
3 4 7
0 0 0
2 2 2
3 4 7
0 0 0
2 6 6
3 8 8
0 0 0
2 7 7
3 6 6
0 0 0
2 2 8
3 6 7
0 0 0
2 7 8
3 7 7
0 0 0
0 0 0
2 2 9
3 2 10
0 0 0
2 1 10
3 2 10
0 0 0
2 1 11
3 2 10
0 0 0
0 0 0
3 2 9
0 0 0
2 2 10
3 7 7
0 0 0
2 6 6
3 6 9
0 0 0
2 6 7
3 6 7
0 0 0
2 5 6
3 2 10
0 0 0
0 0 0
0 0 0
0 0 0
3 4 4
0 0 0
2 6 6
3 4 4
0 0 0
2 5 7
3 7 7
0 0 0
0 0 0
2 3 8
3 2 7
0 0 0
0 0 0
3 2 10
0 0 0
3 2 10
0 0 0
0 0 0
0 0 0
0 0 0
2 2 8
0 0 0
2 2 9
3 2 2
0 0 0
2 2 10
3 2 10
0 0 0
3 3 3
0 0 0
2 7 8
3 2 7
0 0 0
2 3 6
3 3 4
0 0 0
2 7 7
3 2 9
0 0 0
2 1 8
3 3 10
0 0 0
2 5 8
3 2 7
0 0 0
2 2 2
0 0 0
3 3 3
0 0 0
2 2 4
3 2 7
0 0 0
3 6 6
0 0 0
2 2 4
3 3 5
0 0 0
2 2 6
3 2 7
0 0 0
2 2 8
3 3 4
0 0 0
0 0 0
0 0 0
3 5 5
0 0 0
2 2 8
0 0 0
2 4 6
0 0 0
2 5 7
3 2 10
0 0 0
2 4 7
0 0 0
0 0 0
2 3 8
3 4 6
0 0 0
2 2 10
3 4 6
0 0 0
2 2 2
3 4 8
0 0 0
2 2 2
3 3 6
0 0 0
2 2 6
3 4 8
0 0 0
0 0 0
0 0 0
3 2 10
0 0 0
0 0 0
2 4 4
3 2 10
0 0 0
2 2 8
3 4 9
0 0 0
2 4 8
3 6 6
0 0 0
2 2 6
0 0 0
0 0 0
3 4 6
0 0 0
2 4 4
3 3 5
0 0 0
2 5 5
3 2 8
0 0 0
2 2 8
3 2 10
0 0 0
2 3 7
3 4 8
0 0 0
2 4 9
3 3 7
0 0 0
0 0 0
3 3 4
0 0 0
2 3 9
3 2 2
0 0 0
2 6 6
3 3 6
0 0 0
2 2 5
3 3 7
0 0 0
2 4 8
3 3 8
0 0 0
2 4 9
3 4 7
0 0 0
2 4 8
3 3 9
0 0 0
0 0 0
3 4 5
0 0 0
2 2 3
3 3 6
0 0 0
3 3 8
0 0 0
2 4 8
3 3 9
0 0 0
2 3 8
3 3 8
0 0 0
2 4 8
3 5 6
0 0 0
0 0 0
2 6 8
3 7 7
0 0 0
2 9 9
3 6 10
0 0 0
2 6 6
3 5 10
0 0 0
2 5 9
3 4 9
0 0 0
2 3 10
3 3 10
0 0 0
2 2 11
3 4 10
0 0 0
2 6 10
3 8 10
0 0 0
2 6 12
3 7 9
0 0 0
0 0 0
3 3 6
0 0 0
3 3 9
0 0 0
2 2 10
3 3 9
0 0 0
2 5 8
3 3 9
0 0 0
2 5 10
3 3 10
0 0 0
2 5 11
3 3 10
0 0 0
2 4 10
3 5 9
0 0 0
2 6 10
3 5 9
0 0 0
0 0 0
0 0 0
3 3 5
0 0 0
2 4 8
3 2 5
0 0 0
2 2 6
3 2 9
0 0 0
2 5 9
3 1 10
0 0 0
2 4 9
3 2 9
0 0 0
2 5 10
3 3 10
0 0 0
2 5 10
3 3 10
0 0 0
2 3 8
3 2 6
0 0 0
2 2 10
3 2 7
0 0 0
2 5 5
3 3 9
0 0 0
2 5 8
3 2 9
0 0 0
2 2 9
3 3 10
0 0 0
2 7 10
3 2 8
0 0 0
2 5 10
3 4 10
0 0 0
2 6 12
3 4 9
0 0 0
0 0 0
0 0 0
0 0 0
3 5 8
0 0 0
2 3 3
0 0 0
2 5 10
3 5 9
0 0 0
2 1 10
3 5 10
0 0 0
2 5 11
3 6 9
0 0 0
2 4 11
3 5 10
0 0 0
0 0 0
3 2 5
0 0 0
3 4 8
0 0 0
2 5 5
3 3 9
0 0 0
2 4 6
3 3 10
0 0 0
2 4 9
3 3 10
0 0 0
2 4 12
3 3 10
0 0 0
2 3 12
3 4 10
0 0 0
2 4 11
3 4 10
0 0 0
0 0 0
2 8 8
0 0 0
3 3 7
0 0 0
3 2 7
0 0 0
2 4 4
3 3 10
0 0 0
2 4 9
3 2 10
0 0 0
2 5 10
3 2 10
0 0 0
2 3 11
3 3 10
0 0 0
2 4 11
3 4 9
0 0 0
0 0 0
0 0 0
0 0 0
2 3 8
0 0 0
2 5 5
3 9 9
0 0 0
2 7 8
3 4 9
0 0 0
2 4 10
3 2 8
0 0 0
2 3 8
3 5 9
0 0 0
2 6 12
3 4 9
0 0 0
0 0 0
3 5 6
0 0 0
2 10 10
3 2 6
0 0 0
2 6 6
3 3 8
0 0 0
2 4 9
3 2 9
0 0 0
2 4 9
3 2 9
0 0 0
2 4 9
3 2 9
0 0 0
2 5 10
3 3 9
0 0 0
2 5 7
3 4 10
0 0 0
2 5 5
3 2 8
0 0 0
2 6 6
3 3 8
0 0 0
3 1 2
0 0 0
3 1 3
0 0 0
2 2 3
3 1 9
0 0 0
2 3 8
3 1 9
0 0 0
0 0 0
3 6 6
0 0 0
2 4 4
3 3 8
0 0 0
2 5 7
3 4 8
0 0 0
2 6 6
3 2 9
0 0 0
2 3 9
3 2 10
0 0 0
2 5 10
3 2 9
0 0 0
2 4 9
3 2 10
0 0 0
2 5 8
3 9 9
0 0 0
0 0 0
3 4 7
0 0 0
3 3 8
0 0 0
2 3 7
3 2 10
0 0 0
2 3 11
3 2 10
0 0 0
2 2 9
3 2 10
0 0 0
2 6 9
3 2 10
0 0 0
2 6 9
3 5 8
0 0 0
2 7 11
3 8 9
0 0 0
3 3 7
0 0 0
3 4 5
0 0 0
3 2 7
0 0 0
2 6 7
3 3 8
0 0 0
2 4 8
3 3 8
0 0 0
2 4 10
3 3 9
0 0 0
2 5 9
3 4 9
0 0 0
0 0 0
2 3 3
3 2 6
0 0 0
3 3 8
0 0 0
2 7 7
3 2 8
0 0 0
2 4 6
3 2 10
0 0 0
2 2 10
3 2 10
0 0 0
2 7 8
3 2 10
-999 # Checksum