# Data extracted from file  H:/_C_drev/SMS-git/Data_baltic/2019-data/VPA_Ca01_new.IN 
# Date  Mon Nov 04 14:20:56 2019 
# HER year: 1974 
0.00000 0.01200 0.03000 0.04800 0.06000 0.06500 0.06600 0.07200 0.10110 0.00000 0.00000 0.00000
0.00000 0.00800 0.03500 0.04700 0.05400 0.05900 0.05100 0.05700 0.07715 0.00000 0.00000 0.00000
0.01100 0.04100 0.04500 0.04900 0.05200 0.06300 0.06800 0.06800 0.09178 0.00000 0.00000 0.00000
0.01000 0.03100 0.04000 0.05200 0.05900 0.06100 0.06000 0.06800 0.08770 0.00000 0.00000 0.00000
# HER year: 1975 
0.00000 0.01200 0.03000 0.04800 0.06000 0.06500 0.06600 0.07200 0.10117 0.00000 0.00000 0.00000
0.00000 0.00800 0.03500 0.04700 0.05400 0.05900 0.05100 0.05700 0.07694 0.00000 0.00000 0.00000
0.01100 0.04100 0.04500 0.04900 0.05200 0.06300 0.06800 0.06800 0.09169 0.00000 0.00000 0.00000
0.01000 0.03100 0.04000 0.05200 0.05900 0.06100 0.06000 0.06800 0.08650 0.00000 0.00000 0.00000
# HER year: 1976 
0.00000 0.01200 0.03000 0.04800 0.06000 0.06500 0.06600 0.07200 0.09997 0.00000 0.00000 0.00000
0.00000 0.00800 0.03500 0.04700 0.05400 0.05900 0.05100 0.05700 0.07768 0.00000 0.00000 0.00000
0.01100 0.04100 0.04500 0.04900 0.05200 0.06300 0.06800 0.06800 0.09432 0.00000 0.00000 0.00000
0.01000 0.03100 0.04000 0.05200 0.05900 0.06100 0.06000 0.06800 0.08976 0.00000 0.00000 0.00000
# HER year: 1977 
0.00000 0.01200 0.03000 0.04800 0.06000 0.06500 0.06600 0.07200 0.10081 0.00000 0.00000 0.00000
0.00000 0.00800 0.03500 0.04700 0.05400 0.05900 0.05100 0.05700 0.07755 0.00000 0.00000 0.00000
0.01100 0.04100 0.04500 0.04900 0.05200 0.06300 0.06800 0.06800 0.09308 0.00000 0.00000 0.00000
0.01000 0.03100 0.04000 0.05200 0.05900 0.06100 0.06000 0.06800 0.08889 0.00000 0.00000 0.00000
# HER year: 1978 
0.00000 0.01900 0.03300 0.04800 0.06000 0.07100 0.07300 0.08000 0.09133 0.00000 0.00000 0.00000
0.00000 0.00700 0.04500 0.04700 0.05200 0.05500 0.05800 0.06500 0.07268 0.00000 0.00000 0.00000
0.00500 0.03300 0.06300 0.06100 0.05700 0.05700 0.07500 0.07500 0.09402 0.00000 0.00000 0.00000
0.01600 0.03300 0.04700 0.05000 0.05500 0.06000 0.06500 0.07100 0.08915 0.00000 0.00000 0.00000
# HER year: 1979 
0.0000 0.0140 0.0430 0.0590 0.0690 0.0760 0.0760 0.1000 0.1398 0.0000 0.0000 0.0000
0.0000 0.0070 0.0520 0.0640 0.0560 0.0580 0.0650 0.0720 0.0825 0.0000 0.0000 0.0000
0.0060 0.0350 0.0670 0.0700 0.0670 0.0710 0.0780 0.0820 0.1083 0.0000 0.0000 0.0000
0.0070 0.0280 0.0560 0.0680 0.0730 0.0730 0.0720 0.0850 0.1091 0.0000 0.0000 0.0000
# HER year: 1980 
0.00000 0.01600 0.04100 0.05200 0.06100 0.06100 0.07500 0.08700 0.10112 0.00000 0.00000 0.00000
0.00000 0.01000 0.03300 0.04700 0.05700 0.04900 0.06400 0.07400 0.08731 0.00000 0.00000 0.00000
0.00700 0.02700 0.05200 0.06800 0.06900 0.07500 0.08300 0.08600 0.10678 0.00000 0.00000 0.00000
0.00900 0.02100 0.03900 0.05600 0.07100 0.06900 0.08000 0.08700 0.10528 0.00000 0.00000 0.00000
# HER year: 1981 
0.0000 0.0140 0.0310 0.0460 0.0590 0.0730 0.0680 0.0910 0.1057 0.0000 0.0000 0.0000
0.0000 0.0190 0.0290 0.0440 0.0550 0.0600 0.0580 0.0740 0.0920 0.0000 0.0000 0.0000
0.0070 0.0450 0.0610 0.0700 0.0760 0.0810 0.0850 0.0900 0.1107 0.0000 0.0000 0.0000
0.0070 0.0290 0.0410 0.0540 0.0680 0.0750 0.0790 0.0850 0.1155 0.0000 0.0000 0.0000
# HER year: 1982 
0.0000 0.0120 0.0360 0.0570 0.0750 0.0870 0.0900 0.0960 0.1121 0.0000 0.0000 0.0000
0.0000 0.0080 0.0290 0.0370 0.0480 0.0640 0.0700 0.0650 0.1011 0.0000 0.0000 0.0000
0.0090 0.0280 0.0570 0.0630 0.0730 0.0750 0.0860 0.0860 0.1154 0.0000 0.0000 0.0000
0.0080 0.0220 0.0440 0.0490 0.0610 0.0720 0.0790 0.0850 0.1109 0.0000 0.0000 0.0000
# HER year: 1983 
0.00000 0.00900 0.02800 0.05100 0.06200 0.07500 0.08700 0.09000 0.11209 0.00000 0.00000 0.00000
0.00000 0.00600 0.02500 0.04800 0.04500 0.05900 0.07000 0.07800 0.09718 0.00000 0.00000 0.00000
0.00800 0.02300 0.04100 0.06500 0.06900 0.07500 0.08600 0.10000 0.12178 0.00000 0.00000 0.00000
0.01100 0.02300 0.03100 0.04600 0.05100 0.06300 0.07200 0.08100 0.08988 0.00000 0.00000 0.00000
# HER year: 1984 
0.00000 0.01300 0.02600 0.04000 0.05900 0.06300 0.07500 0.08900 0.10218 0.00000 0.00000 0.00000
0.00000 0.00700 0.02200 0.03500 0.05800 0.05700 0.07300 0.08000 0.09548 0.00000 0.00000 0.00000
0.00800 0.02100 0.04200 0.05800 0.07400 0.07200 0.07600 0.09400 0.11037 0.00000 0.00000 0.00000
0.00900 0.01900 0.02900 0.04400 0.06100 0.05900 0.06800 0.07900 0.10623 0.00000 0.00000 0.00000
# HER year: 1985 
0.00000 0.01100 0.02900 0.05100 0.06000 0.07400 0.08200 0.07900 0.09895 0.00000 0.00000 0.00000
0.00000 0.01000 0.02700 0.05300 0.06000 0.07500 0.06600 0.07700 0.09677 0.00000 0.00000 0.00000
0.00900 0.02000 0.03100 0.04300 0.06500 0.07400 0.07900 0.09100 0.10288 0.00000 0.00000 0.00000
0.01400 0.02100 0.02200 0.03400 0.04900 0.06100 0.06600 0.07800 0.09753 0.00000 0.00000 0.00000
# HER year: 1986 
0.00000 0.01100 0.02300 0.02900 0.04300 0.05100 0.06200 0.06900 0.08982 0.00000 0.00000 0.00000
0.00000 0.00900 0.02000 0.02900 0.04400 0.05500 0.06000 0.07400 0.09047 0.00000 0.00000 0.00000
0.00700 0.02300 0.03600 0.04500 0.06300 0.07300 0.07800 0.08200 0.10823 0.00000 0.00000 0.00000
0.00800 0.02500 0.03100 0.03500 0.05300 0.06000 0.07100 0.07700 0.10058 0.00000 0.00000 0.00000
# HER year: 1987 
0.00000 0.01900 0.03400 0.04700 0.05600 0.06900 0.07800 0.08600 0.09877 0.00000 0.00000 0.00000
0.00000 0.01000 0.02800 0.03800 0.04200 0.05500 0.06100 0.06800 0.09071 0.00000 0.00000 0.00000
0.00600 0.01600 0.04100 0.04800 0.05100 0.06600 0.07500 0.07800 0.09390 0.00000 0.00000 0.00000
0.00700 0.01800 0.03500 0.03700 0.04100 0.05300 0.06200 0.06900 0.09307 0.00000 0.00000 0.00000
# HER year: 1988 
0.00000 0.00900 0.02200 0.03900 0.03800 0.04900 0.05800 0.06900 0.08819 0.00000 0.00000 0.00000
0.00000 0.01200 0.01900 0.04100 0.04800 0.04700 0.06100 0.06600 0.08959 0.00000 0.00000 0.00000
0.00600 0.03000 0.04000 0.06100 0.06600 0.06600 0.08300 0.08900 0.10494 0.00000 0.00000 0.00000
0.00900 0.02700 0.02900 0.04000 0.04800 0.05500 0.06300 0.07400 0.09240 0.00000 0.00000 0.00000
# HER year: 1989 
0.00000 0.01100 0.02400 0.02500 0.03400 0.04500 0.05000 0.06000 0.08249 0.00000 0.00000 0.00000
0.00000 0.01000 0.02800 0.03100 0.05000 0.05400 0.05700 0.07100 0.08124 0.00000 0.00000 0.00000
0.00500 0.02400 0.04500 0.04100 0.05300 0.06100 0.07400 0.08800 0.09884 0.00000 0.00000 0.00000
0.00800 0.02400 0.03600 0.03300 0.04700 0.05900 0.06200 0.07400 0.09400 0.00000 0.00000 0.00000
# HER year: 1990 
0.00000 0.00800 0.02600 0.03500 0.03400 0.05200 0.06600 0.06900 0.08675 0.00000 0.00000 0.00000
0.00000 0.00800 0.02800 0.04200 0.04000 0.06200 0.06700 0.06500 0.07707 0.00000 0.00000 0.00000
0.01100 0.03200 0.04400 0.05100 0.04600 0.05400 0.05800 0.06500 0.07446 0.00000 0.00000 0.00000
0.01000 0.02100 0.03600 0.04300 0.03600 0.05400 0.05500 0.06800 0.06890 0.00000 0.00000 0.00000
# HER year: 1991 
0.00000 0.00700 0.02000 0.03100 0.04000 0.03400 0.05400 0.04800 0.06080 0.00000 0.00000 0.00000
0.00000 0.00800 0.01900 0.02900 0.04200 0.03400 0.05000 0.04800 0.05573 0.00000 0.00000 0.00000
0.00600 0.02000 0.02800 0.04200 0.05600 0.04500 0.06300 0.06400 0.08193 0.00000 0.00000 0.00000
0.01000 0.02100 0.02500 0.03500 0.04600 0.03700 0.05300 0.04500 0.06414 0.00000 0.00000 0.00000
# HER year: 1992 
0.00000 0.00800 0.01700 0.02400 0.04000 0.05300 0.04000 0.06300 0.06232 0.00000 0.00000 0.00000
0.00000 0.00800 0.01800 0.02600 0.03800 0.04600 0.04200 0.06100 0.06100 0.00000 0.00000 0.00000
0.00500 0.01400 0.03300 0.03900 0.05200 0.05800 0.04700 0.06600 0.07789 0.00000 0.00000 0.00000
0.00700 0.01500 0.02400 0.03300 0.04800 0.06100 0.04900 0.05600 0.06310 0.00000 0.00000 0.00000
# HER year: 1993 
0.00000 0.00800 0.01800 0.02700 0.03000 0.03900 0.04700 0.03700 0.05102 0.00000 0.00000 0.00000
0.00000 0.00600 0.01900 0.02800 0.03200 0.04000 0.04500 0.04300 0.06026 0.00000 0.00000 0.00000
0.00600 0.01500 0.02500 0.03400 0.04100 0.04700 0.05200 0.04900 0.06645 0.00000 0.00000 0.00000
0.00800 0.01600 0.02000 0.02900 0.03700 0.04400 0.05400 0.05200 0.07482 0.00000 0.00000 0.00000
# HER year: 1994 
0.00000 0.00900 0.01700 0.02400 0.03600 0.04400 0.05700 0.06600 0.06634 0.00000 0.00000 0.00000
0.00000 0.00800 0.01800 0.02300 0.03100 0.03700 0.04600 0.05700 0.05472 0.00000 0.00000 0.00000
0.00700 0.01800 0.02400 0.03300 0.03900 0.04200 0.04600 0.05700 0.06294 0.00000 0.00000 0.00000
0.00700 0.01700 0.02200 0.02700 0.03700 0.03700 0.04300 0.05700 0.05714 0.00000 0.00000 0.00000
# HER year: 1995 
0.00000 0.01000 0.01700 0.02000 0.02700 0.03100 0.03400 0.04200 0.04157 0.00000 0.00000 0.00000
0.00000 0.00600 0.01800 0.02400 0.02800 0.03300 0.03600 0.04300 0.05063 0.00000 0.00000 0.00000
0.01000 0.01300 0.02300 0.02800 0.03500 0.03900 0.04100 0.05100 0.05682 0.00000 0.00000 0.00000
0.00800 0.01400 0.02100 0.02700 0.03200 0.03900 0.04200 0.04900 0.05056 0.00000 0.00000 0.00000
# HER year: 1996 
0.00000 0.01500 0.01900 0.02400 0.02700 0.03200 0.03600 0.03800 0.04740 0.00000 0.00000 0.00000
0.00000 0.00500 0.01400 0.02000 0.02400 0.02700 0.03100 0.03500 0.04497 0.00000 0.00000 0.00000
0.00300 0.01100 0.01700 0.02400 0.02700 0.03100 0.03700 0.03900 0.04861 0.00000 0.00000 0.00000
0.00400 0.01100 0.01600 0.02200 0.02700 0.02900 0.03300 0.03800 0.05134 0.00000 0.00000 0.00000
# HER year: 1997 
0.00000 0.00700 0.01200 0.01800 0.02100 0.02800 0.02800 0.03100 0.03736 0.00000 0.00000 0.00000
0.00000 0.00600 0.01200 0.01800 0.02600 0.02800 0.03300 0.03900 0.04138 0.00000 0.00000 0.00000
0.00500 0.01400 0.01900 0.02200 0.02500 0.03000 0.03400 0.03900 0.04500 0.00000 0.00000 0.00000
0.00600 0.01300 0.01800 0.02100 0.02400 0.02600 0.03000 0.03000 0.03042 0.00000 0.00000 0.00000
# HER year: 1998 
0.0000 0.0080 0.0163 0.0194 0.0264 0.0322 0.0325 0.0330 0.0347 0.0000 0.0000 0.0000
0.0000 0.0056 0.0148 0.0198 0.0266 0.0300 0.0361 0.0378 0.0438 0.0000 0.0000 0.0000
0.0043 0.0117 0.0169 0.0209 0.0266 0.0301 0.0347 0.0393 0.0523 0.0000 0.0000 0.0000
0.0061 0.0122 0.0188 0.0217 0.0257 0.0292 0.0335 0.0326 0.0503 0.0000 0.0000 0.0000
# HER year: 1999 
0.00000 0.00860 0.01340 0.02050 0.02300 0.02640 0.03240 0.03310 0.03811 0.00000 0.00000 0.00000
0.00000 0.00730 0.01390 0.02090 0.02410 0.02780 0.03270 0.03590 0.04236 0.00000 0.00000 0.00000
0.00780 0.01720 0.02150 0.02320 0.02800 0.03370 0.03760 0.03820 0.04547 0.00000 0.00000 0.00000
0.00710 0.01690 0.02090 0.02360 0.02550 0.03070 0.03620 0.03800 0.05554 0.00000 0.00000 0.00000
# HER year: 2000 
0.000000 0.010140 0.019889 0.023074 0.026829 0.028637 0.033745 0.036134 0.038270 0.000000 0.000000 0.000000
0.000000 0.009227 0.018189 0.023896 0.025892 0.028467 0.032788 0.035299 0.032936 0.000000 0.000000 0.000000
0.005251 0.013832 0.024674 0.027588 0.031453 0.036379 0.043473 0.048578 0.048597 0.000000 0.000000 0.000000
0.007758 0.015142 0.024528 0.026395 0.027957 0.031801 0.036450 0.041523 0.043355 0.000000 0.000000 0.000000
# HER year: 2001 
0.000000 0.009126 0.020008 0.029881 0.031453 0.034375 0.039892 0.038713 0.042681 0.000000 0.000000 0.000000
0.000000 0.009436 0.018118 0.027994 0.032008 0.036364 0.038079 0.041621 0.038438 0.000000 0.000000 0.000000
0.005698 0.015945 0.020310 0.023524 0.025819 0.029065 0.029239 0.037842 0.035767 0.000000 0.000000 0.000000
0.007076 0.019601 0.025127 0.029202 0.029556 0.034509 0.036415 0.037757 0.038594 0.000000 0.000000 0.000000
# HER year: 2002 
0.000000 0.007111 0.016509 0.024866 0.031405 0.032767 0.038846 0.043746 0.036023 0.000000 0.000000 0.000000
0.000000 0.009773 0.019024 0.023732 0.028851 0.034240 0.035182 0.040733 0.045936 0.000000 0.000000 0.000000
0.005187 0.015740 0.029224 0.034180 0.043903 0.046067 0.050188 0.051368 0.058237 0.000000 0.000000 0.000000
0.005568 0.018414 0.025757 0.030933 0.037766 0.042781 0.043406 0.045510 0.049940 0.000000 0.000000 0.000000
# HER year: 2003 
0.000000 0.006733 0.029625 0.037681 0.039184 0.044385 0.047068 0.052746 0.052269 0.000000 0.000000 0.000000
0.000000 0.005124 0.020488 0.026620 0.029790 0.034430 0.041706 0.046481 0.055131 0.000000 0.000000 0.000000
0.004518 0.011098 0.033574 0.032928 0.041995 0.045612 0.045315 0.050372 0.058881 0.000000 0.000000 0.000000
0.005808 0.011542 0.022376 0.027283 0.035996 0.035664 0.044675 0.052482 0.057146 0.000000 0.000000 0.000000
# HER year: 2004 
0.000000 0.005113 0.012017 0.023345 0.028180 0.035962 0.040335 0.047665 0.055464 0.000000 0.000000 0.000000
0.000000 0.007722 0.014528 0.029316 0.029483 0.039615 0.040042 0.047154 0.054846 0.000000 0.000000 0.000000
0.004799 0.012313 0.018482 0.032470 0.037904 0.044717 0.049101 0.051771 0.058460 0.000000 0.000000 0.000000
0.006241 0.009599 0.015253 0.025802 0.031878 0.038899 0.043238 0.045716 0.051791 0.000000 0.000000 0.000000
# HER year: 2005 
0.000000 0.007865 0.012171 0.015576 0.027678 0.035274 0.040531 0.050250 0.056754 0.000000 0.000000 0.000000
0.000000 0.010639 0.014535 0.019481 0.029522 0.034239 0.042735 0.044625 0.054731 0.000000 0.000000 0.000000
0.006800 0.022167 0.025046 0.028803 0.039065 0.045727 0.053503 0.059111 0.065255 0.000000 0.000000 0.000000
0.005149 0.015897 0.018503 0.022025 0.027764 0.034165 0.045435 0.047747 0.056528 0.000000 0.000000 0.000000
# HER year: 2006 
0.000000 0.007610 0.025644 0.022505 0.025274 0.031691 0.041040 0.046666 0.052804 0.000000 0.000000 0.000000
0.000000 0.013341 0.028984 0.024522 0.025626 0.037489 0.044736 0.050728 0.057766 0.000000 0.000000 0.000000
0.003672 0.017754 0.032004 0.033492 0.036876 0.042486 0.053962 0.057089 0.068674 0.000000 0.000000 0.000000
0.004982 0.012249 0.016988 0.022063 0.025549 0.030078 0.042021 0.048376 0.053466 0.000000 0.000000 0.000000
# HER year: 2007 
0.000000 0.006581 0.017324 0.024824 0.026116 0.031895 0.046699 0.051189 0.065891 0.000000 0.000000 0.000000
0.000000 0.009015 0.026452 0.028356 0.032572 0.031536 0.041284 0.049421 0.060183 0.000000 0.000000 0.000000
0.005083 0.022174 0.039269 0.035031 0.040626 0.041426 0.049035 0.051116 0.062036 0.000000 0.000000 0.000000
0.005866 0.015467 0.020820 0.022418 0.031002 0.032481 0.036945 0.047668 0.054031 0.000000 0.000000 0.000000
# HER year: 2008 
0.000000 0.007093 0.020358 0.025823 0.031064 0.036096 0.033484 0.048378 0.053881 0.000000 0.000000 0.000000
0.000000 0.007284 0.020979 0.022887 0.027314 0.035920 0.030704 0.040110 0.045790 0.000000 0.000000 0.000000
0.005307 0.013293 0.027288 0.030503 0.035358 0.041473 0.037206 0.047156 0.055185 0.000000 0.000000 0.000000
0.006476 0.016403 0.024582 0.026818 0.030418 0.037353 0.036126 0.041162 0.049258 0.000000 0.000000 0.000000
# HER year: 2009 
0.000000 0.008648 0.018276 0.026411 0.031036 0.035014 0.039961 0.035290 0.047122 0.000000 0.000000 0.000000
0.000000 0.006507 0.017537 0.022490 0.024141 0.030805 0.035529 0.031443 0.043226 0.000000 0.000000 0.000000
0.005059 0.017256 0.028044 0.032452 0.036433 0.042128 0.051608 0.044439 0.054831 0.000000 0.000000 0.000000
0.006043 0.013909 0.021825 0.030058 0.028609 0.037235 0.045297 0.037953 0.044023 0.000000 0.000000 0.000000
# HER year: 2010 
0.004000 0.010774 0.017415 0.025304 0.032283 0.032779 0.038503 0.044198 0.047608 0.000000 0.000000 0.000000
0.003500 0.006545 0.015753 0.023326 0.030195 0.029460 0.032279 0.042894 0.040219 0.000000 0.000000 0.000000
0.004506 0.013630 0.027356 0.034594 0.037175 0.038699 0.042709 0.049643 0.051273 0.000000 0.000000 0.000000
0.005240 0.013062 0.019694 0.026875 0.032336 0.036185 0.042575 0.045942 0.045635 0.000000 0.000000 0.000000
# HER year: 2011 
0.000000 0.010826 0.022849 0.023908 0.029842 0.036812 0.037815 0.045786 0.049288 0.000000 0.000000 0.000000
0.000000 0.007822 0.017629 0.020725 0.029612 0.035619 0.035838 0.046641 0.046057 0.000000 0.000000 0.000000
0.004169 0.016141 0.029734 0.040199 0.042726 0.048549 0.052330 0.056460 0.055042 0.000000 0.000000 0.000000
0.005879 0.014894 0.020824 0.026861 0.036062 0.037841 0.042375 0.047540 0.041553 0.000000 0.000000 0.000000
# HER year: 2012 
0.000000 0.008855 0.023830 0.022830 0.030325 0.037671 0.042641 0.050166 0.055180 0.000000 0.000000 0.000000
0.000000 0.011347 0.030139 0.027938 0.030913 0.040507 0.042940 0.043873 0.056407 0.000000 0.000000 0.000000
0.005919 0.027316 0.049867 0.046778 0.048144 0.052885 0.053424 0.059048 0.067132 0.000000 0.000000 0.000000
0.008004 0.019891 0.030506 0.029280 0.037331 0.047815 0.053974 0.057826 0.072923 0.000000 0.000000 0.000000
# HER year: 2013 
0.000000 0.007677 0.019196 0.034136 0.031293 0.036935 0.044871 0.048692 0.054257 0.000000 0.000000 0.000000
0.000000 0.007811 0.023060 0.037364 0.032900 0.037502 0.049662 0.049207 0.056387 0.000000 0.000000 0.000000
0.005375 0.015752 0.033037 0.050551 0.045143 0.048056 0.057310 0.055364 0.062904 0.000000 0.000000 0.000000
0.006728 0.015119 0.021580 0.026933 0.030153 0.038553 0.043903 0.051568 0.054121 0.000000 0.000000 0.000000
# HER year: 2014 
0.000000 0.007169 0.017062 0.028279 0.037169 0.032713 0.042687 0.045805 0.051042 0.000000 0.000000 0.000000
0.000000 0.007876 0.020394 0.027377 0.039768 0.033166 0.040320 0.046381 0.055383 0.000000 0.000000 0.000000
0.003680 0.021847 0.037521 0.043120 0.055220 0.050565 0.056813 0.062500 0.066389 0.000000 0.000000 0.000000
0.003657 0.019195 0.022921 0.028507 0.034389 0.037127 0.048674 0.052993 0.054945 0.000000 0.000000 0.000000
# HER year: 2015 
0.000000 0.004370 0.017721 0.026580 0.031916 0.039040 0.041032 0.050201 0.050355 0.000000 0.000000 0.000000
0.000000 0.008792 0.021118 0.025502 0.034002 0.042426 0.040682 0.046690 0.053038 0.000000 0.000000 0.000000
0.005684 0.015582 0.034018 0.035779 0.040419 0.045576 0.042571 0.046730 0.056465 0.000000 0.000000 0.000000
0.006115 0.014716 0.026301 0.027777 0.033039 0.037637 0.037583 0.041672 0.047701 0.000000 0.000000 0.000000
# HER year: 2016 
0.000000 0.005570 0.009844 0.023437 0.026848 0.031615 0.035680 0.037771 0.043694 0.000000 0.000000 0.000000
0.000000 0.005609 0.014573 0.022748 0.027721 0.032576 0.034753 0.040894 0.046029 0.000000 0.000000 0.000000
0.005459 0.020566 0.023256 0.039295 0.039028 0.045114 0.045299 0.047659 0.057164 0.000000 0.000000 0.000000
0.006157 0.012464 0.017073 0.029842 0.033659 0.038092 0.044450 0.048747 0.051949 0.000000 0.000000 0.000000
# HER year: 2017 
0.008000 0.005494 0.013962 0.017543 0.027854 0.031414 0.037183 0.044304 0.050491 0.000000 0.000000 0.000000
0.000000 0.007123 0.017750 0.018792 0.028463 0.032278 0.037720 0.049949 0.049275 0.000000 0.000000 0.000000
0.006711 0.015834 0.030370 0.029913 0.042687 0.044391 0.051004 0.060374 0.062594 0.000000 0.000000 0.000000
0.004823 0.014532 0.023084 0.026020 0.036914 0.039580 0.042679 0.049636 0.052129 0.000000 0.000000 0.000000
# HER year: 2018 
0.000000 0.006211 0.016262 0.026174 0.026626 0.035036 0.040006 0.043796 0.054797 0.000000 0.000000 0.000000
0.016600 0.007379 0.018743 0.027210 0.028219 0.036982 0.039709 0.040600 0.049407 0.000000 0.000000 0.000000
0.005308 0.015501 0.029186 0.036677 0.037196 0.049330 0.047810 0.049392 0.052737 0.000000 0.000000 0.000000
0.005277 0.013786 0.019851 0.029132 0.030455 0.047799 0.041561 0.042404 0.049771 0.000000 0.000000 0.000000
# SPR year: 1974 
0.000 0.004 0.010 0.012 0.014 0.014 0.015 0.014 0.000 0.000 0.000 0.000
0.000 0.005 0.010 0.013 0.015 0.015 0.017 0.016 0.000 0.000 0.000 0.000
0.002 0.006 0.011 0.015 0.016 0.016 0.017 0.016 0.000 0.000 0.000 0.000
0.005 0.010 0.012 0.014 0.015 0.015 0.015 0.015 0.000 0.000 0.000 0.000
# SPR year: 1975 
0.000 0.004 0.010 0.012 0.014 0.014 0.015 0.014 0.000 0.000 0.000 0.000
0.000 0.005 0.010 0.013 0.015 0.015 0.017 0.016 0.000 0.000 0.000 0.000
0.000 0.006 0.011 0.015 0.016 0.016 0.017 0.016 0.000 0.000 0.000 0.000
0.000 0.010 0.012 0.014 0.015 0.015 0.015 0.015 0.000 0.000 0.000 0.000
# SPR year: 1976 
0.000 0.004 0.010 0.012 0.014 0.014 0.015 0.014 0.000 0.000 0.000 0.000
0.000 0.005 0.010 0.013 0.015 0.015 0.017 0.016 0.000 0.000 0.000 0.000
0.002 0.006 0.011 0.015 0.016 0.016 0.017 0.016 0.000 0.000 0.000 0.000
0.005 0.010 0.012 0.014 0.015 0.015 0.015 0.015 0.000 0.000 0.000 0.000
# SPR year: 1977 
0.000 0.004 0.010 0.012 0.014 0.014 0.015 0.014 0.000 0.000 0.000 0.000
0.000 0.005 0.010 0.013 0.015 0.015 0.017 0.016 0.000 0.000 0.000 0.000
0.002 0.006 0.011 0.015 0.016 0.016 0.017 0.016 0.000 0.000 0.000 0.000
0.005 0.010 0.012 0.014 0.015 0.015 0.015 0.015 0.000 0.000 0.000 0.000
# SPR year: 1978 
0.000 0.005 0.010 0.012 0.015 0.015 0.016 0.014 0.000 0.000 0.000 0.000
0.000 0.005 0.010 0.012 0.014 0.016 0.016 0.016 0.000 0.000 0.000 0.000
0.000 0.008 0.011 0.014 0.015 0.015 0.015 0.016 0.000 0.000 0.000 0.000
0.004 0.013 0.013 0.012 0.014 0.013 0.014 0.015 0.000 0.000 0.000 0.000
# SPR year: 1979 
0.000 0.004 0.011 0.013 0.014 0.016 0.016 0.015 0.000 0.000 0.000 0.000
0.000 0.004 0.013 0.014 0.013 0.016 0.016 0.015 0.000 0.000 0.000 0.000
0.003 0.007 0.011 0.015 0.015 0.016 0.017 0.017 0.000 0.000 0.000 0.000
0.005 0.011 0.014 0.015 0.015 0.017 0.015 0.015 0.000 0.000 0.000 0.000
# SPR year: 1980 
0.000 0.004 0.010 0.014 0.015 0.015 0.017 0.016 0.000 0.000 0.000 0.000
0.000 0.004 0.011 0.014 0.015 0.014 0.016 0.015 0.000 0.000 0.000 0.000
0.000 0.008 0.012 0.015 0.015 0.015 0.017 0.016 0.000 0.000 0.000 0.000
0.003 0.009 0.013 0.016 0.016 0.016 0.016 0.016 0.000 0.000 0.000 0.000
# SPR year: 1981 
0.000 0.004 0.014 0.015 0.016 0.016 0.015 0.017 0.000 0.000 0.000 0.000
0.000 0.004 0.013 0.014 0.018 0.017 0.014 0.018 0.000 0.000 0.000 0.000
0.003 0.009 0.012 0.015 0.016 0.016 0.016 0.018 0.000 0.000 0.000 0.000
0.004 0.010 0.014 0.016 0.016 0.017 0.017 0.018 0.000 0.000 0.000 0.000
# SPR year: 1982 
0.000 0.004 0.010 0.014 0.016 0.017 0.017 0.016 0.000 0.000 0.000 0.000
0.000 0.004 0.012 0.014 0.015 0.017 0.014 0.014 0.000 0.000 0.000 0.000
0.000 0.007 0.014 0.016 0.016 0.017 0.016 0.016 0.000 0.000 0.000 0.000
0.004 0.011 0.014 0.016 0.016 0.017 0.017 0.016 0.000 0.000 0.000 0.000
# SPR year: 1983 
0.000 0.004 0.010 0.013 0.015 0.016 0.017 0.017 0.000 0.000 0.000 0.000
0.000 0.006 0.011 0.014 0.014 0.016 0.016 0.016 0.000 0.000 0.000 0.000
0.003 0.006 0.011 0.014 0.016 0.015 0.017 0.017 0.000 0.000 0.000 0.000
0.004 0.010 0.013 0.015 0.016 0.017 0.018 0.019 0.000 0.000 0.000 0.000
# SPR year: 1984 
0.000 0.004 0.009 0.013 0.015 0.016 0.017 0.017 0.000 0.000 0.000 0.000
0.000 0.005 0.010 0.015 0.014 0.015 0.016 0.017 0.000 0.000 0.000 0.000
0.003 0.008 0.011 0.014 0.015 0.017 0.016 0.016 0.000 0.000 0.000 0.000
0.004 0.009 0.012 0.015 0.015 0.017 0.018 0.017 0.000 0.000 0.000 0.000
# SPR year: 1985 
0.000 0.004 0.009 0.012 0.014 0.016 0.017 0.017 0.000 0.000 0.000 0.000
0.000 0.004 0.010 0.012 0.012 0.015 0.017 0.016 0.000 0.000 0.000 0.000
0.004 0.009 0.012 0.014 0.016 0.015 0.019 0.017 0.000 0.000 0.000 0.000
0.004 0.010 0.013 0.015 0.016 0.016 0.016 0.015 0.000 0.000 0.000 0.000
# SPR year: 1986 
0.000 0.004 0.010 0.012 0.014 0.015 0.016 0.017 0.000 0.000 0.000 0.000
0.000 0.004 0.010 0.012 0.013 0.016 0.016 0.016 0.000 0.000 0.000 0.000
0.000 0.010 0.013 0.014 0.015 0.015 0.018 0.017 0.000 0.000 0.000 0.000
0.004 0.011 0.014 0.015 0.016 0.017 0.016 0.018 0.000 0.000 0.000 0.000
# SPR year: 1987 
0.000 0.005 0.012 0.014 0.016 0.016 0.017 0.018 0.000 0.000 0.000 0.000
0.000 0.005 0.011 0.014 0.016 0.016 0.017 0.017 0.000 0.000 0.000 0.000
0.000 0.009 0.012 0.014 0.015 0.016 0.015 0.017 0.000 0.000 0.000 0.000
0.004 0.011 0.012 0.014 0.015 0.016 0.015 0.017 0.000 0.000 0.000 0.000
# SPR year: 1988 
0.000 0.004 0.010 0.011 0.013 0.015 0.015 0.016 0.000 0.000 0.000 0.000
0.000 0.004 0.011 0.012 0.014 0.016 0.017 0.018 0.000 0.000 0.000 0.000
0.003 0.010 0.013 0.014 0.016 0.017 0.017 0.019 0.000 0.000 0.000 0.000
0.005 0.012 0.014 0.015 0.017 0.017 0.017 0.018 0.000 0.000 0.000 0.000
# SPR year: 1989 
0.000 0.005 0.011 0.014 0.014 0.016 0.017 0.018 0.000 0.000 0.000 0.000
0.000 0.005 0.011 0.014 0.015 0.016 0.017 0.017 0.000 0.000 0.000 0.000
0.003 0.010 0.013 0.015 0.016 0.017 0.017 0.018 0.000 0.000 0.000 0.000
0.005 0.014 0.015 0.017 0.018 0.019 0.018 0.019 0.000 0.000 0.000 0.000
# SPR year: 1990 
0.000 0.007 0.013 0.014 0.016 0.017 0.017 0.019 0.000 0.000 0.000 0.000
0.000 0.005 0.013 0.014 0.016 0.018 0.018 0.019 0.000 0.000 0.000 0.000
0.003 0.009 0.013 0.014 0.015 0.018 0.016 0.019 0.000 0.000 0.000 0.000
0.004 0.012 0.015 0.016 0.017 0.017 0.017 0.019 0.000 0.000 0.000 0.000
# SPR year: 1991 
0.000 0.006 0.013 0.015 0.016 0.017 0.018 0.018 0.000 0.000 0.000 0.000
0.000 0.005 0.013 0.014 0.016 0.017 0.018 0.017 0.000 0.000 0.000 0.000
0.004 0.010 0.014 0.014 0.016 0.017 0.017 0.017 0.000 0.000 0.000 0.000
0.004 0.012 0.014 0.016 0.017 0.017 0.017 0.017 0.000 0.000 0.000 0.000
# SPR year: 1992 
0.000 0.004 0.012 0.015 0.015 0.017 0.018 0.018 0.000 0.000 0.000 0.000
0.000 0.005 0.012 0.015 0.016 0.017 0.018 0.019 0.000 0.000 0.000 0.000
0.003 0.009 0.013 0.014 0.016 0.017 0.017 0.019 0.000 0.000 0.000 0.000
0.005 0.012 0.015 0.017 0.018 0.019 0.019 0.019 0.000 0.000 0.000 0.000
# SPR year: 1993 
0.000 0.003 0.009 0.012 0.012 0.012 0.014 0.015 0.000 0.000 0.000 0.000
0.000 0.004 0.010 0.012 0.013 0.014 0.015 0.016 0.000 0.000 0.000 0.000
0.003 0.005 0.008 0.010 0.012 0.013 0.012 0.014 0.000 0.000 0.000 0.000
0.003 0.007 0.009 0.010 0.012 0.012 0.013 0.013 0.000 0.000 0.000 0.000
# SPR year: 1994 
0.000 0.004 0.009 0.012 0.014 0.015 0.015 0.016 0.000 0.000 0.000 0.000
0.000 0.005 0.009 0.012 0.014 0.014 0.015 0.015 0.000 0.000 0.000 0.000
0.002 0.009 0.010 0.012 0.013 0.014 0.015 0.015 0.000 0.000 0.000 0.000
0.003 0.010 0.011 0.012 0.014 0.014 0.016 0.015 0.000 0.000 0.000 0.000
# SPR year: 1995 
0.000 0.004 0.011 0.011 0.013 0.014 0.014 0.014 0.000 0.000 0.000 0.000
0.000 0.004 0.010 0.010 0.012 0.013 0.014 0.015 0.000 0.000 0.000 0.000
0.002 0.006 0.009 0.010 0.011 0.012 0.012 0.012 0.000 0.000 0.000 0.000
0.003 0.008 0.011 0.012 0.013 0.013 0.014 0.014 0.000 0.000 0.000 0.000
# SPR year: 1996 
0.000 0.003 0.007 0.010 0.011 0.013 0.014 0.013 0.000 0.000 0.000 0.000
0.000 0.003 0.007 0.010 0.011 0.012 0.013 0.013 0.000 0.000 0.000 0.000
0.003 0.006 0.007 0.010 0.010 0.011 0.011 0.011 0.000 0.000 0.000 0.000
0.003 0.007 0.008 0.011 0.011 0.013 0.012 0.012 0.000 0.000 0.000 0.000
# SPR year: 1997 
0.000 0.003 0.007 0.008 0.010 0.012 0.013 0.013 0.000 0.000 0.000 0.000
0.000 0.005 0.007 0.008 0.010 0.012 0.012 0.012 0.000 0.000 0.000 0.000
0.002 0.006 0.008 0.009 0.011 0.012 0.012 0.013 0.000 0.000 0.000 0.000
0.002 0.007 0.008 0.009 0.011 0.011 0.011 0.012 0.000 0.000 0.000 0.000
# SPR year: 1998 
0.000000 0.002868 0.007490 0.008391 0.009093 0.010769 0.010898 0.011561 0.000000 0.000000 0.000000 0.000000
0.000000 0.003318 0.007217 0.008250 0.008708 0.009890 0.010142 0.010463 0.000000 0.000000 0.000000 0.000000
0.004930 0.005875 0.007655 0.008666 0.009362 0.011056 0.011826 0.010310 0.000000 0.000000 0.000000 0.000000
0.004685 0.006630 0.007929 0.008179 0.008577 0.010004 0.010432 0.010496 0.000000 0.000000 0.000000 0.000000
# SPR year: 1999 
0.003700 0.004864 0.007196 0.008543 0.008895 0.009179 0.010829 0.011127 0.000000 0.000000 0.000000 0.000000
0.003300 0.004664 0.007035 0.008640 0.008763 0.008751 0.009755 0.010583 0.000000 0.000000 0.000000 0.000000
0.003580 0.005385 0.008582 0.009882 0.009760 0.010182 0.010845 0.011462 0.000000 0.000000 0.000000 0.000000
0.003395 0.003589 0.009170 0.010563 0.009869 0.010009 0.011032 0.011681 0.000000 0.000000 0.000000 0.000000
# SPR year: 2000 
0.000000 0.004288 0.009136 0.009448 0.010469 0.011028 0.011427 0.012931 0.000000 0.000000 0.000000 0.000000
0.002500 0.004970 0.011282 0.010337 0.011120 0.011770 0.012086 0.013604 0.000000 0.000000 0.000000 0.000000
0.003140 0.008270 0.011923 0.010685 0.011122 0.011333 0.011676 0.011578 0.000000 0.000000 0.000000 0.000000
0.004401 0.008474 0.010512 0.010777 0.011066 0.011269 0.011896 0.012937 0.000000 0.000000 0.000000 0.000000
# SPR year: 2001 
0.000000 0.004170 0.008833 0.011024 0.010221 0.010865 0.010474 0.010557 0.000000 0.000000 0.000000 0.000000
0.000000 0.007099 0.009748 0.011430 0.011567 0.012669 0.012299 0.011795 0.000000 0.000000 0.000000 0.000000
0.004743 0.008042 0.009876 0.011447 0.010927 0.012285 0.011628 0.011664 0.000000 0.000000 0.000000 0.000000
0.004295 0.009211 0.010434 0.011888 0.011786 0.012141 0.012133 0.012350 0.000000 0.000000 0.000000 0.000000
# SPR year: 2002 
0.003500 0.004436 0.009184 0.009905 0.010971 0.010673 0.010636 0.006827 0.000000 0.000000 0.000000 0.000000
0.004300 0.005964 0.009519 0.009962 0.010533 0.011113 0.011330 0.006549 0.000000 0.000000 0.000000 0.000000
0.004059 0.009611 0.010981 0.010826 0.012089 0.011417 0.012012 0.006869 0.000000 0.000000 0.000000 0.000000
0.004190 0.010093 0.010871 0.011467 0.011833 0.012175 0.011933 0.003818 0.000000 0.000000 0.000000 0.000000
# SPR year: 2003 
0.000000 0.003359 0.009927 0.010792 0.010917 0.011415 0.011165 0.010718 0.000000 0.000000 0.000000 0.000000
0.000000 0.004007 0.009648 0.010905 0.010873 0.011725 0.011199 0.010960 0.000000 0.000000 0.000000 0.000000
0.002979 0.007137 0.010529 0.011359 0.011010 0.012300 0.011051 0.011138 0.000000 0.000000 0.000000 0.000000
0.002996 0.006877 0.009914 0.010650 0.010758 0.010835 0.011065 0.011150 0.000000 0.000000 0.000000 0.000000
# SPR year: 2004 
0.000000 0.003122 0.007420 0.010822 0.011193 0.011257 0.011431 0.011335 0.000000 0.000000 0.000000 0.000000
0.000000 0.003954 0.007892 0.010625 0.011541 0.011237 0.011437 0.011191 0.000000 0.000000 0.000000 0.000000
0.002671 0.007718 0.007788 0.009739 0.010887 0.010691 0.011243 0.010592 0.000000 0.000000 0.000000 0.000000
0.003763 0.006147 0.007529 0.009634 0.010861 0.010392 0.011174 0.010909 0.000000 0.000000 0.000000 0.000000
# SPR year: 2005 
0.000000 0.003292 0.006276 0.007680 0.010621 0.010966 0.011517 0.010935 0.000000 0.000000 0.000000 0.000000
0.000000 0.004136 0.006922 0.007966 0.010908 0.011470 0.011500 0.010887 0.000000 0.000000 0.000000 0.000000
0.003567 0.008049 0.008223 0.009404 0.010988 0.011837 0.011905 0.012122 0.000000 0.000000 0.000000 0.000000
0.004140 0.007264 0.008120 0.008863 0.010576 0.011464 0.012396 0.011736 0.000000 0.000000 0.000000 0.000000
# SPR year: 2006 
0.000000 0.003900 0.007584 0.008030 0.008676 0.010663 0.011049 0.011196 0.000000 0.000000 0.000000 0.000000
0.000000 0.004429 0.007361 0.008248 0.008935 0.011097 0.011523 0.011342 0.000000 0.000000 0.000000 0.000000
0.004109 0.006432 0.008127 0.008669 0.009884 0.011066 0.013036 0.012057 0.000000 0.000000 0.000000 0.000000
0.004217 0.006652 0.008901 0.008721 0.009446 0.011117 0.011091 0.011818 0.000000 0.000000 0.000000 0.000000
# SPR year: 2007 
0.000000 0.003791 0.007129 0.008558 0.008897 0.009216 0.010649 0.011077 0.000000 0.000000 0.000000 0.000000
0.000000 0.004731 0.007278 0.008728 0.008872 0.009307 0.010844 0.012078 0.000000 0.000000 0.000000 0.000000
0.003461 0.008818 0.009803 0.010989 0.010566 0.011442 0.011673 0.013208 0.000000 0.000000 0.000000 0.000000
0.004084 0.009115 0.009940 0.011212 0.010787 0.010136 0.011504 0.012399 0.000000 0.000000 0.000000 0.000000
# SPR year: 2008 
0.000000 0.003979 0.008730 0.009548 0.010225 0.010129 0.010270 0.011591 0.000000 0.000000 0.000000 0.000000
0.000000 0.004401 0.008535 0.009288 0.010641 0.009839 0.009192 0.010929 0.000000 0.000000 0.000000 0.000000
0.004284 0.008548 0.010635 0.011049 0.011897 0.011071 0.011174 0.012604 0.000000 0.000000 0.000000 0.000000
0.003584 0.009011 0.010576 0.011180 0.011437 0.011521 0.011654 0.013464 0.000000 0.000000 0.000000 0.000000
# SPR year: 2009 
0.000000 0.003586 0.008934 0.010441 0.010862 0.011363 0.010573 0.010988 0.000000 0.000000 0.000000 0.000000
0.000000 0.003928 0.009023 0.010460 0.010966 0.011663 0.010774 0.011127 0.000000 0.000000 0.000000 0.000000
0.002840 0.008734 0.010721 0.011417 0.011854 0.011857 0.011902 0.011891 0.000000 0.000000 0.000000 0.000000
0.003505 0.007829 0.009893 0.010705 0.010984 0.010817 0.011368 0.012192 0.000000 0.000000 0.000000 0.000000
# SPR year: 2010 
0.000000 0.003510 0.007616 0.009575 0.010717 0.011169 0.011124 0.010531 0.000000 0.000000 0.000000 0.000000
0.000000 0.004891 0.007346 0.009436 0.010240 0.010626 0.011178 0.010557 0.000000 0.000000 0.000000 0.000000
0.003890 0.008528 0.009679 0.011732 0.012079 0.011940 0.011590 0.012664 0.000000 0.000000 0.000000 0.000000
0.003519 0.008562 0.009576 0.010742 0.011305 0.011007 0.011287 0.012491 0.000000 0.000000 0.000000 0.000000
# SPR year: 2011 
0.000000 0.002332 0.008439 0.009202 0.010630 0.011249 0.011698 0.011593 0.000000 0.000000 0.000000 0.000000
0.000000 0.004628 0.009109 0.009572 0.010336 0.011203 0.010971 0.011264 0.000000 0.000000 0.000000 0.000000
0.003398 0.008588 0.010876 0.010883 0.011401 0.012654 0.012170 0.012493 0.000000 0.000000 0.000000 0.000000
0.003589 0.008499 0.010216 0.010758 0.011429 0.012313 0.011394 0.013734 0.000000 0.000000 0.000000 0.000000
# SPR year: 2012 
0.000000 0.003724 0.008785 0.010552 0.010562 0.011498 0.011873 0.011809 0.000000 0.000000 0.000000 0.000000
0.000000 0.004971 0.009413 0.011293 0.011647 0.012642 0.012854 0.012532 0.000000 0.000000 0.000000 0.000000
0.002818 0.009113 0.011003 0.012414 0.012737 0.013015 0.012730 0.013115 0.000000 0.000000 0.000000 0.000000
0.003948 0.009627 0.011522 0.012510 0.012578 0.012840 0.013737 0.013355 0.000000 0.000000 0.000000 0.000000
# SPR year: 2013 
0.001000 0.003978 0.009354 0.011322 0.012499 0.012480 0.013050 0.012763 0.000000 0.000000 0.000000 0.000000
0.001000 0.004262 0.009597 0.011515 0.012589 0.012954 0.012754 0.012815 0.000000 0.000000 0.000000 0.000000
0.002396 0.006640 0.010268 0.012040 0.012702 0.012535 0.013307 0.013061 0.000000 0.000000 0.000000 0.000000
0.003610 0.008946 0.010660 0.012218 0.012221 0.012395 0.012321 0.012388 0.000000 0.000000 0.000000 0.000000
# SPR year: 2014 
0.000000 0.003834 0.008671 0.010315 0.011554 0.012385 0.012474 0.011926 0.000000 0.000000 0.000000 0.000000
0.000000 0.004617 0.009088 0.010938 0.012467 0.013230 0.012905 0.011655 0.000000 0.000000 0.000000 0.000000
0.002808 0.007994 0.010489 0.011885 0.012925 0.013826 0.013414 0.013308 0.000000 0.000000 0.000000 0.000000
0.003283 0.009431 0.011006 0.012017 0.012982 0.013054 0.013302 0.013720 0.000000 0.000000 0.000000 0.000000
# SPR year: 2015 
0.000000 0.002864 0.009280 0.010758 0.011616 0.012472 0.012918 0.012462 0.000000 0.000000 0.000000 0.000000
0.000000 0.004197 0.009945 0.011440 0.012139 0.013247 0.014144 0.012594 0.000000 0.000000 0.000000 0.000000
0.002800 0.006418 0.009837 0.011235 0.011813 0.013162 0.014114 0.012093 0.000000 0.000000 0.000000 0.000000
0.003992 0.006915 0.009671 0.010975 0.011525 0.011777 0.012035 0.011776 0.000000 0.000000 0.000000 0.000000
# SPR year: 2016 
0.002200 0.003197 0.006565 0.009529 0.010931 0.011572 0.012688 0.012234 0.000000 0.000000 0.000000 0.000000
0.000000 0.004496 0.007515 0.009775 0.011603 0.012094 0.012365 0.012308 0.000000 0.000000 0.000000 0.000000
0.003983 0.006938 0.009089 0.011795 0.012626 0.012642 0.013332 0.013107 0.000000 0.000000 0.000000 0.000000
0.003613 0.007402 0.008517 0.011378 0.012295 0.012060 0.012126 0.012127 0.000000 0.000000 0.000000 0.000000
# SPR year: 2017 
0.006000 0.003713 0.007406 0.008395 0.010499 0.011605 0.011769 0.011741 0.000000 0.000000 0.000000 0.000000
0.000000 0.004328 0.007840 0.009134 0.011492 0.012486 0.012408 0.011995 0.000000 0.000000 0.000000 0.000000
0.003025 0.008351 0.009599 0.010075 0.011190 0.011763 0.012327 0.005994 0.000000 0.000000 0.000000 0.000000
0.004194 0.008394 0.009630 0.009896 0.011380 0.011777 0.011440 0.011949 0.000000 0.000000 0.000000 0.000000
# SPR year: 2018 
0.000000 0.003101 0.008269 0.009184 0.009646 0.010750 0.011857 0.011867 0.000000 0.000000 0.000000 0.000000
0.000000 0.003302 0.007736 0.008952 0.009687 0.011502 0.011820 0.011298 0.000000 0.000000 0.000000 0.000000
0.004303 0.007108 0.009392 0.010636 0.010293 0.011862 0.012489 0.008345 0.000000 0.000000 0.000000 0.000000
0.004263 0.007809 0.009479 0.010471 0.010438 0.011631 0.011728 0.011664 0.000000 0.000000 0.000000 0.000000
-999 # Checksum