# COD year: 1974 
  -1.000000    0.003646    0.021226    0.055508    0.124231    0.225511    0.371008    0.587014    0.953938    1.792401    3.038176    5.332212
  -1.000000    0.003646    0.023413    0.056349    0.120517    0.226664    0.372985    0.586233    0.954790    1.789920    3.036005    5.330518
  -1.000000    0.003646    0.024340    0.057602    0.120350    0.226173    0.376031    0.586691    0.953144    1.791727    3.034877    5.330811
  -1.000000    0.003646    0.016922    0.058254    0.123268    0.225697    0.376495    0.587815    0.954113    1.794521    3.034699    5.331618
# COD year: 1975 
  -1.000000    0.003646    0.021155    0.055176    0.124600    0.226393    0.375674    0.588325    0.958307    1.794297    3.034314    5.327191
  -1.000000    0.003646    0.023383    0.056230    0.119743    0.227134    0.376629    0.588232    0.963122    1.793421    3.033849    5.319002
  -1.000000    0.003646    0.024216    0.057550    0.119715    0.226147    0.378422    0.588562    0.966981    1.796769    3.034586    5.315048
  -1.000000    0.003646    0.016324    0.058100    0.122911    0.225451    0.377551    0.589245    0.970818    1.802708    3.036316    5.314179
# COD year: 1976 
  -1.000000    0.003646    0.021042    0.054421    0.123360    0.226183    0.375609    0.589223    0.974574    1.807630    3.038229    5.310768
  -1.000000    0.003646    0.023335    0.056006    0.116612    0.226702    0.376099    0.588552    0.976454    1.811539    3.041090    5.305813
  -1.000000    0.003646    0.024055    0.057454    0.117991    0.224757    0.377165    0.588542    0.976391    1.816989    3.046422    5.307640
  -1.000000    0.003646    0.016004    0.057888    0.122057    0.224235    0.374138    0.588935    0.976836    1.822957    3.053332    5.316726
# COD year: 1977 
  -1.000000    0.003646    0.020986    0.053938    0.121623    0.225482    0.371562    0.588157    0.977178    1.826379    3.059917    5.328046
  -1.000000    0.003646    0.023311    0.055886    0.114095    0.225924    0.373112    0.586893    0.973897    1.827585    3.065938    5.342528
  -1.000000    0.003646    0.024283    0.057405    0.116934    0.223275    0.374113    0.587002    0.967787    1.829306    3.072156    5.364847
  -1.000000    0.003646    0.016891    0.058138    0.121574    0.223308    0.369421    0.587406    0.964537    1.830228    3.078157    5.393492
# COD year: 1978 
  -1.000000    0.003646    0.021148    0.055087    0.123552    0.225038    0.367707    0.586070    0.963142    1.827501    3.082789    5.424308
  -1.000000    0.003646    0.023380    0.056205    0.118966    0.226307    0.370943    0.584860    0.956707    1.822679    3.085560    5.456524
  -1.000000    0.003646    0.024365    0.057539    0.119355    0.225489    0.374473    0.585593    0.947772    1.818797    3.086803    5.491810
  -1.000000    0.003646    0.017410    0.058267    0.122739    0.225044    0.374419    0.586957    0.945696    1.813312    3.086493    5.528332
# COD year: 1979 
  -1.000000    0.003646    0.021255    0.055660    0.124698    0.225999    0.373515    0.587428    0.950114    1.803756    3.083650    5.562089
  -1.000000    0.003646    0.023426    0.056408    0.121208    0.227004    0.375060    0.587280    0.955192    1.795187    3.077600    5.590909
  -1.000000    0.003646    0.024207    0.057629    0.120803    0.226557    0.377574    0.587725    0.958307    1.793346    3.069263    5.615965
  -1.000000    0.003646    0.016226    0.058111    0.123521    0.226037    0.377979    0.588666    0.962094    1.796194    3.060803    5.635283
# COD year: 1980 
  -1.000000    0.003646    0.021026    0.054306    0.123522    0.226632    0.377167    0.589150    0.967499    1.799424    3.053506    5.643174
  -1.000000    0.003646    0.023328    0.055976    0.116286    0.226969    0.377785    0.589050    0.972434    1.802496    3.048451    5.635658
  -1.000000    0.003646    0.024257    0.057442    0.117800    0.224730    0.378364    0.589212    0.975784    1.807611    3.047066    5.619245
  -1.000000    0.003646    0.016641    0.058118    0.121957    0.224131    0.374558    0.589508    0.978831    1.814320    3.048894    5.599265
# COD year: 1981 
  -1.000000    0.003646    0.021100    0.054806    0.123424    0.225414    0.371443    0.588508    0.980796    1.819952    3.052137    5.574659
  -1.000000    0.003646    0.023359    0.056115    0.117981    0.226406    0.372916    0.586945    0.977518    1.824065    3.056403    5.547919
  -1.000000    0.003646    0.024340    0.057500    0.118740    0.225161    0.375337    0.586925    0.969779    1.828171    3.062453    5.530302
  -1.000000    0.003646    0.017223    0.058229    0.122424    0.224680    0.374132    0.587738    0.965145    1.830630    3.069567    5.523562
# COD year: 1982 
  -1.000000    0.003646    0.021215    0.055463    0.124362    0.225755    0.372534    0.587634    0.964295    1.827836    3.075641    5.522320
  -1.000000    0.003646    0.023408    0.056333    0.120469    0.226805    0.374117    0.587014    0.963604    1.821792    3.079683    5.526349
  -1.000000    0.003646    0.024377    0.057595    0.120286    0.226227    0.376772    0.587348    0.961962    1.818450    3.081918    5.540454
  -1.000000    0.003646    0.017364    0.058296    0.123229    0.225698    0.376938    0.588288    0.962335    1.816966    3.082128    5.560504
# COD year: 1983 
  -1.000000    0.003646    0.021245    0.055634    0.124963    0.226400    0.375960    0.588687    0.965653    1.814458    3.080255    5.581341
  -1.000000    0.003646    0.023422    0.056394    0.121254    0.227233    0.376790    0.588480    0.969085    1.811537    3.076650    5.598176
  -1.000000    0.003646    0.024343    0.057622    0.120773    0.226675    0.378715    0.588691    0.971344    1.812097    3.073375    5.613934
  -1.000000    0.003646    0.016906    0.058265    0.123499    0.226082    0.378767    0.589403    0.974195    1.815806    3.071571    5.628976
# COD year: 1984 
  -1.000000    0.003646    0.021151    0.055161    0.124705    0.226602    0.377399    0.589597    0.976920    1.818032    3.069129    5.635876
  -1.000000    0.003646    0.023381    0.056223    0.119715    0.227233    0.377654    0.589201    0.978920    1.819155    3.067169    5.632770
  -1.000000    0.003646    0.024285    0.057547    0.119675    0.226180    0.379054    0.589262    0.980527    1.822878    3.068431    5.631495
  -1.000000    0.003646    0.016639    0.058178    0.122890    0.225453    0.377948    0.589744    0.982233    1.827885    3.071472    5.631680
# COD year: 1985 
  -1.000000    0.003646    0.021100    0.054827    0.123968    0.226160    0.375683    0.589516    0.983200    1.830751    3.074057    5.628538
  -1.000000    0.003646    0.023359    0.056119    0.118277    0.226841    0.375986    0.588628    0.982238    1.831657    3.076421    5.621588
  -1.000000    0.003646    0.024188    0.057501    0.118848    0.225467    0.377459    0.588515    0.980010    1.834066    3.080405    5.622893
  -1.000000    0.003646    0.016274    0.058054    0.122465    0.224830    0.375701    0.588972    0.978550    1.836879    3.085057    5.630815
# COD year: 1986 
  -1.000000    0.003646    0.021033    0.054338    0.122909    0.225777    0.373220    0.588470    0.976641    1.835767    3.087904    5.639019
  -1.000000    0.003646    0.023331    0.055983    0.116075    0.226378    0.374113    0.587352    0.972740    1.831444    3.089036    5.644720
  -1.000000    0.003646    0.024332    0.057444    0.117748    0.224363    0.375563    0.587415    0.968223    1.829730    3.090778    5.659230
  -1.000000    0.003646    0.017322    0.058205    0.121938    0.223980    0.372445    0.587959    0.966176    1.828952    3.092298    5.678995
# COD year: 1987 
  -1.000000    0.003646    0.021233    0.055534    0.124121    0.225321    0.369953    0.587020    0.964243    1.823362    3.090686    5.696691
  -1.000000    0.003646    0.023415    0.056355    0.120482    0.226531    0.371972    0.585661    0.958387    1.814774    3.086016    5.706089
  -1.000000    0.003646    0.024380    0.057603    0.120334    0.226085    0.375312    0.586113    0.951526    1.810937    3.082186    5.719680
  -1.000000    0.003646    0.017359    0.058299    0.123256    0.225646    0.375972    0.587376    0.950055    1.807925    3.078542    5.733673
# COD year: 1988 
  -1.000000    0.003646    0.021242    0.055619    0.124927    0.226330    0.375137    0.587915    0.952726    1.799262    3.071587    5.737759
  -1.000000    0.003646    0.023419    0.056383    0.121117    0.227148    0.376033    0.587765    0.956773    1.789705    3.061300    5.727529
  -1.000000    0.003646    0.024314    0.057615    0.120661    0.226571    0.378139    0.588125    0.960565    1.788945    3.051930    5.715593
  -1.000000    0.003646    0.016701    0.058229    0.123419    0.225972    0.378197    0.588950    0.964786    1.793489    3.044453    5.699107
# COD year: 1989 
  -1.000000    0.003646    0.021112    0.054920    0.124393    0.226522    0.376850    0.589214    0.969137    1.797347    3.037875    5.666967
  -1.000000    0.003646    0.023364    0.056143    0.118728    0.227078    0.377036    0.588758    0.971811    1.799722    3.033222    5.613834
  -1.000000    0.003646    0.024328    0.057510    0.119041    0.225705    0.378226    0.588757    0.973047    1.804470    3.033529    5.560041
  -1.000000    0.003646    0.017063    0.058218    0.122558    0.224998    0.376531    0.589263    0.975089    1.811272    3.037908    5.516440
# COD year: 1990 
  -1.000000    0.003646    0.021181    0.055293    0.124264    0.225865    0.373913    0.588822    0.975980    1.815048    3.041999    5.471222
  -1.000000    0.003646    0.023393    0.056266    0.119834    0.226767    0.374443    0.587611    0.973339    1.815546    3.045414    5.425917
  -1.000000    0.003646    0.024123    0.057563    0.119804    0.225957    0.376624    0.587526    0.968721    1.817536    3.050424    5.400081
  -1.000000    0.003646    0.016073    0.057995    0.122946    0.225375    0.376222    0.588263    0.966223    1.819690    3.056079    5.390153
# COD year: 1991 
  -1.000000    0.003646    0.020948    0.054051    0.122528    0.226040    0.374493    0.588256    0.964558    1.815926    3.058456    5.381528
  -1.000000    0.003646    0.023139    0.055698    0.115113    0.226426    0.374652    0.587538    0.962603    1.807392    3.057069    5.368609
  -1.000000    0.003646    0.024085    0.057161    0.116245    0.224243    0.375693    0.587458    0.961572    1.803524    3.055819    5.366975
  -1.000000    0.003646    0.016629    0.057870    0.120345    0.223239    0.372559    0.587923    0.961939    1.804287    3.055085    5.373506
# COD year: 1992 
  -1.000000    0.003646    0.021113    0.054713    0.121985    0.224484    0.368508    0.587213    0.962776    1.804305    3.052666    5.379162
  -1.000000    0.003646    0.023398    0.056140    0.116970    0.225598    0.369848    0.585403    0.959894    1.803300    3.049785    5.381677
  -1.000000    0.003646    0.024366    0.057544    0.118566    0.224375    0.372413    0.585353    0.951522    1.804118    3.049113    5.385112
  -1.000000    0.003646    0.017130    0.058260    0.122529    0.224346    0.371139    0.586220    0.946393    1.804146    3.050061    5.389771
# COD year: 1993 
  -1.000000    0.003646    0.021227    0.055369    0.124477    0.225755    0.370772    0.586104    0.946707    1.798810    3.050537    5.390962
  -1.000000    0.003646    0.023513    0.056419    0.120043    0.226871    0.373842    0.585988    0.947530    1.792396    3.050084    5.392505
  -1.000000    0.003646    0.024412    0.057729    0.120503    0.226013    0.376835    0.586964    0.947893    1.789282    3.047275    5.395616
  -1.000000    0.003646    0.016774    0.058351    0.123812    0.225699    0.376459    0.588190    0.952571    1.788126    3.042561    5.397717
# COD year: 1994 
  -1.000000    0.003860    0.021464    0.054755    0.122021    0.218306    0.357720    0.554665    0.894282    1.641927    2.756580    4.828384
  -1.000000    0.003860    0.023723    0.055905    0.116705    0.218983    0.359039    0.554483    0.898799    1.642698    2.750775    4.813482
  -1.000000    0.003860    0.024622    0.057221    0.116895    0.217813    0.360784    0.554905    0.901803    1.648156    2.748335    4.798840
  -1.000000    0.003860    0.017017    0.057840    0.120124    0.217155    0.359568    0.555599    0.905494    1.655090    2.749349    4.784245
# COD year: 1995 
  -1.000000    0.003860    0.021438    0.054595    0.121241    0.217933    0.357670    0.555519    0.909535    1.660391    2.752056    4.764882
  -1.000000    0.003860    0.023688    0.055832    0.115897    0.218622    0.358327    0.554892    0.911737    1.664835    2.756232    4.745486
  -1.000000    0.003860    0.024638    0.057166    0.116372    0.217392    0.359789    0.554896    0.911650    1.670341    2.762148    4.734807
  -1.000000    0.003860    0.017366    0.057844    0.119728    0.216757    0.358163    0.555266    0.910796    1.675096    2.768325    4.730405
# COD year: 1996 
  -1.000000    0.003860    0.021461    0.054986    0.121272    0.217554    0.355997    0.554899    0.909721    1.676397    2.772972    4.726067
  -1.000000    0.003860    0.023545    0.055789    0.117472    0.218393    0.356404    0.554014    0.907451    1.675142    2.776382    4.723311
  -1.000000    0.003860    0.024349    0.056993    0.116671    0.217934    0.358276    0.553785    0.903981    1.674493    2.779816    4.727603
  -1.000000    0.003860    0.016598    0.057498    0.119120    0.217127    0.358514    0.554240    0.900534    1.673982    2.782580    4.736413
# COD year: 1997 
  -1.000000    0.003558    0.020129    0.051648    0.115284    0.211997    0.350531    0.547699    0.893536    1.676022    2.811650    4.828606
  -1.000000    0.003558    0.022171    0.053027    0.109540    0.212400    0.350112    0.547374    0.893103    1.670523    2.810568    4.833870
  -1.000000    0.003558    0.023096    0.054356    0.110155    0.210880    0.350639    0.547089    0.892996    1.665973    2.808826    4.840319
  -1.000000    0.003558    0.016221    0.055049    0.113639    0.209925    0.348344    0.547134    0.892020    1.663457    2.806093    4.846763
# COD year: 1998 
  -1.000000    0.003558    0.020262    0.052332    0.115336    0.210808    0.345109    0.546599    0.890639    1.661404    2.801552    4.849380
  -1.000000    0.003558    0.022285    0.053320    0.111728    0.211857    0.345508    0.545292    0.887739    1.659361    2.796571    4.847985
  -1.000000    0.003558    0.023176    0.054540    0.111903    0.211336    0.347734    0.544820    0.881161    1.657435    2.792328    4.843214
  -1.000000    0.003558    0.016169    0.055177    0.114842    0.210833    0.347816    0.545310    0.873781    1.654200    2.788181    4.833748
# COD year: 1999 
  -1.000000    0.003558    0.020274    0.052317    0.116169    0.211574    0.346679    0.545517    0.869384    1.645436    2.781640    4.814050
  -1.000000    0.003558    0.022369    0.053399    0.111848    0.212395    0.347694    0.545194    0.868646    1.632919    2.773246    4.787412
  -1.000000    0.003558    0.023281    0.054654    0.112265    0.211535    0.349738    0.545503    0.869375    1.625935    2.765019    4.763537
  -1.000000    0.003558    0.016408    0.055316    0.115433    0.211074    0.349204    0.546320    0.871952    1.625030    2.757087    4.742460
# COD year: 2000 
  -1.000000    0.003493    0.019840    0.051349    0.113924    0.206069    0.337952    0.530333    0.848296    1.571814    2.655955    4.549537
  -1.000000    0.003493    0.021785    0.052103    0.110473    0.206887    0.338652    0.529833    0.849747    1.569974    2.645609    4.507607
  -1.000000    0.003493    0.022613    0.053231    0.109855    0.206481    0.340625    0.529890    0.849917    1.571529    2.639745    4.466204
  -1.000000    0.003493    0.015604    0.053795    0.112221    0.205808    0.341012    0.530536    0.850336    1.574806    2.637251    4.426954
# COD year: 2001 
  -1.000000    0.003493    0.019766    0.050812    0.112996    0.206179    0.339820    0.530924    0.852020    1.576354    2.635744    4.385454
  -1.000000    0.003493    0.021791    0.051964    0.108229    0.206683    0.339635    0.530625    0.853893    1.575494    2.634665    4.344705
  -1.000000    0.003493    0.022719    0.053209    0.108604    0.205570    0.340512    0.530470    0.855082    1.576207    2.635099    4.314863
  -1.000000    0.003493    0.016373    0.053902    0.111762    0.204924    0.339200    0.530791    0.856275    1.579995    2.637321    4.298213
# COD year: 2002 
  -1.000000    0.003493    0.019921    0.051629    0.113634    0.205710    0.337225    0.530584    0.857225    1.583057    2.639162    4.285877
  -1.000000    0.003493    0.021845    0.052251    0.111044    0.206662    0.337824    0.529839    0.856874    1.584887    2.641339    4.277242
  -1.000000    0.003493    0.022666    0.053324    0.110573    0.206522    0.339951    0.529718    0.854707    1.587025    2.644787    4.274151
  -1.000000    0.003493    0.015668    0.053874    0.112777    0.206095    0.340804    0.530310    0.852781    1.588997    2.648672    4.275285
# COD year: 2003 
  -1.000000    0.003469    0.019595    0.050486    0.112479    0.204492    0.336948    0.525350    0.843302    1.570578    2.620964    4.225938
  -1.000000    0.003469    0.021527    0.051458    0.108197    0.205013    0.337267    0.525412    0.844942    1.567962    2.621966    4.225948
  -1.000000    0.003469    0.022306    0.052636    0.107771    0.204258    0.338389    0.525562    0.847731    1.567237    2.623250    4.229054
  -1.000000    0.003469    0.015249    0.053158    0.110356    0.203346    0.337783    0.525899    0.849872    1.567762    2.623407    4.232330
# COD year: 2004 
  -1.000000    0.003469    0.019561    0.050046    0.110772    0.203713    0.335587    0.525907    0.851466    1.568394    2.621764    4.233332
  -1.000000    0.003469    0.021583    0.051408    0.105673    0.204195    0.335057    0.525250    0.852285    1.569296    2.619797    4.232294
  -1.000000    0.003469    0.022490    0.052688    0.106781    0.202821    0.335687    0.524834    0.851506    1.571592    2.619801    4.231544
  -1.000000    0.003469    0.015994    0.053366    0.110248    0.202324    0.333595    0.524876    0.849491    1.574358    2.621256    4.230947
# COD year: 2005 
  -1.000000    0.003469    0.019711    0.050924    0.112057    0.203338    0.331538    0.524311    0.847036    1.575177    2.622421    4.227853
  -1.000000    0.003469    0.021658    0.051713    0.109049    0.204380    0.332808    0.523427    0.844078    1.574905    2.624326    4.225484
  -1.000000    0.003469    0.022476    0.052831    0.108930    0.204104    0.335310    0.523470    0.839856    1.574720    2.626986    4.225886
  -1.000000    0.003469    0.015530    0.053386    0.111408    0.203681    0.335922    0.524152    0.835859    1.572379    2.628222    4.226153
# COD year: 2006 
  -1.000000    0.003583    0.019824    0.050637    0.111608    0.201772    0.329604    0.513169    0.812203    1.514256    2.524986    4.037742
  -1.000000    0.003583    0.021690    0.051518    0.107690    0.202335    0.329906    0.513133    0.812846    1.507139    2.521309    4.030532
  -1.000000    0.003583    0.022578    0.052648    0.106916    0.201815    0.331136    0.513221    0.814719    1.502854    2.517638    4.024751
  -1.000000    0.003583    0.016098    0.053288    0.109159    0.200923    0.331222    0.513620    0.816873    1.501879    2.514039    4.019723
# COD year: 2007 
  -1.000000    0.003583    0.019906    0.050885    0.110410    0.201050    0.329543    0.513832    0.818351    1.500842    2.508080    4.010986
  -1.000000    0.003583    0.021755    0.051659    0.107637    0.201625    0.328541    0.513467    0.819384    1.499838    2.501164    3.998586
  -1.000000    0.003583    0.022641    0.052741    0.107338    0.201348    0.329228    0.513064    0.820260    1.500906    2.497059    3.986580
  -1.000000    0.003583    0.016234    0.053375    0.109606    0.200849    0.329434    0.513121    0.820574    1.503833    2.495983    3.976243
# COD year: 2008 
  -1.000000    0.003583    0.019963    0.051047    0.110983    0.201224    0.328526    0.513178    0.819674    1.505891    2.494913    3.964233
  -1.000000    0.003583    0.021875    0.051820    0.108204    0.201905    0.328576    0.512886    0.818238    1.506361    2.494000    3.951553
  -1.000000    0.003583    0.022725    0.052911    0.108094    0.201596    0.329878    0.512803    0.817363    1.506739    2.494685    3.942110
  -1.000000    0.003583    0.015999    0.053500    0.110478    0.201197    0.330183    0.513183    0.817438    1.507800    2.496668    3.936558
# COD year: 2009 
  -1.000000    0.003342    0.018772    0.048260    0.106365    0.192951    0.316297    0.494143    0.789324    1.460702    2.427709    3.831842
  -1.000000    0.003342    0.020586    0.049055    0.103087    0.193537    0.316590    0.494011    0.789497    1.458760    2.426613    3.824472
  -1.000000    0.003342    0.021420    0.050117    0.102685    0.193102    0.317794    0.494053    0.790209    1.458011    2.425928    3.819281
  -1.000000    0.003342    0.015230    0.050712    0.104907    0.192489    0.317860    0.494417    0.791297    1.458557    2.425612    3.815532
# COD year: 2010 
  -1.000000    0.003342    0.018790    0.048406    0.106091    0.192776    0.316742    0.494592    0.792105    1.458176    2.423733    3.808860
  -1.000000    0.003342    0.020530    0.049054    0.103484    0.193336    0.316435    0.494368    0.792683    1.457069    2.420743    3.799513
  -1.000000    0.003342    0.021348    0.050049    0.102847    0.193137    0.317291    0.494194    0.793364    1.457131    2.418723    3.791133
  -1.000000    0.003342    0.015150    0.050620    0.104690    0.192594    0.317582    0.494309    0.793512    1.457927    2.417311    3.783421
# COD year: 2011 
  -1.000000    0.003342    0.018757    0.048298    0.105628    0.192723    0.316774    0.494403    0.792788    1.457612    2.414653    3.773071
  -1.000000    0.003342    0.020442    0.048943    0.103082    0.193147    0.316262    0.494220    0.791660    1.456033    2.410883    3.760401
  -1.000000    0.003342    0.021237    0.049919    0.102333    0.192943    0.316701    0.494010    0.791043    1.454816    2.407857    3.748931
  -1.000000    0.003342    0.014985    0.050466    0.104025    0.192360    0.316848    0.494007    0.790550    1.454157    2.405549    3.738763
# COD year: 2012 
  -1.000000    0.003539    0.019328    0.049058    0.105695    0.192624    0.314115    0.488275    0.774270    1.413645    2.322522    3.582552
  -1.000000    0.003539    0.021004    0.049781    0.103048    0.192949    0.313244    0.487982    0.771665    1.409909    2.317195    3.569749
  -1.000000    0.003539    0.021858    0.050771    0.102398    0.192701    0.313397    0.487703    0.770352    1.407429    2.312946    3.558668
  -1.000000    0.003539    0.015901    0.051380    0.104121    0.192065    0.313281    0.487536    0.768756    1.405055    2.308840    3.548551
# COD year: 2013 
  -1.000000    0.003539    0.019418    0.049365    0.105207    0.192047    0.312110    0.487367    0.765935    1.401399    2.303610    3.538179
  -1.000000    0.003539    0.021058    0.049942    0.103506    0.192488    0.311230    0.487050    0.763314    1.397648    2.298172    3.528000
  -1.000000    0.003539    0.021934    0.050862    0.103076    0.192506    0.311537    0.486708    0.761600    1.394864    2.293566    3.519049
  -1.000000    0.003539    0.016505    0.051485    0.104658    0.192182    0.311910    0.486563    0.759768    1.392435    2.289326    3.511016
# COD year: 2014 
  -1.000000    0.003539    0.019579    0.049898    0.106000    0.192301    0.311563    0.486534    0.757072    1.389028    2.284433    3.503151
  -1.000000    0.003539    0.021174    0.050251    0.105075    0.192795    0.311367    0.486418    0.754397    1.384846    2.279080    3.495589
  -1.000000    0.003539    0.021998    0.051059    0.104668    0.193008    0.312089    0.486332    0.752912    1.381213    2.274288    3.488878
  -1.000000    0.003539    0.016111    0.051603    0.105912    0.192909    0.312957    0.486456    0.752185    1.378290    2.270049    3.482959
# COD year: 2015 
  -1.000000    0.003728    0.020235    0.051241    0.109500    0.197077    0.318593    0.493301    0.758875    1.382063    2.268457    3.470367
  -1.000000    0.003728    0.021925    0.051691    0.107775    0.197431    0.318797    0.493459    0.758277    1.377999    2.262785    3.464033
  -1.000000    0.003728    0.022831    0.052579    0.106993    0.197423    0.319497    0.493639    0.759070    1.375318    2.257957    3.458445
  -1.000000    0.003728    0.017466    0.053204    0.108255    0.197069    0.320055    0.493915    0.760700    1.374084    2.254112    3.453538
# COD year: 2016 
  -1.000000    0.003728    0.020411    0.051748    0.109469    0.197042    0.319848    0.494158    0.761945    1.372683    2.249788    3.448072
  -1.000000    0.003728    0.021977    0.051968    0.108801    0.197361    0.319523    0.494245    0.763036    1.371401    2.245359    3.442320
  -1.000000    0.003728    0.022795    0.052695    0.108263    0.197564    0.319811    0.494262    0.764477    1.371115    2.241970    3.437392
  -1.000000    0.003728    0.016648    0.053201    0.109127    0.197501    0.320400    0.494341    0.765975    1.371708    2.239631    3.433334
# COD year: 2017 
  -1.000000    0.003728    0.020206    0.051146    0.109659    0.197535    0.320666    0.494471    0.766877    1.372256    2.237658    3.429827
  -1.000000    0.003728    0.021886    0.051629    0.107737    0.197749    0.320785    0.494598    0.767561    1.372780    2.236123    3.426988
  -1.000000    0.003728    0.022818    0.052522    0.106849    0.197630    0.321172    0.494730    0.768672    1.373599    2.235270    3.424875
  -1.000000    0.003728    0.018293    0.053177    0.108040    0.197178    0.321379    0.494900    0.770063    1.374596    2.234882    3.423357
# COD year: 2018 
  -1.000000    0.003728    0.020671    0.052202    0.109483    0.197071    0.320910    0.495051    0.771387    1.375555    2.234792    3.422431
  -1.000000    0.003728    0.022156    0.052327    0.109529    0.197393    0.320336    0.495066    0.772640    1.376525    2.234904    3.421958
  -1.000000    0.003728    0.022753    0.052950    0.109438    0.197712    0.320458    0.494980    0.773893    1.377705    2.235165    3.421659
  -1.000000    0.003728    0.015677    0.053220    0.110312    0.197853    0.321076    0.494959    0.774971    1.379151    2.235542    3.421481
# HER year: 1974 
   0.000000    0.013542    0.030000    0.048000    0.060000    0.065000    0.066000    0.072000    0.101100   -1.000000   -1.000000   -1.000000
   0.000000    0.020000    0.035000    0.047000    0.054000    0.059000    0.051000    0.057000    0.077150   -1.000000   -1.000000   -1.000000
   0.010350    0.035000    0.045000    0.049000    0.052000    0.063000    0.068000    0.068000    0.091780   -1.000000   -1.000000   -1.000000
   0.010306    0.032257    0.040000    0.052000    0.059000    0.061000    0.060000    0.068000    0.087700   -1.000000   -1.000000   -1.000000
# HER year: 1975 
   0.000000    0.013503    0.030000    0.048000    0.060000    0.065000    0.066000    0.072000    0.101170   -1.000000   -1.000000   -1.000000
   0.000000    0.020000    0.035000    0.047000    0.054000    0.059000    0.051000    0.057000    0.076940   -1.000000   -1.000000   -1.000000
   0.009957    0.035000    0.045000    0.049000    0.052000    0.063000    0.068000    0.068000    0.091690   -1.000000   -1.000000   -1.000000
   0.010264    0.031282    0.040000    0.052000    0.059000    0.061000    0.060000    0.068000    0.086500   -1.000000   -1.000000   -1.000000
# HER year: 1976 
   0.000000    0.013445    0.030000    0.048000    0.060000    0.065000    0.066000    0.072000    0.099970   -1.000000   -1.000000   -1.000000
   0.000000    0.020000    0.035000    0.047000    0.054000    0.059000    0.051000    0.057000    0.077680   -1.000000   -1.000000   -1.000000
   0.009585    0.035000    0.045000    0.049000    0.052000    0.063000    0.068000    0.068000    0.094320   -1.000000   -1.000000   -1.000000
   0.010213    0.030328    0.040000    0.052000    0.059000    0.061000    0.060000    0.068000    0.089760   -1.000000   -1.000000   -1.000000
# HER year: 1977 
   0.000000    0.013366    0.030000    0.048000    0.060000    0.065000    0.066000    0.072000    0.100810   -1.000000   -1.000000   -1.000000
   0.000000    0.020000    0.035000    0.047000    0.054000    0.059000    0.051000    0.057000    0.077550   -1.000000   -1.000000   -1.000000
   0.009234    0.035000    0.045000    0.049000    0.052000    0.063000    0.068000    0.068000    0.093080   -1.000000   -1.000000   -1.000000
   0.010151    0.029397    0.040000    0.052000    0.059000    0.061000    0.060000    0.068000    0.088890   -1.000000   -1.000000   -1.000000
# HER year: 1978 
   0.000000    0.013263    0.033000    0.048000    0.060000    0.071000    0.073000    0.080000    0.091330   -1.000000   -1.000000   -1.000000
   0.000000    0.020000    0.045000    0.047000    0.052000    0.055000    0.058000    0.065000    0.072680   -1.000000   -1.000000   -1.000000
   0.008907    0.035000    0.063000    0.061000    0.057000    0.057000    0.075000    0.075000    0.094020   -1.000000   -1.000000   -1.000000
   0.010079    0.028488    0.047000    0.050000    0.055000    0.060000    0.065000    0.071000    0.089150   -1.000000   -1.000000   -1.000000
# HER year: 1979 
   0.000000    0.013132    0.043000    0.059000    0.069000    0.076000    0.076000    0.100000    0.139800   -1.000000   -1.000000   -1.000000
   0.000000    0.020000    0.052000    0.064000    0.056000    0.058000    0.065000    0.072000    0.082500   -1.000000   -1.000000   -1.000000
   0.008603    0.034023    0.067000    0.070000    0.067000    0.071000    0.078000    0.082000    0.108300   -1.000000   -1.000000   -1.000000
   0.009997    0.027600    0.056000    0.068000    0.073000    0.073000    0.072000    0.085000    0.109100   -1.000000   -1.000000   -1.000000
# HER year: 1980 
   0.000000    0.012970    0.041000    0.052000    0.061000    0.061000    0.075000    0.087000    0.101120   -1.000000   -1.000000   -1.000000
   0.000000    0.020000    0.033000    0.047000    0.057000    0.049000    0.064000    0.074000    0.087310   -1.000000   -1.000000   -1.000000
   0.008326    0.032418    0.052000    0.068000    0.069000    0.075000    0.083000    0.086000    0.106780   -1.000000   -1.000000   -1.000000
   0.009902    0.026730    0.039000    0.056000    0.071000    0.069000    0.080000    0.087000    0.105280   -1.000000   -1.000000   -1.000000
# HER year: 1981 
   0.000000    0.012778    0.031000    0.046000    0.059000    0.073000    0.068000    0.091000    0.105700   -1.000000   -1.000000   -1.000000
   0.000000    0.020000    0.029000    0.044000    0.055000    0.060000    0.058000    0.074000    0.092000   -1.000000   -1.000000   -1.000000
   0.008073    0.030880    0.061000    0.070000    0.076000    0.081000    0.085000    0.090000    0.110700   -1.000000   -1.000000   -1.000000
   0.009795    0.025875    0.041000    0.054000    0.068000    0.075000    0.079000    0.085000    0.115500   -1.000000   -1.000000   -1.000000
# HER year: 1982 
   0.000000    0.012564    0.036000    0.057000    0.075000    0.087000    0.090000    0.096000    0.112100   -1.000000   -1.000000   -1.000000
   0.000000    0.020000    0.029000    0.037000    0.048000    0.064000    0.070000    0.065000    0.101100   -1.000000   -1.000000   -1.000000
   0.007843    0.029405    0.057000    0.063000    0.073000    0.075000    0.086000    0.086000    0.115400   -1.000000   -1.000000   -1.000000
   0.009676    0.025038    0.044000    0.049000    0.061000    0.072000    0.079000    0.085000    0.110900   -1.000000   -1.000000   -1.000000
# HER year: 1983 
   0.000000    0.012334    0.028000    0.051000    0.062000    0.075000    0.087000    0.090000    0.112090   -1.000000   -1.000000   -1.000000
   0.000000    0.020000    0.025000    0.048000    0.045000    0.059000    0.070000    0.078000    0.097180   -1.000000   -1.000000   -1.000000
   0.007632    0.027993    0.041000    0.065000    0.069000    0.075000    0.086000    0.100000    0.121780   -1.000000   -1.000000   -1.000000
   0.009546    0.024221    0.031000    0.046000    0.051000    0.063000    0.072000    0.081000    0.089880   -1.000000   -1.000000   -1.000000
# HER year: 1984 
   0.000000    0.012095    0.026000    0.040000    0.059000    0.063000    0.075000    0.089000    0.102180   -1.000000   -1.000000   -1.000000
   0.000000    0.019368    0.022000    0.035000    0.058000    0.057000    0.073000    0.080000    0.095480   -1.000000   -1.000000   -1.000000
   0.007436    0.026642    0.042000    0.058000    0.074000    0.072000    0.076000    0.094000    0.110370   -1.000000   -1.000000   -1.000000
   0.009408    0.023424    0.029000    0.044000    0.061000    0.059000    0.068000    0.079000    0.106230   -1.000000   -1.000000   -1.000000
# HER year: 1985 
   0.000000    0.011854    0.029000    0.051000    0.060000    0.074000    0.082000    0.079000    0.098950   -1.000000   -1.000000   -1.000000
   0.000000    0.018601    0.027000    0.053000    0.060000    0.075000    0.066000    0.077000    0.096770   -1.000000   -1.000000   -1.000000
   0.007253    0.025349    0.031000    0.043000    0.065000    0.074000    0.079000    0.091000    0.102880   -1.000000   -1.000000   -1.000000
   0.009261    0.022651    0.022000    0.034000    0.049000    0.061000    0.066000    0.078000    0.097530   -1.000000   -1.000000   -1.000000
# HER year: 1986 
   0.000000    0.011575    0.023000    0.029000    0.043000    0.051000    0.062000    0.069000    0.089820   -1.000000   -1.000000   -1.000000
   0.000000    0.017844    0.020000    0.029000    0.044000    0.055000    0.060000    0.074000    0.090470   -1.000000   -1.000000   -1.000000
   0.007107    0.024113    0.036000    0.045000    0.063000    0.073000    0.078000    0.082000    0.108230   -1.000000   -1.000000   -1.000000
   0.009105    0.021897    0.031000    0.035000    0.053000    0.060000    0.071000    0.077000    0.100580   -1.000000   -1.000000   -1.000000
# HER year: 1987 
   0.000000    0.011237    0.034000    0.047000    0.056000    0.069000    0.078000    0.086000    0.098770   -1.000000   -1.000000   -1.000000
   0.000000    0.017088    0.028000    0.038000    0.042000    0.055000    0.061000    0.068000    0.090710   -1.000000   -1.000000   -1.000000
   0.007011    0.022938    0.041000    0.048000    0.051000    0.066000    0.075000    0.078000    0.093900   -1.000000   -1.000000   -1.000000
   0.008935    0.021162    0.035000    0.037000    0.041000    0.053000    0.062000    0.069000    0.093070   -1.000000   -1.000000   -1.000000
# HER year: 1988 
   0.000000    0.010869    0.022000    0.039000    0.038000    0.049000    0.058000    0.069000    0.088190   -1.000000   -1.000000   -1.000000
   0.000000    0.016349    0.019000    0.041000    0.048000    0.047000    0.061000    0.066000    0.089590   -1.000000   -1.000000   -1.000000
   0.006945    0.021829    0.040000    0.061000    0.066000    0.066000    0.083000    0.089000    0.104940   -1.000000   -1.000000   -1.000000
   0.008756    0.020451    0.029000    0.040000    0.048000    0.055000    0.063000    0.074000    0.092400   -1.000000   -1.000000   -1.000000
# HER year: 1989 
   0.000000    0.010499    0.024000    0.025000    0.034000    0.045000    0.050000    0.060000    0.082490   -1.000000   -1.000000   -1.000000
   0.000000    0.015644    0.028000    0.031000    0.050000    0.054000    0.057000    0.071000    0.081240   -1.000000   -1.000000   -1.000000
   0.006888    0.020789    0.045000    0.041000    0.053000    0.061000    0.074000    0.088000    0.098840   -1.000000   -1.000000   -1.000000
   0.008570    0.019769    0.036000    0.033000    0.047000    0.059000    0.062000    0.074000    0.094000   -1.000000   -1.000000   -1.000000
# HER year: 1990 
   0.000000    0.010157    0.026000    0.035000    0.034000    0.052000    0.066000    0.069000    0.086750   -1.000000   -1.000000   -1.000000
   0.000000    0.014990    0.028000    0.042000    0.040000    0.062000    0.067000    0.065000    0.077070   -1.000000   -1.000000   -1.000000
   0.006821    0.019824    0.044000    0.051000    0.046000    0.054000    0.058000    0.065000    0.074460   -1.000000   -1.000000   -1.000000
   0.008380    0.019120    0.036000    0.043000    0.036000    0.054000    0.055000    0.068000    0.068900   -1.000000   -1.000000   -1.000000
# HER year: 1991 
   0.000000    0.009871    0.020000    0.031000    0.040000    0.034000    0.054000    0.048000    0.060800   -1.000000   -1.000000   -1.000000
   0.000000    0.014404    0.019000    0.029000    0.042000    0.034000    0.050000    0.048000    0.055730   -1.000000   -1.000000   -1.000000
   0.006723    0.018937    0.028000    0.042000    0.056000    0.045000    0.063000    0.064000    0.081930   -1.000000   -1.000000   -1.000000
   0.008187    0.018510    0.025000    0.035000    0.046000    0.037000    0.053000    0.045000    0.064140   -1.000000   -1.000000   -1.000000
# HER year: 1992 
   0.000000    0.009645    0.017000    0.024000    0.040000    0.053000    0.040000    0.063000    0.062320   -1.000000   -1.000000   -1.000000
   0.000000    0.013864    0.018000    0.026000    0.038000    0.046000    0.042000    0.061000    0.061000   -1.000000   -1.000000   -1.000000
   0.006587    0.018083    0.033000    0.039000    0.052000    0.058000    0.047000    0.066000    0.077890   -1.000000   -1.000000   -1.000000
   0.007963    0.017889    0.024000    0.033000    0.048000    0.061000    0.049000    0.056000    0.063100   -1.000000   -1.000000   -1.000000
# HER year: 1993 
   0.000000    0.009452    0.018000    0.027000    0.030000    0.039000    0.047000    0.037000    0.051020   -1.000000   -1.000000   -1.000000
   0.000000    0.013347    0.019000    0.028000    0.032000    0.040000    0.045000    0.043000    0.060260   -1.000000   -1.000000   -1.000000
   0.006432    0.017243    0.025000    0.034000    0.041000    0.047000    0.052000    0.049000    0.066450   -1.000000   -1.000000   -1.000000
   0.007693    0.017231    0.020000    0.029000    0.037000    0.044000    0.054000    0.052000    0.074820   -1.000000   -1.000000   -1.000000
# HER year: 1994 
   0.000000    0.009277    0.017000    0.024000    0.036000    0.044000    0.057000    0.066000    0.066340   -1.000000   -1.000000   -1.000000
   0.000000    0.012870    0.018000    0.023000    0.031000    0.037000    0.046000    0.057000    0.054720   -1.000000   -1.000000   -1.000000
   0.006270    0.016463    0.024000    0.033000    0.039000    0.042000    0.046000    0.057000    0.062940   -1.000000   -1.000000   -1.000000
   0.007410    0.016581    0.022000    0.027000    0.037000    0.037000    0.043000    0.057000    0.057140   -1.000000   -1.000000   -1.000000
# HER year: 1995 
   0.000000    0.009105    0.017000    0.020000    0.027000    0.031000    0.034000    0.042000    0.041570   -1.000000   -1.000000   -1.000000
   0.000000    0.012447    0.018000    0.024000    0.028000    0.033000    0.036000    0.043000    0.050630   -1.000000   -1.000000   -1.000000
   0.006116    0.015790    0.023000    0.028000    0.035000    0.039000    0.041000    0.051000    0.056820   -1.000000   -1.000000   -1.000000
   0.007141    0.015985    0.021000    0.027000    0.032000    0.039000    0.042000    0.049000    0.050560   -1.000000   -1.000000   -1.000000
# HER year: 1996 
   0.000000    0.008920    0.019000    0.024000    0.027000    0.032000    0.036000    0.038000    0.047400   -1.000000   -1.000000   -1.000000
   0.000000    0.012096    0.014000    0.020000    0.024000    0.027000    0.031000    0.035000    0.044970   -1.000000   -1.000000   -1.000000
   0.005983    0.015271    0.017000    0.024000    0.027000    0.031000    0.037000    0.039000    0.048610   -1.000000   -1.000000   -1.000000
   0.006919    0.015489    0.016000    0.022000    0.027000    0.029000    0.033000    0.038000    0.051340   -1.000000   -1.000000   -1.000000
# HER year: 1997 
   0.000000    0.008735    0.012000    0.018000    0.021000    0.028000    0.028000    0.031000    0.037360   -1.000000   -1.000000   -1.000000
   0.000000    0.011820    0.012000    0.018000    0.026000    0.028000    0.033000    0.039000    0.041380   -1.000000   -1.000000   -1.000000
   0.005860    0.014906    0.019000    0.022000    0.025000    0.030000    0.034000    0.039000    0.045000   -1.000000   -1.000000   -1.000000
   0.006731    0.015089    0.018000    0.021000    0.024000    0.026000    0.030000    0.030000    0.030420   -1.000000   -1.000000   -1.000000
# HER year: 1998 
   0.000000    0.008574    0.016300    0.019400    0.026400    0.032200    0.032500    0.033000    0.034700   -1.000000   -1.000000   -1.000000
   0.000000    0.011613    0.014800    0.019800    0.026600    0.030000    0.036100    0.037800    0.043800   -1.000000   -1.000000   -1.000000
   0.005732    0.014653    0.016900    0.020900    0.026600    0.030100    0.034700    0.039300    0.052300   -1.000000   -1.000000   -1.000000
   0.006550    0.014755    0.018800    0.021700    0.025700    0.029200    0.033500    0.032600    0.050300   -1.000000   -1.000000   -1.000000
# HER year: 1999 
   0.000000    0.008434    0.013400    0.020500    0.023000    0.026400    0.032400    0.033100    0.038110   -1.000000   -1.000000   -1.000000
   0.000000    0.011469    0.013900    0.020900    0.024100    0.027800    0.032700    0.035900    0.042360   -1.000000   -1.000000   -1.000000
   0.005603    0.014504    0.021500    0.023200    0.028000    0.033700    0.037600    0.038200    0.045470   -1.000000   -1.000000   -1.000000
   0.006382    0.014485    0.020900    0.023600    0.025500    0.030700    0.036200    0.038000    0.055540   -1.000000   -1.000000   -1.000000
# HER year: 2000 
   0.000000    0.008314    0.019889    0.023074    0.026829    0.028637    0.033745    0.036134    0.038270   -1.000000   -1.000000   -1.000000
   0.000000    0.011381    0.018189    0.023896    0.025892    0.028467    0.032788    0.035299    0.032936   -1.000000   -1.000000   -1.000000
   0.005479    0.014447    0.024674    0.027588    0.031453    0.036379    0.043473    0.048578    0.048597   -1.000000   -1.000000   -1.000000
   0.006231    0.014279    0.024528    0.026395    0.027957    0.031801    0.036450    0.041523    0.043355   -1.000000   -1.000000   -1.000000
# HER year: 2001 
   0.000000    0.008215    0.020008    0.029881    0.031453    0.034375    0.039892    0.038713    0.042681   -1.000000   -1.000000   -1.000000
   0.000000    0.011343    0.018118    0.027994    0.032008    0.036364    0.038079    0.041621    0.038438   -1.000000   -1.000000   -1.000000
   0.005366    0.014472    0.020310    0.023524    0.025819    0.029065    0.029239    0.037842    0.035767   -1.000000   -1.000000   -1.000000
   0.006103    0.014137    0.025127    0.029202    0.029556    0.034509    0.036415    0.037757    0.038594   -1.000000   -1.000000   -1.000000
# HER year: 2002 
   0.000000    0.008134    0.016509    0.024866    0.031405    0.032767    0.038846    0.043746    0.036023   -1.000000   -1.000000   -1.000000
   0.000000    0.011351    0.019024    0.023732    0.028851    0.034240    0.035182    0.040733    0.045936   -1.000000   -1.000000   -1.000000
   0.005269    0.014569    0.029224    0.034180    0.043903    0.046067    0.050188    0.051368    0.058237   -1.000000   -1.000000   -1.000000
   0.006002    0.014057    0.025757    0.030933    0.037766    0.042781    0.043406    0.045510    0.049940   -1.000000   -1.000000   -1.000000
# HER year: 2003 
   0.000000    0.008089    0.029625    0.037681    0.039184    0.044385    0.047068    0.052746    0.052269   -1.000000   -1.000000   -1.000000
   0.000000    0.011452    0.020488    0.026620    0.029790    0.034430    0.041706    0.046481    0.055131   -1.000000   -1.000000   -1.000000
   0.005183    0.014816    0.033574    0.032928    0.041995    0.045612    0.045315    0.050372    0.058881   -1.000000   -1.000000   -1.000000
   0.005941    0.014084    0.022376    0.027283    0.035996    0.035664    0.044675    0.052482    0.057146   -1.000000   -1.000000   -1.000000
# HER year: 2004 
   0.000000    0.008081    0.012017    0.023345    0.028180    0.035962    0.040335    0.047665    0.055464   -1.000000   -1.000000   -1.000000
   0.000000    0.011655    0.014528    0.029316    0.029483    0.039615    0.040042    0.047154    0.054846   -1.000000   -1.000000   -1.000000
   0.005102    0.015230    0.018482    0.032470    0.037904    0.044717    0.049101    0.051771    0.058460   -1.000000   -1.000000   -1.000000
   0.005918    0.014219    0.015253    0.025802    0.031878    0.038899    0.043238    0.045716    0.051791   -1.000000   -1.000000   -1.000000
# HER year: 2005 
   0.000000    0.008078    0.012171    0.015576    0.027678    0.035274    0.040531    0.050250    0.056754   -1.000000   -1.000000   -1.000000
   0.000000    0.011893    0.014535    0.019481    0.029522    0.034239    0.042735    0.044625    0.054731   -1.000000   -1.000000   -1.000000
   0.005032    0.015709    0.025046    0.028803    0.039065    0.045727    0.053503    0.059111    0.065255   -1.000000   -1.000000   -1.000000
   0.005911    0.014399    0.018503    0.022025    0.027764    0.034165    0.045435    0.047747    0.056528   -1.000000   -1.000000   -1.000000
# HER year: 2006 
   0.000000    0.008051    0.025644    0.022505    0.025274    0.031691    0.041040    0.046666    0.052804   -1.000000   -1.000000   -1.000000
   0.000000    0.012100    0.028984    0.024522    0.025626    0.037489    0.044736    0.050728    0.057766   -1.000000   -1.000000   -1.000000
   0.004980    0.016150    0.032004    0.033492    0.036876    0.042486    0.053962    0.057089    0.068674   -1.000000   -1.000000   -1.000000
   0.005902    0.014563    0.016988    0.022063    0.025549    0.030078    0.042021    0.048376    0.053466   -1.000000   -1.000000   -1.000000
# HER year: 2007 
   0.000000    0.007969    0.017324    0.024824    0.026116    0.031895    0.046699    0.051189    0.065891   -1.000000   -1.000000   -1.000000
   0.000000    0.012210    0.026452    0.028356    0.032572    0.031536    0.041284    0.049421    0.060183   -1.000000   -1.000000   -1.000000
   0.004953    0.016451    0.039269    0.035031    0.040626    0.041426    0.049035    0.051116    0.062036   -1.000000   -1.000000   -1.000000
   0.005870    0.014646    0.020820    0.022418    0.031002    0.032481    0.036945    0.047668    0.054031   -1.000000   -1.000000   -1.000000
# HER year: 2008 
   0.000000    0.007848    0.020358    0.025823    0.031064    0.036096    0.033484    0.048378    0.053881   -1.000000   -1.000000   -1.000000
   0.000000    0.012255    0.020979    0.022887    0.027314    0.035920    0.030704    0.040110    0.045790   -1.000000   -1.000000   -1.000000
   0.004947    0.016662    0.027288    0.030503    0.035358    0.041473    0.037206    0.047156    0.055185   -1.000000   -1.000000   -1.000000
   0.005825    0.014679    0.024582    0.026818    0.030418    0.037353    0.036126    0.041162    0.049258   -1.000000   -1.000000   -1.000000
# HER year: 2009 
   0.000000    0.007719    0.018276    0.026411    0.031036    0.035014    0.039961    0.035290    0.047122   -1.000000   -1.000000   -1.000000
   0.000000    0.012308    0.017537    0.022490    0.024141    0.030805    0.035529    0.031443    0.043226   -1.000000   -1.000000   -1.000000
   0.004955    0.016896    0.028044    0.032452    0.036433    0.042128    0.051608    0.044439    0.054831   -1.000000   -1.000000   -1.000000
   0.005789    0.014727    0.021825    0.030058    0.028609    0.037235    0.045297    0.037953    0.044023   -1.000000   -1.000000   -1.000000
# HER year: 2010 
   0.004000    0.007581    0.017415    0.025304    0.032283    0.032779    0.038503    0.044198    0.047608   -1.000000   -1.000000   -1.000000
   0.003500    0.012360    0.015753    0.023326    0.030195    0.029460    0.032279    0.042894    0.040219   -1.000000   -1.000000   -1.000000
   0.004978    0.017138    0.027356    0.034594    0.037175    0.038699    0.042709    0.049643    0.051273   -1.000000   -1.000000   -1.000000
   0.005758    0.014784    0.019694    0.026875    0.032336    0.036185    0.042575    0.045942    0.045635   -1.000000   -1.000000   -1.000000
# HER year: 2011 
   0.000000    0.007434    0.022849    0.023908    0.029842    0.036812    0.037815    0.045786    0.049288   -1.000000   -1.000000   -1.000000
   0.000000    0.012404    0.017629    0.020725    0.029612    0.035619    0.035838    0.046641    0.046057   -1.000000   -1.000000   -1.000000
   0.005016    0.017373    0.029734    0.040199    0.042726    0.048549    0.052330    0.056460    0.055042   -1.000000   -1.000000   -1.000000
   0.005732    0.014845    0.020824    0.026861    0.036062    0.037841    0.042375    0.047540    0.041553   -1.000000   -1.000000   -1.000000
# HER year: 2012 
  -1.000000    0.007276    0.023830    0.022830    0.030325    0.037671    0.042641    0.050166    0.055180   -1.000000   -1.000000   -1.000000
  -1.000000    0.012431    0.030139    0.027938    0.030913    0.040507    0.042940    0.043873    0.056407   -1.000000   -1.000000   -1.000000
   0.005071    0.017585    0.049867    0.046778    0.048144    0.052885    0.053424    0.059048    0.067132   -1.000000   -1.000000   -1.000000
   0.005708    0.014903    0.030506    0.029280    0.037331    0.047815    0.053974    0.057826    0.072923   -1.000000   -1.000000   -1.000000
# HER year: 2013 
  -1.000000    0.007105    0.019196    0.034136    0.031293    0.036935    0.044871    0.048692    0.054257   -1.000000   -1.000000   -1.000000
  -1.000000    0.012433    0.023060    0.037364    0.032900    0.037502    0.049662    0.049207    0.056387   -1.000000   -1.000000   -1.000000
   0.005142    0.017760    0.033037    0.050551    0.045143    0.048056    0.057310    0.055364    0.062904   -1.000000   -1.000000   -1.000000
   0.005684    0.014951    0.021580    0.026933    0.030153    0.038553    0.043903    0.051568    0.054121   -1.000000   -1.000000   -1.000000
# HER year: 2014 
  -1.000000    0.006919    0.017062    0.028279    0.037169    0.032713    0.042687    0.045805    0.051042   -1.000000   -1.000000   -1.000000
  -1.000000    0.012407    0.020394    0.027377    0.039768    0.033166    0.040320    0.046381    0.055383   -1.000000   -1.000000   -1.000000
   0.005231    0.017895    0.037521    0.043120    0.055220    0.050565    0.056813    0.062500    0.066389   -1.000000   -1.000000   -1.000000
   0.005660    0.014990    0.022921    0.028507    0.034389    0.037127    0.048674    0.052993    0.054945   -1.000000   -1.000000   -1.000000
# HER year: 2015 
  -1.000000    0.006718    0.017721    0.026580    0.031916    0.039040    0.041032    0.050201    0.050355   -1.000000   -1.000000   -1.000000
  -1.000000    0.012360    0.021118    0.025502    0.034002    0.042426    0.040682    0.046690    0.053038   -1.000000   -1.000000   -1.000000
   0.005335    0.018001    0.034018    0.035779    0.040419    0.045576    0.042571    0.046730    0.056465   -1.000000   -1.000000   -1.000000
   0.005637    0.015023    0.026301    0.027777    0.033039    0.037637    0.037583    0.041672    0.047701   -1.000000   -1.000000   -1.000000
# HER year: 2016 
  -1.000000    0.006503    0.009844    0.023437    0.026848    0.031615    0.035680    0.037771    0.043694   -1.000000   -1.000000   -1.000000
  -1.000000    0.012293    0.014573    0.022748    0.027721    0.032576    0.034753    0.040894    0.046029   -1.000000   -1.000000   -1.000000
   0.005457    0.018084    0.023256    0.039295    0.039028    0.045114    0.045299    0.047659    0.057164   -1.000000   -1.000000   -1.000000
   0.005615    0.015052    0.017073    0.029842    0.033659    0.038092    0.044450    0.048747    0.051949   -1.000000   -1.000000   -1.000000
# HER year: 2017 
   0.008000    0.006273    0.013962    0.017543    0.027854    0.031414    0.037183    0.044304    0.050491   -1.000000   -1.000000   -1.000000
  -1.000000    0.012212    0.017750    0.018792    0.028463    0.032278    0.037720    0.049949    0.049275   -1.000000   -1.000000   -1.000000
   0.005594    0.018151    0.030370    0.029913    0.042687    0.044391    0.051004    0.060374    0.062594   -1.000000   -1.000000   -1.000000
   0.005596    0.015081    0.023084    0.026020    0.036914    0.039580    0.042679    0.049636    0.052129   -1.000000   -1.000000   -1.000000
# HER year: 2018 
  -1.000000    0.006031    0.016262    0.026174    0.026626    0.035036    0.040006    0.043796    0.054797   -1.000000   -1.000000   -1.000000
   0.016600    0.012119    0.018743    0.027210    0.028219    0.036982    0.039709    0.040600    0.049407   -1.000000   -1.000000   -1.000000
   0.005747    0.018207    0.029186    0.036677    0.037196    0.049330    0.047810    0.049392    0.052737   -1.000000   -1.000000   -1.000000
   0.005581    0.015111    0.019851    0.029132    0.030455    0.047799    0.041561    0.042404    0.049771   -1.000000   -1.000000   -1.000000
# SPR year: 1974 
   0.000000    0.003825    0.010000    0.012000    0.014000    0.014000    0.015000    0.014000   -1.000000   -1.000000   -1.000000   -1.000000
   0.000000    0.004915    0.010000    0.013000    0.015000    0.015000    0.017000    0.016000   -1.000000   -1.000000   -1.000000   -1.000000
   0.002038    0.005410    0.011000    0.015000    0.016000    0.016000    0.017000    0.016000   -1.000000   -1.000000   -1.000000   -1.000000
   0.004786    0.009584    0.012000    0.014000    0.015000    0.015000    0.015000    0.015000   -1.000000   -1.000000   -1.000000   -1.000000
# SPR year: 1975 
   0.000000    0.003919    0.010000    0.012000    0.014000    0.014000    0.015000    0.014000   -1.000000   -1.000000   -1.000000   -1.000000
   0.000000    0.004861    0.010000    0.013000    0.015000    0.015000    0.017000    0.016000   -1.000000   -1.000000   -1.000000   -1.000000
   0.002165    0.005891    0.011000    0.015000    0.016000    0.016000    0.017000    0.016000   -1.000000   -1.000000   -1.000000   -1.000000
   0.004710    0.009869    0.012000    0.014000    0.015000    0.015000    0.015000    0.015000   -1.000000   -1.000000   -1.000000   -1.000000
# SPR year: 1976 
   0.000000    0.004006    0.010000    0.012000    0.014000    0.014000    0.015000    0.014000   -1.000000   -1.000000   -1.000000   -1.000000
   0.000000    0.004810    0.010000    0.013000    0.015000    0.015000    0.017000    0.016000   -1.000000   -1.000000   -1.000000   -1.000000
   0.002284    0.006335    0.011000    0.015000    0.016000    0.016000    0.017000    0.016000   -1.000000   -1.000000   -1.000000   -1.000000
   0.004637    0.010125    0.012000    0.014000    0.015000    0.015000    0.015000    0.015000   -1.000000   -1.000000   -1.000000   -1.000000
# SPR year: 1977 
   0.000000    0.004086    0.010000    0.012000    0.014000    0.014000    0.015000    0.014000   -1.000000   -1.000000   -1.000000   -1.000000
   0.000000    0.004764    0.010000    0.013000    0.015000    0.015000    0.017000    0.016000   -1.000000   -1.000000   -1.000000   -1.000000
   0.002394    0.006742    0.011000    0.015000    0.016000    0.016000    0.017000    0.016000   -1.000000   -1.000000   -1.000000   -1.000000
   0.004567    0.010351    0.012000    0.014000    0.015000    0.015000    0.015000    0.015000   -1.000000   -1.000000   -1.000000   -1.000000
# SPR year: 1978 
   0.000000    0.004160    0.010000    0.012000    0.015000    0.015000    0.016000    0.014000   -1.000000   -1.000000   -1.000000   -1.000000
   0.000000    0.004722    0.010000    0.012000    0.014000    0.016000    0.016000    0.016000   -1.000000   -1.000000   -1.000000   -1.000000
   0.002496    0.007112    0.011000    0.014000    0.015000    0.015000    0.015000    0.016000   -1.000000   -1.000000   -1.000000   -1.000000
   0.004500    0.010550    0.013000    0.012000    0.014000    0.013000    0.014000    0.015000   -1.000000   -1.000000   -1.000000   -1.000000
# SPR year: 1979 
   0.000000    0.004227    0.011000    0.013000    0.014000    0.016000    0.016000    0.015000   -1.000000   -1.000000   -1.000000   -1.000000
   0.000000    0.004683    0.013000    0.014000    0.013000    0.016000    0.016000    0.015000   -1.000000   -1.000000   -1.000000   -1.000000
   0.002590    0.007444    0.011000    0.015000    0.015000    0.016000    0.017000    0.017000   -1.000000   -1.000000   -1.000000   -1.000000
   0.004436    0.010722    0.014000    0.015000    0.015000    0.017000    0.015000    0.015000   -1.000000   -1.000000   -1.000000   -1.000000
# SPR year: 1980 
   0.000000    0.004288    0.010000    0.014000    0.015000    0.015000    0.017000    0.016000   -1.000000   -1.000000   -1.000000   -1.000000
   0.000000    0.004649    0.011000    0.014000    0.015000    0.014000    0.016000    0.015000   -1.000000   -1.000000   -1.000000   -1.000000
   0.002675    0.007736    0.012000    0.015000    0.015000    0.015000    0.017000    0.016000   -1.000000   -1.000000   -1.000000   -1.000000
   0.004374    0.010867    0.013000    0.016000    0.016000    0.016000    0.016000    0.016000   -1.000000   -1.000000   -1.000000   -1.000000
# SPR year: 1981 
   0.000000    0.004341    0.014000    0.015000    0.016000    0.016000    0.015000    0.017000   -1.000000   -1.000000   -1.000000   -1.000000
   0.000000    0.004617    0.013000    0.014000    0.018000    0.017000    0.014000    0.018000   -1.000000   -1.000000   -1.000000   -1.000000
   0.002751    0.007988    0.012000    0.015000    0.016000    0.016000    0.016000    0.018000   -1.000000   -1.000000   -1.000000   -1.000000
   0.004315    0.010982    0.014000    0.016000    0.016000    0.017000    0.017000    0.018000   -1.000000   -1.000000   -1.000000   -1.000000
# SPR year: 1982 
   0.000000    0.004387    0.010000    0.014000    0.016000    0.017000    0.017000    0.016000   -1.000000   -1.000000   -1.000000   -1.000000
   0.000000    0.004589    0.012000    0.014000    0.015000    0.017000    0.014000    0.014000   -1.000000   -1.000000   -1.000000   -1.000000
   0.002815    0.008200    0.014000    0.016000    0.016000    0.017000    0.016000    0.016000   -1.000000   -1.000000   -1.000000   -1.000000
   0.004257    0.011067    0.014000    0.016000    0.016000    0.017000    0.017000    0.016000   -1.000000   -1.000000   -1.000000   -1.000000
# SPR year: 1983 
   0.000000    0.004425    0.010000    0.013000    0.015000    0.016000    0.017000    0.017000   -1.000000   -1.000000   -1.000000   -1.000000
   0.000000    0.004565    0.011000    0.014000    0.014000    0.016000    0.016000    0.016000   -1.000000   -1.000000   -1.000000   -1.000000
   0.002867    0.008375    0.011000    0.014000    0.016000    0.015000    0.017000    0.017000   -1.000000   -1.000000   -1.000000   -1.000000
   0.004201    0.011120    0.013000    0.015000    0.016000    0.017000    0.018000    0.019000   -1.000000   -1.000000   -1.000000   -1.000000
# SPR year: 1984 
   0.000000    0.004454    0.009000    0.013000    0.015000    0.016000    0.017000    0.017000   -1.000000   -1.000000   -1.000000   -1.000000
   0.000000    0.004544    0.010000    0.015000    0.014000    0.015000    0.016000    0.017000   -1.000000   -1.000000   -1.000000   -1.000000
   0.002909    0.008516    0.011000    0.014000    0.015000    0.017000    0.016000    0.016000   -1.000000   -1.000000   -1.000000   -1.000000
   0.004147    0.011140    0.012000    0.015000    0.015000    0.017000    0.018000    0.017000   -1.000000   -1.000000   -1.000000   -1.000000
# SPR year: 1985 
   0.000000    0.004473    0.009000    0.012000    0.014000    0.016000    0.017000    0.017000   -1.000000   -1.000000   -1.000000   -1.000000
   0.000000    0.004527    0.010000    0.012000    0.012000    0.015000    0.017000    0.016000   -1.000000   -1.000000   -1.000000   -1.000000
   0.002943    0.008623    0.012000    0.014000    0.016000    0.015000    0.019000    0.017000   -1.000000   -1.000000   -1.000000   -1.000000
   0.004097    0.011125    0.013000    0.015000    0.016000    0.016000    0.016000    0.015000   -1.000000   -1.000000   -1.000000   -1.000000
# SPR year: 1986 
   0.000000    0.004485    0.010000    0.012000    0.014000    0.015000    0.016000    0.017000   -1.000000   -1.000000   -1.000000   -1.000000
   0.000000    0.004514    0.010000    0.012000    0.013000    0.016000    0.016000    0.016000   -1.000000   -1.000000   -1.000000   -1.000000
   0.002971    0.008678    0.013000    0.014000    0.015000    0.015000    0.018000    0.017000   -1.000000   -1.000000   -1.000000   -1.000000
   0.004050    0.011076    0.014000    0.015000    0.016000    0.017000    0.016000    0.018000   -1.000000   -1.000000   -1.000000   -1.000000
# SPR year: 1987 
   0.000000    0.004492    0.012000    0.014000    0.016000    0.016000    0.017000    0.018000   -1.000000   -1.000000   -1.000000   -1.000000
   0.000000    0.004505    0.011000    0.014000    0.016000    0.016000    0.017000    0.017000   -1.000000   -1.000000   -1.000000   -1.000000
   0.002995    0.008668    0.012000    0.014000    0.015000    0.016000    0.015000    0.017000   -1.000000   -1.000000   -1.000000   -1.000000
   0.004008    0.010995    0.012000    0.014000    0.015000    0.016000    0.015000    0.017000   -1.000000   -1.000000   -1.000000   -1.000000
# SPR year: 1988 
   0.000000    0.004493    0.010000    0.011000    0.013000    0.015000    0.015000    0.016000   -1.000000   -1.000000   -1.000000   -1.000000
   0.000000    0.004499    0.011000    0.012000    0.014000    0.016000    0.017000    0.018000   -1.000000   -1.000000   -1.000000   -1.000000
   0.003017    0.008610    0.013000    0.014000    0.016000    0.017000    0.017000    0.019000   -1.000000   -1.000000   -1.000000   -1.000000
   0.003970    0.010884    0.014000    0.015000    0.017000    0.017000    0.017000    0.018000   -1.000000   -1.000000   -1.000000   -1.000000
# SPR year: 1989 
   0.000000    0.004485    0.011000    0.014000    0.014000    0.016000    0.017000    0.018000   -1.000000   -1.000000   -1.000000   -1.000000
   0.000000    0.004497    0.011000    0.014000    0.015000    0.016000    0.017000    0.017000   -1.000000   -1.000000   -1.000000   -1.000000
   0.003040    0.008522    0.013000    0.015000    0.016000    0.017000    0.017000    0.018000   -1.000000   -1.000000   -1.000000   -1.000000
   0.003934    0.010744    0.015000    0.017000    0.018000    0.019000    0.018000    0.019000   -1.000000   -1.000000   -1.000000   -1.000000
# SPR year: 1990 
   0.000000    0.004468    0.013000    0.014000    0.016000    0.017000    0.017000    0.019000   -1.000000   -1.000000   -1.000000   -1.000000
   0.000000    0.004499    0.013000    0.014000    0.016000    0.018000    0.018000    0.019000   -1.000000   -1.000000   -1.000000   -1.000000
   0.003053    0.008420    0.013000    0.014000    0.015000    0.018000    0.016000    0.019000   -1.000000   -1.000000   -1.000000   -1.000000
   0.003900    0.010574    0.015000    0.016000    0.017000    0.017000    0.017000    0.019000   -1.000000   -1.000000   -1.000000   -1.000000
# SPR year: 1991 
   0.000000    0.004441    0.013000    0.015000    0.016000    0.017000    0.018000    0.018000   -1.000000   -1.000000   -1.000000   -1.000000
   0.000000    0.004503    0.013000    0.014000    0.016000    0.017000    0.018000    0.017000   -1.000000   -1.000000   -1.000000   -1.000000
   0.003049    0.008319    0.014000    0.014000    0.016000    0.017000    0.017000    0.017000   -1.000000   -1.000000   -1.000000   -1.000000
   0.003866    0.010376    0.014000    0.016000    0.017000    0.017000    0.017000    0.017000   -1.000000   -1.000000   -1.000000   -1.000000
# SPR year: 1992 
   0.000000    0.004385    0.012000    0.015000    0.015000    0.017000    0.018000    0.018000   -1.000000   -1.000000   -1.000000   -1.000000
   0.000000    0.004516    0.012000    0.015000    0.016000    0.017000    0.018000    0.019000   -1.000000   -1.000000   -1.000000   -1.000000
   0.003038    0.008156    0.013000    0.014000    0.016000    0.017000    0.017000    0.019000   -1.000000   -1.000000   -1.000000   -1.000000
   0.003820    0.010073    0.015000    0.017000    0.018000    0.019000    0.019000    0.019000   -1.000000   -1.000000   -1.000000   -1.000000
# SPR year: 1993 
   0.000000    0.004297    0.009000    0.012000    0.012000    0.012000    0.014000    0.015000   -1.000000   -1.000000   -1.000000   -1.000000
   0.000000    0.004538    0.010000    0.012000    0.013000    0.014000    0.015000    0.016000   -1.000000   -1.000000   -1.000000   -1.000000
   0.003033    0.007896    0.008000    0.010000    0.012000    0.013000    0.012000    0.014000   -1.000000   -1.000000   -1.000000   -1.000000
   0.003756    0.009642    0.009000    0.010000    0.012000    0.012000    0.013000    0.013000   -1.000000   -1.000000   -1.000000   -1.000000
# SPR year: 1994 
   0.000000    0.004193    0.009000    0.012000    0.014000    0.015000    0.015000    0.016000   -1.000000   -1.000000   -1.000000   -1.000000
   0.000000    0.004563    0.009000    0.012000    0.014000    0.014000    0.015000    0.015000   -1.000000   -1.000000   -1.000000   -1.000000
   0.003044    0.007606    0.010000    0.012000    0.013000    0.014000    0.015000    0.015000   -1.000000   -1.000000   -1.000000   -1.000000
   0.003688    0.009162    0.011000    0.012000    0.014000    0.014000    0.016000    0.015000   -1.000000   -1.000000   -1.000000   -1.000000
# SPR year: 1995 
   0.000000    0.004093    0.011000    0.011000    0.013000    0.014000    0.014000    0.014000   -1.000000   -1.000000   -1.000000   -1.000000
   0.000000    0.004584    0.010000    0.010000    0.012000    0.013000    0.014000    0.015000   -1.000000   -1.000000   -1.000000   -1.000000
   0.003080    0.007351    0.009000    0.010000    0.011000    0.012000    0.012000    0.012000   -1.000000   -1.000000   -1.000000   -1.000000
   0.003629    0.008716    0.011000    0.012000    0.013000    0.013000    0.014000    0.014000   -1.000000   -1.000000   -1.000000   -1.000000
# SPR year: 1996 
   0.000000    0.004015    0.007000    0.010000    0.011000    0.013000    0.014000    0.013000   -1.000000   -1.000000   -1.000000   -1.000000
   0.000000    0.004598    0.007000    0.010000    0.011000    0.012000    0.013000    0.013000   -1.000000   -1.000000   -1.000000   -1.000000
   0.003137    0.007196    0.007000    0.010000    0.010000    0.011000    0.011000    0.011000   -1.000000   -1.000000   -1.000000   -1.000000
   0.003593    0.008386    0.008000    0.011000    0.011000    0.013000    0.012000    0.012000   -1.000000   -1.000000   -1.000000   -1.000000
# SPR year: 1997 
   0.000000    0.003949    0.007000    0.008000    0.010000    0.012000    0.013000    0.013000   -1.000000   -1.000000   -1.000000   -1.000000
   0.000000    0.004607    0.007000    0.008000    0.010000    0.012000    0.012000    0.012000   -1.000000   -1.000000   -1.000000   -1.000000
   0.003204    0.007142    0.008000    0.009000    0.011000    0.012000    0.012000    0.013000   -1.000000   -1.000000   -1.000000   -1.000000
   0.003588    0.008129    0.008000    0.009000    0.011000    0.011000    0.011000    0.012000   -1.000000   -1.000000   -1.000000   -1.000000
# SPR year: 1998 
   0.000000    0.003881    0.007490    0.008391    0.009093    0.010769    0.010898    0.011561   -1.000000   -1.000000   -1.000000   -1.000000
   0.000000    0.004619    0.007217    0.008250    0.008708    0.009890    0.010142    0.010463   -1.000000   -1.000000   -1.000000   -1.000000
   0.003271    0.007136    0.007655    0.008666    0.009362    0.011056    0.011826    0.010310   -1.000000   -1.000000   -1.000000   -1.000000
   0.003606    0.007866    0.007929    0.008179    0.008577    0.010004    0.010432    0.010496   -1.000000   -1.000000   -1.000000   -1.000000
# SPR year: 1999 
   0.003700    0.003812    0.007196    0.008543    0.008895    0.009179    0.010829    0.011127   -1.000000   -1.000000   -1.000000   -1.000000
   0.003300    0.004633    0.007035    0.008640    0.008763    0.008751    0.009755    0.010583   -1.000000   -1.000000   -1.000000   -1.000000
   0.003328    0.007167    0.008582    0.009882    0.009760    0.010182    0.010845    0.011462   -1.000000   -1.000000   -1.000000   -1.000000
   0.003639    0.007618    0.009170    0.010563    0.009869    0.010009    0.011032    0.011681   -1.000000   -1.000000   -1.000000   -1.000000
# SPR year: 2000 
   0.000000    0.003749    0.009136    0.009448    0.010469    0.011028    0.011427    0.012931   -1.000000   -1.000000   -1.000000   -1.000000
   0.002500    0.004645    0.011282    0.010337    0.011120    0.011770    0.012086    0.013604   -1.000000   -1.000000   -1.000000   -1.000000
   0.003400    0.007223    0.011923    0.010685    0.011122    0.011333    0.011676    0.011578   -1.000000   -1.000000   -1.000000   -1.000000
   0.003677    0.007407    0.010512    0.010777    0.011066    0.011269    0.011896    0.012937   -1.000000   -1.000000   -1.000000   -1.000000
# SPR year: 2001 
   0.000000    0.003695    0.008833    0.011024    0.010221    0.010865    0.010474    0.010557   -1.000000   -1.000000   -1.000000   -1.000000
   0.000000    0.004655    0.009748    0.011430    0.011567    0.012669    0.012299    0.011795   -1.000000   -1.000000   -1.000000   -1.000000
   0.003502    0.007291    0.009876    0.011447    0.010927    0.012285    0.011628    0.011664   -1.000000   -1.000000   -1.000000   -1.000000
   0.003712    0.007256    0.010434    0.011888    0.011786    0.012141    0.012133    0.012350   -1.000000   -1.000000   -1.000000   -1.000000
# SPR year: 2002 
   0.003500    0.003654    0.009184    0.009905    0.010971    0.010673    0.010636    0.010600   -1.000000   -1.000000   -1.000000   -1.000000
   0.004300    0.004660    0.009519    0.009962    0.010533    0.011113    0.011330    0.011300   -1.000000   -1.000000   -1.000000   -1.000000
   0.003607    0.007360    0.010981    0.010826    0.012089    0.011417    0.012012    0.012000   -1.000000   -1.000000   -1.000000   -1.000000
   0.003735    0.007185    0.010871    0.011467    0.011833    0.012175    0.011933    0.011900   -1.000000   -1.000000   -1.000000   -1.000000
# SPR year: 2003 
   0.000000    0.003630    0.009927    0.010792    0.010917    0.011415    0.011165    0.010718   -1.000000   -1.000000   -1.000000   -1.000000
   0.000000    0.004665    0.009648    0.010905    0.010873    0.011725    0.011199    0.010960   -1.000000   -1.000000   -1.000000   -1.000000
   0.003692    0.007455    0.010529    0.011359    0.011010    0.012300    0.011051    0.011138   -1.000000   -1.000000   -1.000000   -1.000000
   0.003746    0.007222    0.009914    0.010650    0.010758    0.010835    0.011065    0.011150   -1.000000   -1.000000   -1.000000   -1.000000
# SPR year: 2004 
   0.000000    0.003617    0.007420    0.010822    0.011193    0.011257    0.011431    0.011335   -1.000000   -1.000000   -1.000000   -1.000000
   0.000000    0.004673    0.007892    0.010625    0.011541    0.011237    0.011437    0.011191   -1.000000   -1.000000   -1.000000   -1.000000
   0.003729    0.007589    0.007788    0.009739    0.010887    0.010691    0.011243    0.010592   -1.000000   -1.000000   -1.000000   -1.000000
   0.003754    0.007347    0.007529    0.009634    0.010861    0.010392    0.011174    0.010909   -1.000000   -1.000000   -1.000000   -1.000000
# SPR year: 2005 
   0.000000    0.003609    0.006276    0.007680    0.010621    0.010966    0.011517    0.010935   -1.000000   -1.000000   -1.000000   -1.000000
   0.000000    0.004679    0.006922    0.007966    0.010908    0.011470    0.011500    0.010887   -1.000000   -1.000000   -1.000000   -1.000000
   0.003708    0.007729    0.008223    0.009404    0.010988    0.011837    0.011905    0.012122   -1.000000   -1.000000   -1.000000   -1.000000
   0.003761    0.007508    0.008120    0.008863    0.010576    0.011464    0.012396    0.011736   -1.000000   -1.000000   -1.000000   -1.000000
# SPR year: 2006 
   0.000000    0.003598    0.007584    0.008030    0.008676    0.010663    0.011049    0.011196   -1.000000   -1.000000   -1.000000   -1.000000
   0.000000    0.004676    0.007361    0.008248    0.008935    0.011097    0.011523    0.011342   -1.000000   -1.000000   -1.000000   -1.000000
   0.003648    0.007844    0.008127    0.008669    0.009884    0.011066    0.013036    0.012057   -1.000000   -1.000000   -1.000000   -1.000000
   0.003768    0.007656    0.008901    0.008721    0.009446    0.011117    0.011091    0.011818   -1.000000   -1.000000   -1.000000   -1.000000
# SPR year: 2007 
   0.000000    0.003579    0.007129    0.008558    0.008897    0.009216    0.010649    0.011077   -1.000000   -1.000000   -1.000000   -1.000000
   0.000000    0.004660    0.007278    0.008728    0.008872    0.009307    0.010844    0.012078   -1.000000   -1.000000   -1.000000   -1.000000
   0.003572    0.007901    0.009803    0.010989    0.010566    0.011442    0.011673    0.013208   -1.000000   -1.000000   -1.000000   -1.000000
   0.003777    0.007742    0.009940    0.011212    0.010787    0.010136    0.011504    0.012399   -1.000000   -1.000000   -1.000000   -1.000000
# SPR year: 2008 
   0.000000    0.003554    0.008730    0.009548    0.010225    0.010129    0.010270    0.011591   -1.000000   -1.000000   -1.000000   -1.000000
   0.000000    0.004632    0.008535    0.009288    0.010641    0.009839    0.009192    0.010929   -1.000000   -1.000000   -1.000000   -1.000000
   0.003503    0.007918    0.010635    0.011049    0.011897    0.011071    0.011174    0.012604   -1.000000   -1.000000   -1.000000   -1.000000
   0.003787    0.007791    0.010576    0.011180    0.011437    0.011521    0.011654    0.013464   -1.000000   -1.000000   -1.000000   -1.000000
# SPR year: 2009 
   0.000000    0.003531    0.008934    0.010441    0.010862    0.011363    0.010573    0.010988   -1.000000   -1.000000   -1.000000   -1.000000
   0.000000    0.004597    0.009023    0.010460    0.010966    0.011663    0.010774    0.011127   -1.000000   -1.000000   -1.000000   -1.000000
   0.003464    0.007931    0.010721    0.011417    0.011854    0.011857    0.011902    0.011891   -1.000000   -1.000000   -1.000000   -1.000000
   0.003797    0.007858    0.009893    0.010705    0.010984    0.010817    0.011368    0.012192   -1.000000   -1.000000   -1.000000   -1.000000
# SPR year: 2010 
   0.000000    0.003508    0.007616    0.009575    0.010717    0.011169    0.011124    0.010531   -1.000000   -1.000000   -1.000000   -1.000000
   0.000000    0.004556    0.007346    0.009436    0.010240    0.010626    0.011178    0.010557   -1.000000   -1.000000   -1.000000   -1.000000
   0.003443    0.007935    0.009679    0.011732    0.012079    0.011940    0.011590    0.012664   -1.000000   -1.000000   -1.000000   -1.000000
   0.003806    0.007935    0.009576    0.010742    0.011305    0.011007    0.011287    0.012491   -1.000000   -1.000000   -1.000000   -1.000000
# SPR year: 2011 
   0.000000    0.003486    0.008439    0.009202    0.010630    0.011249    0.011698    0.011593   -1.000000   -1.000000   -1.000000   -1.000000
   0.000000    0.004508    0.009109    0.009572    0.010336    0.011203    0.010971    0.011264   -1.000000   -1.000000   -1.000000   -1.000000
   0.003418    0.007926    0.010876    0.010883    0.011401    0.012654    0.012170    0.012493   -1.000000   -1.000000   -1.000000   -1.000000
   0.003816    0.008017    0.010216    0.010758    0.011429    0.012313    0.011394    0.013734   -1.000000   -1.000000   -1.000000   -1.000000
# SPR year: 2012 
  -1.000000    0.003463    0.008785    0.010552    0.010562    0.011498    0.011873    0.011809   -1.000000   -1.000000   -1.000000   -1.000000
  -1.000000    0.004453    0.009413    0.011293    0.011647    0.012642    0.012854    0.012532   -1.000000   -1.000000   -1.000000   -1.000000
   0.003392    0.007898    0.011003    0.012414    0.012737    0.013015    0.012730    0.013115   -1.000000   -1.000000   -1.000000   -1.000000
   0.003825    0.008097    0.011522    0.012510    0.012578    0.012840    0.013737    0.013355   -1.000000   -1.000000   -1.000000   -1.000000
# SPR year: 2013 
   0.001000    0.003437    0.009354    0.011322    0.012499    0.012480    0.013050    0.012763   -1.000000   -1.000000   -1.000000   -1.000000
   0.001000    0.004390    0.009597    0.011515    0.012589    0.012954    0.012754    0.012815   -1.000000   -1.000000   -1.000000   -1.000000
   0.003368    0.007848    0.010268    0.012040    0.012702    0.012535    0.013307    0.013061   -1.000000   -1.000000   -1.000000   -1.000000
   0.003835    0.008169    0.010660    0.012218    0.012221    0.012395    0.012321    0.012388   -1.000000   -1.000000   -1.000000   -1.000000
# SPR year: 2014 
  -1.000000    0.003410    0.008671    0.010315    0.011554    0.012385    0.012474    0.011926   -1.000000   -1.000000   -1.000000   -1.000000
  -1.000000    0.004319    0.009088    0.010938    0.012467    0.013230    0.012905    0.011655   -1.000000   -1.000000   -1.000000   -1.000000
   0.003351    0.007774    0.010489    0.011885    0.012925    0.013826    0.013414    0.013308   -1.000000   -1.000000   -1.000000   -1.000000
   0.003844    0.008230    0.011006    0.012017    0.012982    0.013054    0.013302    0.013720   -1.000000   -1.000000   -1.000000   -1.000000
# SPR year: 2015 
  -1.000000    0.003382    0.009280    0.010758    0.011616    0.012472    0.012918    0.012462   -1.000000   -1.000000   -1.000000   -1.000000
  -1.000000    0.004242    0.009945    0.011440    0.012139    0.013247    0.014144    0.012594   -1.000000   -1.000000   -1.000000   -1.000000
   0.003340    0.007680    0.009837    0.011235    0.011813    0.013162    0.014114    0.012093   -1.000000   -1.000000   -1.000000   -1.000000
   0.003855    0.008285    0.009671    0.010975    0.011525    0.011777    0.012035    0.011776   -1.000000   -1.000000   -1.000000   -1.000000
# SPR year: 2016 
   0.002200    0.003354    0.006565    0.009529    0.010931    0.011572    0.012688    0.012234   -1.000000   -1.000000   -1.000000   -1.000000
  -1.000000    0.004158    0.007515    0.009775    0.011603    0.012094    0.012365    0.012308   -1.000000   -1.000000   -1.000000   -1.000000
   0.003336    0.007568    0.009089    0.011795    0.012626    0.012642    0.013332    0.013107   -1.000000   -1.000000   -1.000000   -1.000000
   0.003865    0.008338    0.008517    0.011378    0.012295    0.012060    0.012126    0.012127   -1.000000   -1.000000   -1.000000   -1.000000
# SPR year: 2017 
   0.006000    0.003325    0.007406    0.008395    0.010499    0.011605    0.011769    0.011741   -1.000000   -1.000000   -1.000000   -1.000000
  -1.000000    0.004067    0.007840    0.009134    0.011492    0.012486    0.012408    0.011995   -1.000000   -1.000000   -1.000000   -1.000000
   0.003336    0.007439    0.009599    0.010075    0.011190    0.011763    0.012327    0.012000   -1.000000   -1.000000   -1.000000   -1.000000
   0.003876    0.008390    0.009630    0.009896    0.011380    0.011777    0.011440    0.011949   -1.000000   -1.000000   -1.000000   -1.000000
# SPR year: 2018 
  -1.000000    0.003296    0.008269    0.009184    0.009646    0.010750    0.011857    0.011867   -1.000000   -1.000000   -1.000000   -1.000000
  -1.000000    0.003969    0.007736    0.008952    0.009687    0.011502    0.011820    0.011298   -1.000000   -1.000000   -1.000000   -1.000000
   0.003337    0.007295    0.009392    0.010636    0.010293    0.011862    0.012489    0.012000   -1.000000   -1.000000   -1.000000   -1.000000
   0.003888    0.008445    0.009479    0.010471    0.010438    0.011631    0.011728    0.011664   -1.000000   -1.000000   -1.000000   -1.000000
-999 # Checksum