
Table  1    Cod :  Stock numbers (thousands) 

          Age 01  Age 02  Age 03  Age 04  Age 05  Age 06  Age 07  Age 08  Age 09  Age 10
                                                                                        
1974 Q1   801362  180320   27683   35406   10543    2227     991     936     574     485
1975 Q1  1216190  172384   39870   10081   14852    4715     991     430     418     446
1976 Q1   816307  299992   36501   13988    4101    6460    2040     417     186     352
1977 Q1  1869620  179701   61479   11893    5351    1687    2643     810     171     207
1978 Q1  1269080  397601   37529   20029    4610    2228     699    1063     336     147
1979 Q1  1243060  251406   76671   10600    6907    1727     830     251     397     168
1980 Q1  1690570  256596   56941   26759    4306    3001     746     349     109     230
1981 Q1   986426  382038   54167   17287    9736    1693    1173     283     137     124
1982 Q1  1568960  170735   75115   16577    6350    3861     668     448     112      96
1983 Q1   941234  290933   28799   20781    5665    2359    1426     238     166      71
1984 Q1  1474110  177894   49795    7951    7057    2093     866     505      88      81
1985 Q1   574507  316547   33602   14811    2868    2753     812     325     197      61
1986 Q1  1498080  105955   59989    9925    5312    1113    1062     303     126      93
1987 Q1   771972  328577   18412   16081    3262    1922     400     368     109      73
1988 Q1   598210  167669   60675    5002    5406    1194     699     140     134      62
1989 Q1   876180  119900   28960   16657    1684    2005     440     249      52      67
1990 Q1   496735  189329   20212    7559    5502     607     718     152      89      40
1991 Q1   502402  100789   31999    5626    2663    2101     230     263      58      46
1992 Q1   774418  108954   16501    8879    1980    1016     797      84     100      37
1993 Q1   394268  178221   19188    4851    3205     773     394     299      33      50
1994 Q1   712290  109545   39756    5835    1631    1111     277     139     103      28
1995 Q1   527000  197082   24991   11779    1924     555     392      96      47      43
1996 Q1   413828  145899   42530    6786    3522     596     179     124      30      27
1997 Q1   849348  100849   27535   10417    1900    1024     180      53      36      16
1998 Q1   202719  245246   22272    7582    3236     611     341      59      17      16
1999 Q1   300962   49921   47279    5381    2130     962     189     104      18       9
2000 Q1   474156   79340    8085    9953    1297     550     260      50      27       7
2001 Q1   202050  145784   14352    1794    2547     353     157      73      14       9
2002 Q1   235585   60634   28279    3365     501     739     107      46      21       6
2003 Q1   177965   69334   11931    6997    1038     160     245      35      15       8
2004 Q1   260567   49375   12560    2757    1993     323      52      78      11       7
2005 Q1   234963   70969    8980    3098     860     675     113      18      26       6
2006 Q1   375477   58829   12813    2336    1113     318     258      43       7      11
2007 Q1   196954   97158   10466    3359     788     387     114      91      15       6
2008 Q1   197105   53702   24086    3352    1299     271     131      40      33       9
2009 Q1   204416   50036   12156    6978    1185     403      83      41      13      16
2010 Q1   252134   54114   11402    3599    2348     347     116      25      13      11
2011 Q1   144625   75769   13591    3601    1255     717     104      36       8       9
2012 Q1   186020   39099   19419    4820    1453     454     255      38      14       7
2013 Q1   261527   49694   10132    6915    1978     536     165      95      15       9
2014 Q1   277658   72012   13498    3884    2964     767     205      65      38      11
2015 Q1   144514   79281   20368    5495    1760    1225     313      85      28      24
2016 Q1   102902   40634   23215    7905    2507     733     504     132      37      25
2017 Q1   233788   26099   11044    8850    3686    1071     310     218      58      30
2018 Q1    64467   71368    7935    4620    3942    1494     429     127      91      42
2019 Q1   172483   17452   16906    2441    1666    1252     466     138      42      52
2020 Q1   412432   55706    4926    6266     999     613     454     174      53      41

Table  1    Whiting :  Stock numbers (thousands) 

            Age 1    Age 2    Age 3    Age 4    Age 5    Age 6    Age 7    Age 8
                                                                                
1974 Q1   5808790  2911090   516347    71659    23485     1639    14508      593
1975 Q1  11348200  1177730   799180   127742    16369     5305      262     2761
1976 Q1  11337300  2819850   363357   195053    30007     3716      851      569
1977 Q1   9455860  2118620   809784    87089    41782     6276      530      236
1978 Q1  10560400  1834660   718395   237772    23110    12277     1386      188
1979 Q1   7587010  2110110   564213   232954    69878     6938     2856      433
1980 Q1  10396000  2127570   690731   181246    65766    19476     1501      847
1981 Q1   4992040  2611980   738111   221116    51232    17940     4125      553
1982 Q1   4569080   774897   752696   241903    64987    15342     4230     1199
1983 Q1   2957850   827644   282623   270275    81165    22670     4644     1866
1984 Q1   4356910   697495   266838    94586    80258    23535     5034     1622
1985 Q1   2827820  1215780   239190    81448    24746    20003     4324     1386
1986 Q1   5181490   770357   434834    88556    26500     7948     5070     1656
1987 Q1   5884470  1648600   286380   131663    23874     6901     1563     1483
1988 Q1   4466720  1468680   527852    83051    31563     5509     1113      571
1989 Q1   8009360   883460   534752   166595    23465     8722     1185      430
1990 Q1   3547120  1881980   339089   174974    47529     6495     1849      360
1991 Q1   2976150   807751   676935   106698    49488    12657     1329      538
1992 Q1   3021100   829088   315661   247774    35473    14722     3514      544
1993 Q1   3801200   762090   345551   121328    85876    10813     4239     1200
1994 Q1   3152010   856344   271820   121046    37385    22521     2635     1353
1995 Q1   2994550   802903   317556    96573    37941    10238     5708     1105
1996 Q1   2162080   756165   319139   125983    34683    12092     3077     2170
1997 Q1   1350000   482698   285212   126222    45392    11334     3774     1825
1998 Q1   2044560   387082   207910   121012    49893    16426     3944     2040
1999 Q1   3658590   469856   161756    94254    52737    20093     6403     2339
2000 Q1   2415300   663727   192046    63327    33783    17328     6288     2758
2001 Q1   2880120   862260   288369    76589    22830    10671     5158     2700
2002 Q1   3517340   702790   402997   140778    35436     9930     4482     3311
2003 Q1   1570120   613083   311399   186802    65832    15827     4306     3490
2004 Q1   1134890   224082   263241   144904    83600    28014     6694     3308
2005 Q1   1292110   255190    89748   120049    65410    36857    12168     4368
2006 Q1    996117   334578   117565    43297    57061    29661    16272     7379
2007 Q1   1069750   312992   136002    52410    18903    23682    12481     9952
2008 Q1   1474760   229388   135241    64246    24075     8680    10195     9886
2009 Q1   1303080   351438   104614    63575    28463    11016     3809     8751
2010 Q1   1119410   358974   158055    49626    30427    13207     4914     5603
2011 Q1   1498670   383498   171023    78380    24060    14288     5921     5061
2012 Q1    937066   466839   177397    84630    38398    11431     6529     5018
2013 Q1    641929   233642   210687    89451    43163    18993     5513     5894
2014 Q1   1231900   184412   113806   104985    44394    21695    10665     6128
2015 Q1   1123350   413519    89572    55194    49294    21556    10702     9111
2016 Q1   1295520   408329   197867    42910    25360    21713    10034     9622
2017 Q1   2388720   379229   181118    91427    19275    11054     9275    10411
2018 Q1   1054070   586828   180959    90865    45252     9531     5778    10819
2019 Q1   1306010   287161   255170    87237    44762    21709     5629     9651
2020 Q1   3430660   426114   131443   125637    42158    21562    10282     7894

Table  1    Haddock :  Stock numbers (thousands) 

           Age 01   Age 02   Age 03   Age 04   Age 05   Age 06   Age 07   Age 08   Age 09   Age 10
                                                                                                  
1974 Q1   7800220   484861   791506   110942     4537     3021    36200     1005      130      185
1975 Q1  14298400  1492520   129098   180414    29612     1579     1048    13182      378      120
1976 Q1   1236220  3479500   355789    27492    42680     8416      496      336     4224      165
1977 Q1   1563380   285794   923516    80444     6865    12555     2636      173      117     1500
1978 Q1   3185040   331527    77777   214640    23969     2230     4208      951       65      605
1979 Q1   5422580   554121    91247    16926    49386     7614      715     1436      333      235
1980 Q1   9754850  1026530   153171    21165     4428    15153     2431      243      488      194
1981 Q1   3376740  2447260   333671    39200     6514     1502     5176      882       88      249
1982 Q1   5541610   451315   805532   108949    15424     2859      670     2368      409      156
1983 Q1   3022530   843666   171277   278501    44899     6940     1333      321     1136      273
1984 Q1   6221840   498393   305058    47950    88250    16447     2620      522      127      558
1985 Q1   1600680  1664800   163972    77832    13353    27340     5360      904      182      239
1986 Q1   1873010   385018   543635    47206    23653     4617    11492     2064      351      164
1987 Q1   3894470   596139   136332   155999    13910     7981     1931     4280      777      194
1988 Q1    425746  1222850   186339    33083    40629     4193     3042      646     1431      325
1989 Q1    453968   117142   350200    44220     7906    11149     1528      971      205      554
1990 Q1    659959   128068    37537    84262    11529     2364     4179      511      327      254
1991 Q1   1603560   187568    40209     9793    22199     3583      929     1458      180      205
1992 Q1   2212170   511259    57697    10014     2476     6297     1323      306      480      127
1993 Q1   3338530   621605   176158    16853     3048      843     2594      495      114      228
1994 Q1   1235860   966851   197490    44332     4335      892      313      842      162      112
1995 Q1   6000440   349143   307512    52522    11923     1336      349      108      290       95
1996 Q1   1802150  1519350   125552    91826    16008     4125      568      134       41      147
1997 Q1   1532660   392629   497382    34279    24993     4983     1621      195       47       66
1998 Q1   1002200   510956   149470   169541    12176     9577     2325      688       84       49
1999 Q1    537581   264054   198521    47393    53471     4334     4186      932      276       53
2000 Q1   8326320   161251    86265    47386    11482    14484     1533     1293      289      104
2001 Q1   1760610  3207960    67710    22493     9821     2324     3089      234      197       60
2002 Q1    262694   627042  1468310    22487     6277     2686      671      688       52       57
2003 Q1    376912    80054   295509   531712     7584     2057      936      185      193       31
2004 Q1    472494   112374    44665   146736   254012     3657     1035      426       85      102
2005 Q1    358895    97775    55828    20537    61287   104658     1713      447      185       81
2006 Q1   3763950    80130    50790    24870     8934    26068    45558      686      180      107
2007 Q1    798962   916286    35894    16805     7092     2618     7905    10720      171       72
2008 Q1    522094   191394   408158    13342     5307     2179      838     1983     2732       64
2009 Q1    334976   123735    94452   199444     6047     2359      988      345      815     1146
2010 Q1   2313660   100191    63409    43851    92792     2922     1193      444      156      888
2011 Q1    238114   760219    50509    32161    20386    42381     1382      518      194      455
2012 Q1     91762    68985   358573    21947    12140     7507    16107      438      174      215
2013 Q1    275164    28203    34322   191741    10908     6015     3779     7208      208      184
2014 Q1    175133    89204    14933    19757    99640     5816     3357     1870     3567      199
2015 Q1   1592140    49312    41351     6781     7843    38269     2391     1166      654     1302
2016 Q1    451084   520096    19332    13051     1831     1986    10081      469      241      385
2017 Q1    757522   135219   231738     8488     5136      723      808     3244      155      212
2018 Q1    409522   231769    66197   108834     4075     2459      355      343     1375      153
2019 Q1    671290   108259   119993    35121    55603     2232     1366      178      172      754
2020 Q1   4562090   226623    60278    68083    19911    31160     1317      737       96      502

Table  1    Saithe :  Stock numbers (thousands) 

         Age 01 Age 02 Age 03 Age 04 Age 05 Age 06 Age 07 Age 08 Age 09 Age 10
                                                                              
1974 Q1  487063 202481 115689  77621  47521  74379  52247  20741   5489   7802
1975 Q1  245458 398774 165777  63440  37046  24186  40099  29148  12006   7693
1976 Q1  138711 200964 326488  85613  27928  17560  12248  21122  16020  10827
1977 Q1  165853 113567 164536 160702  35329  12505   8458   6162  11137  14155
1978 Q1  146121 135789  92981  70999  55545  13532   5251   3752   2899  11900
1979 Q1  328605 119634 111174  52112  34895  29011   7463   2991   2213   8730
1980 Q1  256926 269039  97948  61116  24955  17813  15681   4174   1735   6349
1981 Q1  258847 210353 220271  50376  26757  11771   8982   8228   2286   4427
1982 Q1  231392 211926 172223 116660  22943  13068   6120   4847   4622   3771
1983 Q1  277508 189448 173511  90193  52332  11057   6715   3267   2696   4669
1984 Q1  539722 227204 155107  74758  31111  20009   4636   2974   1535   3461
1985 Q1  267042 441887 186019  73955  29556  13414   9324   2262   1526   2563
1986 Q1  245344 218635 361786  89308  29512  12848   6296   4580   1167   2110
1987 Q1  157975 200871 179004 147488  28594  10567   5085   2645   2052   1468
1988 Q1  152011 129339 164459  81910  55169  11742   4717   2386   1309   1742
1989 Q1  209129 124456 105894  71057  28360  21164   4937   2095   1124   1437
1990 Q1  169783 171220 101896  48388  26530  11627   9434   2313   1036   1266
1991 Q1  205051 139006 140183  49737  19744  11761   5552   4708   1211   1205
1992 Q1  153750 167882 113809  69378  20676   8898   5698   2808   2494   1280
1993 Q1  428796 125880 137450  77616  34891   9399   4127   2784   1429   1921
1994 Q1  188930 351069 103062  88633  33618  13244   3663   1721   1225   1475
1995 Q1  262782 154682 287431  70684  45249  15562   6251   1818    889   1395
1996 Q1  123594 215148 126643 189316  32395  18388   6478   2768    846   1062
1997 Q1  241510 101190 176148  85998  94121  14523   8416   3127   1394    961
1998 Q1  131311 197731  82848 125699  48804  49506   7756   4673   1791   1348
1999 Q1  293911 107509 161889  58652  69837  25021  25791   4211   2622   1761
2000 Q1  326288 240634  88020 109400  28785  30824  11280  12279   2094   2179
2001 Q1  221871 267142 197014  62637  61626  15006  16319   6215   6983   2430
2002 Q1  171305 181653 218718 144609  38322  35494   8747   9813   3830   5801
2003 Q1  281062 140252 148725 154861  80372  19655  18499   4751   5508   5405
2004 Q1  113015 230114 114829 104363  84036  40050   9963   9797   2605   5984
2005 Q1  158314  92529 188401  84206  63692  48256  23279   5975   6023   5281
2006 Q1  101276 129616  75756 135517  48811  34370  26415  13221   3494   6610
2007 Q1  109400  82918 106121  54745  79534  26737  19088  15200   7824   5980
2008 Q1  169088  89569  67887  78123  33758  46245  15730  11574   9440   8573
2009 Q1   90768 138437  73333  47461  41976  16622  23170   8243   6285   9782
2010 Q1  154578  74314 113343  51294  25535  20702   8341  12160   4482   8736
2011 Q1  164304 126557  60843  79178  27503  12541  10347   4362   6590   7163
2012 Q1  102431 134520 103616  43012  43823  14035   6505   5595   2438   7687
2013 Q1  131210  83864 110136  74104  24554  23214   7547   3635   3223   5833
2014 Q1  206148 107426  68662  79821  43829  13576  13009   4378   2167   5400
2015 Q1  146553 168780  87953  49483  46506  23797   7476   7428   2573   4447
2016 Q1   78585 119988 138185  63462  28923  25349  13153   4283   4379   4138
2017 Q1  113234  64340  98238 100777  38165  16316  14484   7767   2596   5162
2018 Q1  211781  92708  52677  70289  57597  20246   8785   8104   4479   4474
2019 Q1  200027 173392  75903  38128  41430  31713  11300   5078   4816   5321
2020 Q1  201507 163769 141961  54969  22506  22851  17731   6542   3022   6033

Table  1    Mackerel :  Stock numbers (thousands) 

           Age 01   Age 02   Age 03   Age 04   Age 05   Age 06   Age 07   Age 08   Age 09   Age 10
                                                                                                  
1974 Q1   3251190  1321950  4000340  1142680  1732400  3563660  1777480   886198   439658   387346
1975 Q1   4213040  2732130  1092340  3216770   874269  1322900  2706590  1345030   670593   625800
1976 Q1   4297950  3511960  2226750   858469  2365380   641217   963252  1961090   974561   939318
1977 Q1   2816210  3567220  2841240  1728560   617920  1697600   456420   681826  1388140  1354720
1978 Q1    699522  2355920  2925010  2255560  1293440   461315  1259220   337080   503548  2025680
1979 Q1   2221120   580782  1907050  2272710  1626160   929809   328930   892902   239020  1793450
1980 Q1   4309590  1828780   463495  1447080  1572690  1121270   634713   223011   605377  1377990
1981 Q1   4895840  3586230  1454020   349708  1031320  1085670   760089   410251   144145  1281960
1982 Q1   5913240  4069540  2843860  1092300   247682   706775   730173   486659   262670   913089
1983 Q1   1636950  4917650  3230870  2140500   775764   170288   477008   469468   312900   755960
1984 Q1   1182690  1367850  3948220  2477490  1561310   550252   118875   319366   314319   715623
1985 Q1   5654790   987325  1095730  3016270  1797470  1100540   381526    78945   212092   683988
1986 Q1   2799320  4735730   796849   847557  2227670  1293640   780457   260311    53863   611386
1987 Q1   2901540  2348420  3837710   620552   632062  1621530   928718   540388   180240   460619
1988 Q1   4345300  2428540  1892750  2961720   456811   453157  1145170   630512   366873   435082
1989 Q1   2953870  3628650  1946850  1447760  2152580   322660   314904   762543   419845   534006
1990 Q1   3660840  2477580  2939170  1514940  1078450  1564810   231312   217668   527086   659322
1991 Q1   2680200  3063820  1996490  2267600  1114720   772803  1104510   156936   147680   804932
1992 Q1   3162740  2231540  2439090  1509560  1621020   772267   525895   717213   101907   618581
1993 Q1   3923990  2619730  1755050  1807350  1048350  1085680   506636   326818   445714   447749
1994 Q1   4207210  3230940  2031660  1270550  1213970   675280   682808   299307   193076   527835
1995 Q1   3640430  3452820  2486460  1452120   837928   765403   414971   392328   171976   414221
1996 Q1   3128980  2994940  2672430  1794130   970783   536771   478515   243405   230123   343839
1997 Q1   3233060  2603470  2380540  2015410  1277800   669634   363561   308977   157167   370608
1998 Q1   2702590  2692870  2074450  1802590  1443780   887430   456904   236835   201278   343810
1999 Q1   2737460  2240570  2122300  1542500  1258090   972609   585862   286096   148297   341313
2000 Q1   3080810  2266430  1760270  1569840  1068520   840126   636034   362694   177115   303107
2001 Q1   1840850  2532370  1750640  1265890  1044440   680650   522042   370357   211194   279629
2002 Q1   3675120  1504990  1931350  1232670   817134   642207   407070   290346   205983   272983
2003 Q1   4973660  2973290  1119900  1305450   750432   469194   356647   207147   147749   243733
2004 Q1   3275600  4033560  2225060   764117   805518   437732   265043   185236   107588   203329
2005 Q1   4488170  2767060  3256630  1625790   505643   479190   235055   122106    85338   143240
2006 Q1   7199610  3810700  2273230  2487810  1155490   332551   292504   128330    66665   124794
2007 Q1   8236340  6128250  3157630  1775200  1831690   798596   216273   173679    76198   113682
2008 Q1   7562690  7001000  5054040  2436150  1281850  1231830   501556   122616    98467   107652
2009 Q1   7080380  6434640  5793010  3932540  1783290   878748   792826   293734    71809   120713
2010 Q1   6749180  6029110  5338980  4539270  2911280  1242000   577124   476914   176692   115809
2011 Q1  10131500  5750760  5013440  4206980  3390760  2053350   828946   354655   293074   179748
2012 Q1   9478320  8638780  4793390  3974640  3173470  2424660  1394760   521403   223076   297402
2013 Q1   5499690  8091400  7229870  3839840  3048580  2323030  1696970   912746   341211   340606
2014 Q1   4318450  4695490  6774450  5797520  2950000  2236740  1630620  1114840   599634   447924
2015 Q1   6525510  3679380  3903650  5335170  4326840  2078090  1490510   999954   683659   642401
2016 Q1   2522400  5563600  3065980  3092560  4019830  3088990  1408630   934939   627231   831784
2017 Q1   7564240  2151620  4643810  2439330  2346130  2897560  2119760   898079   596076   930204
2018 Q1   4570000  6447620  1791410  3670970  1831560  1666780  1951900  1318700   558695   949499
2019 Q1   5440080  3897030  5375970  1421390  2772810  1312150  1134870  1231600   832071   951636
2020 Q1   4131170  4646080  3266320  4322980  1096910  2047280   928492   753561   817791  1184390

Table  1    Herring :  Stock numbers (thousands) 

            Age 1    Age 2    Age 3    Age 4    Age 5    Age 6    Age 7    Age 8
                                                                                
1974 Q1   2184290  1203700   675289   194024    64319    25673     9208    13418
1975 Q1   2807780   726040   375600   211840    70907    24355     9778     8690
1976 Q1    792479   621417   125615    65281    47838    16456     5724     4367
1977 Q1    587986   249189   175351    36906    23060    17431     6047     3727
1978 Q1    571110   281332   143568   104255    23630    15091    11602     6537
1979 Q1    585014   336353   204354   107418    81091    18869    12154    14684
1980 Q1   2153640   348350   249733   154893    84186    64694    15278    21974
1981 Q1   6131500  1198340   231984   171171   110323    60807    47520    27567
1982 Q1   8240850  2572020   685211   140042   110507    73115    41377    51510
1983 Q1  12042600  4147370  1544250   425055    93279    76893    51214    66428
1984 Q1  10990500  5657330  2251860   837669   234308    51370    43664    67367
1985 Q1  10410400  4713140  2736370  1086360   392428   107480    23784    52115
1986 Q1  16006100  4088110  2139730  1229750   483965   169254    47133    33960
1987 Q1  19343800  6759510  1988330  1114230   622049   238724    84066    40763
1988 Q1  13262200  9252050  3521790  1045130   576873   318207   122576    64874
1989 Q1   7841950  5868600  4708050  1812030   532293   290554   161234    96001
1990 Q1   6808950  3878160  3288770  2607540   994446   290518   160986   143083
1991 Q1   6947390  3133960  2164980  1840550  1429080   551552   162517   170802
1992 Q1   7488580  3251260  1740360  1223310  1002690   776089   302961   183960
1993 Q1  10985100  3318810  1580400   862888   576654   461112   363089   230640
1994 Q1  11359400  4453700  1331520   632346   327708   212030   175193   226299
1995 Q1   8838260  4583680  1881520   563606   251878   127499    83693   159686
1996 Q1   7700560  3418800  1697340   659467   192355    83538    43286    85024
1997 Q1  11013800  3715940  1903640   991883   382157   109231    49155    76168
1998 Q1   6354960  5973090  2175870  1147410   602824   232274    67014    77909
1999 Q1   5059900  3473110  3533430  1199460   593193   278809   108765    67940
2000 Q1  16389500  2874440  2206250  2166120   686210   315208   149267    94735
2001 Q1   9990310  9693480  1929370  1376190  1253550   367496   170926   133102
2002 Q1  28465000  5410350  6365570  1241560   843098   730054   216985   180465
2003 Q1  10514200 16079300  3439820  4130290   765392   493855   439220   243265
2004 Q1   6747210  5338880 10264200  2203820  2569990   451774   294792   413353
2005 Q1   8197190  3260010  3244560  6079950  1259590  1416640   250966   405688
2006 Q1   5232330  3891330  1862110  1802250  3234980   622400   723723   341682
2007 Q1   6018950  2632910  2416080  1112580  1019340  1729390   338634   591120
2008 Q1   7728050  3118890  1632920  1463760   641958   565871   976369   536699
2009 Q1   7307870  4341180  2069290  1068040   923535   389849   350542   947227
2010 Q1   9447430  4393330  3098260  1488540   746740   637930   270182   913874
2011 Q1   9168860  6082940  3145800  2245620  1058180   518347   442946   833631
2012 Q1   6636550  5410480  4286530  2297140  1620760   749150   369762   916359
2013 Q1   6525860  3570600  3584540  2850400  1506920  1009220   471572   811719
2014 Q1  12929100  3624000  2336850  2354460  1791130   891895   610843   780263
2015 Q1  14976800  7543940  2424400  1516850  1471040  1053950   534376   842748
2016 Q1   3643400  9192090  5106710  1570740   933256   847870   610242   802808
2017 Q1   6059770  1890970  6004190  3237620   948789   530493   483041   807096
2018 Q1   2965210  3781660  1279330  3989590  2077670   586497   330850   804685
2019 Q1   7500720  1681800  2451070   791754  2371550  1159550   334969   654449
2020 Q1   6950610  4625430  1158770  1623050   495997  1397670   690747   594016

Table  1    N. sandeel :  Stock numbers (thousands) 

             Age 1     Age 2     Age 3     Age 4
                                                
1974 Q1  121813000   8558540   4327620   1062490
1975 Q1   58380900  19191900   1911030   1711080
1976 Q1   58173300   5517110   2883470   1026010
1977 Q1   74290100   9060000   1110980    961421
1978 Q1   41933900   9737400   1239200    371249
1979 Q1   67846200   7572610   2065150    435804
1980 Q1  128773000  16621000   2457590   1077580
1981 Q1   69578300  16729500   2739230    957529
1982 Q1   82078400   9050290   2905980    835214
1983 Q1   74728700  13273000   1696340    883108
1984 Q1   70984100  17342600   3541800    936204
1985 Q1   46297100  16572600   5518320   2028450
1986 Q1  106277000  11763900   5223180   2857230
1987 Q1  101544000  21404500   2426750   1874470
1988 Q1   48697300  22258100   5059000   1514640
1989 Q1  127009000   7972890   5751370   1979330
1990 Q1   53169200  17850800   1179320   1408950
1991 Q1   74114100   8612320   2558850    553044
1992 Q1   63176300  11870000   1931370   1062270
1993 Q1  106284000  16448200   3258540   1026490
1994 Q1  130807000  20075200   4948620   1427330
1995 Q1  142520000  20522000   3574690   1234260
1996 Q1   84475500  25843900   3828370   1366450
1997 Q1  350889000  16528000   6430060   1478860
1998 Q1   43648100  69929400   3691420   2224600
1999 Q1   61178100   6473430  12632200   1287350
2000 Q1  128468000  11908100   1291610   3410770
2001 Q1   88778100  14605500   1482830    901702
2002 Q1   63889700  10274100   2016430    436270
2003 Q1   24685100   7603860   1316590    348627
2004 Q1   42915200   2881320   1611360    369445
2005 Q1   25458400   4128280    278575    201746
2006 Q1   32300800   3379890    696655     95462
2007 Q1   63571600   5214450    716760    229017
2008 Q1   57126300  10262200   1228560    214532
2009 Q1   52324000   9546990   1977620    257781
2010 Q1  127679000  14135100   3055910    920143
2011 Q1   17284700  28985200   3933100   1224000
2012 Q1   12339400   3103360   7130220   1416100
2013 Q1   80041200   2777710   1066580   3031490
2014 Q1   70731100  19761700    844631   1426680
2015 Q1   85875100  12659700   2861060    332056
2016 Q1   14978900  23634500   3680890    970057
2017 Q1  279621000   2242450   5269840   1357110
2018 Q1   23852600  77652100    642272   2275630
2019 Q1  123409000   5601100  19667700    961117
2020 Q1  240660000  41250100   1973090   7863570

Table  1    S. sandeel :  Stock numbers (thousands) 

             Age 1     Age 2     Age 3     Age 4
                                                
1974 Q1   49403700  24116800   3605810   9277020
1975 Q1  111861000  17400600   8980020   5218010
1976 Q1   56524700  39131900   5905270   5143860
1977 Q1   84636500  16202700   9993410   2894780
1978 Q1  208794000  25996000   3973330   3269910
1979 Q1   97207300  56838900   6023830   1639880
1980 Q1  105400000  25741100   9198320   1123760
1981 Q1   69560400  32882700   6033440   2397360
1982 Q1  237948000  14554900   6911310   1795380
1983 Q1   24927200  48729700   1918850    945944
1984 Q1  205514000   7107610  11650100    695885
1985 Q1   61632900  47023800   1298020   2114710
1986 Q1  231884000  13753100   6722640    473319
1987 Q1   51907100  80284900   4540910   2160300
1988 Q1   44111400  18143100  28185100   2690940
1989 Q1  131402000  12028400   4026690   7399180
1990 Q1   62108000  34855500   2467770   2104840
1991 Q1   84506000  14254100   5844610    727869
1992 Q1  131745000  23790400   3664050   1775060
1993 Q1   35928400  42904100   6673440   1520960
1994 Q1  125581000  10870500  11448500   2191660
1995 Q1  171561000  37622700   2871990   3614800
1996 Q1   50061700  59235600  12540000   2301430
1997 Q1  298790000  13133600  12507600   3144180
1998 Q1   59446900 108035000   4644200   5347370
1999 Q1   88067000  15921200  28133300   2662470
2000 Q1  108138000  15645900   2395370   4348980
2001 Q1  168273000  28714600   3933010   1737670
2002 Q1  206680000  31745800   4270990    749097
2003 Q1   22668700  62560900   8604230   1434290
2004 Q1   77300800   4091620   7867310   1462020
2005 Q1   38607800  14440100    667677   1266390
2006 Q1   80728300   6735310   1824730    250418
2007 Q1   63334900  18335500    935961    247035
2008 Q1  128339000  12971900   3455420    260552
2009 Q1   50696200  29664900   2507320    706085
2010 Q1  348809000  10694700   4044750    447216
2011 Q1   36002000 110811000   3671720   1537140
2012 Q1   44010000   7990440  25782900   1545930
2013 Q1   79219100  10062900   2872420  10016000
2014 Q1   52182000  15471800   1187140   1564960
2015 Q1   97127700  11373900   2890950    590246
2016 Q1   25387300  20438900   1705550    493055
2017 Q1  167095000   6362330   7896510    957326
2018 Q1   15231600  43541100   1384220   1935420
2019 Q1   60455600   3712510   6820540    626539
2020 Q1  186729000  22169000   1170900   2670570

Table  1    Nor. pout :  Stock numbers (thousands) 

             Age 1     Age 2     Age 3
                                      
1974 Q1  113779000   2697840    326500
1975 Q1   83512800   5228290     16214
1976 Q1  114731000   5578470    126367
1977 Q1   92446400   6994430    136669
1978 Q1   50072100   8158330    325757
1979 Q1   77976200   4159500    315304
1980 Q1   92199800   8091210    156218
1981 Q1   36399200   8519490    325057
1982 Q1   55046900   2157220    299507
1983 Q1   68659700   4569960     78889
1984 Q1   53945000   5899430    118291
1985 Q1   33335300   4271810    138108
1986 Q1   27971400   1510080     36842
1987 Q1   38596500   2103740     47285
1988 Q1    8693390   2637090     43906
1989 Q1   26040700    899236    166481
1990 Q1   24866600   3052590     59973
1991 Q1   33642300   2833060    156133
1992 Q1   41998600   3305530     69414
1993 Q1   22024400   6261770    275441
1994 Q1   18473500   1989430    160980
1995 Q1   59324300   1996450     93305
1996 Q1   22331800   8312890    187611
1997 Q1   46118000   2615060    641118
1998 Q1   11535600   7155920    250589
1999 Q1   22826300   1520730    753679
2000 Q1   38447400   2709660    115636
2001 Q1   15364000   6158240    285616
2002 Q1   19876500   1702630    898108
2003 Q1   11124800   1564620    106210
2004 Q1    5457860   1049220     62153
2005 Q1    6646320    431850     49066
2006 Q1   15770200    717179     58947
2007 Q1   10976900   1657190     31284
2008 Q1   15144300   1490360    298911
2009 Q1   26500900   2031510    138381
2010 Q1   35615500   4351080    224026
2011 Q1    7462650   5179300    210594
2012 Q1   12224700    842468    758206
2013 Q1   28158200   1220340    101669
2014 Q1    9749990   3010190     58444
2015 Q1   37443400    921108    124163
2016 Q1   19147000   4947520     58810
2017 Q1   25607300   1483660    143904
2018 Q1   11570300   2957700    129738
2019 Q1   35757200    981444    108886
2020 Q1   73241900   5098270     47311

Table  1    Sprat :  Stock numbers (thousands) 

             Age 1     Age 2     Age 3
                                      
1974 Q1  310927000  12434300   1127360
1975 Q1  196857000  50780300   1741210
1976 Q1  399358000  17714600   1639500
1977 Q1  111307000  41145900    820292
1978 Q1  206732000  10893500   1480620
1979 Q1  371043000  30479700    966290
1980 Q1  129665000  72163600   3878510
1981 Q1   60815300  10088400   1730960
1982 Q1   25738000   7104740    720784
1983 Q1   18202000   3933520    717598
1984 Q1   35556800   2308070    168377
1985 Q1   20856900   6026010    258027
1986 Q1   12274300   3163070    509458
1987 Q1   33474600   1058200    106318
1988 Q1   13368900   7142890    230671
1989 Q1   16886200   1771500    360754
1990 Q1   33199900   2931050    337747
1991 Q1   35284700   3444050    169314
1992 Q1   29168100   4960580    251917
1993 Q1   41889900   5972530    892978
1994 Q1   83947800   5893040    450005
1995 Q1   59700900  17361000   1005290
1996 Q1   13162600   7539780    996835
1997 Q1   17498400   2085420    668370
1998 Q1   18576100   4597370    422080
1999 Q1   49776500   3615100    330780
2000 Q1   31380500   8631080    445342
2001 Q1   27876100   5992570    791266
2002 Q1   25812400   3774160    352132
2003 Q1   27710000   4726360    296526
2004 Q1   32508200   4544820    361080
2005 Q1   85534800   6019820    374976
2006 Q1   27575300  16084200    643533
2007 Q1   26532500   3237940    701562
2008 Q1   23549200   5832870    433698
2009 Q1   63672700   4196710    715018
2010 Q1   53964000  16913000   1107170
2011 Q1   56336300  13126900   3117570
2012 Q1   32468300   9164390   1846840
2013 Q1   28759300   5779350   1341500
2014 Q1   84929400   4587570    633004
2015 Q1   92030300  31058800   1979610
2016 Q1   56993900  17946300   3442770
2017 Q1   52376900   4475720    489581
2018 Q1   83697900  10310700    722924
2019 Q1   85494900  15018300   1287860
2020 Q1  119218000  24104600   3998540

Table  1    Plaice :  Stock numbers (thousands) 

          Age 01  Age 02  Age 03  Age 04  Age 05  Age 06  Age 07  Age 08  Age 09  Age 10
                                                                                        
1974 Q1  1167420 1101120  177281  118019   98941   63823   29274   21794   20043   76367
1975 Q1   784924  843305  647228   99778   64396   54281   37006   18594   13843   61237
1976 Q1   621974  545050  459579  335177   49823   32362   29111   22091   11100   44821
1977 Q1   909685  455883  329435  266722  188966   28233   19312   18919   14357   36341
1978 Q1   771932  655815  266941  184634  144884  103213   16306   12228   11979   32101
1979 Q1   817037  570908  403271  157888  106217   83757   62696   10747    8060   29054
1980 Q1  1056980  545325  288408  192117   72133   48885   41539   35170    6029   20820
1981 Q1   980605  750086  309817  156357  100729   38043   27367   25659   21725   16584
1982 Q1  2037340  690668  420047  165319   80605   52244   20983   16706   15663   23385
1983 Q1  1401740 1405040  371475  214399   81286   39894   27640   12392    9866   23060
1984 Q1  1338400  979091  774360  194767  108478   41386   21645   16653    7466   19838
1985 Q1  1834630  926873  530826  398738   96667   54189   22077   12867    9899   16230
1986 Q1  4468910 1304710  528732  289071  210062   51224   30464   13683    7974   16194
1987 Q1  2078080 3005310  668696  255921  134320   98311   25785   17293    7767   13719
1988 Q1  1999350 1385890 1515880  318026  116710   61709   48680   14446    9689   12038
1989 Q1  1370380 1307650  673429  691919  138821   51347   29402   26451    7850   11806
1990 Q1  1068870  928325  679642  331017  326825   66032   26223   16882   15188   11286
1991 Q1   939805  864561  559588  380353  172704  160989   32165   14775    9512   14916
1992 Q1   814477  745217  484977  287619  180006   76385   70272   16664    7655   12656
1993 Q1   531996  639410  403156  238813  129595   75411   31550   34901    8276   10088
1994 Q1   516820  419454  351367  202229  109909   55578   31900   15958   17653    9288
1995 Q1   863989  406556  228593  174530   92031   46554   23215   15980    7994   13495
1996 Q1   860719  685655  228731  117903   82928   40884   20412   12069    8307   11172
1997 Q1  2422890  668789  357350  107769   50505   32855   15953    9706    5739    9262
1998 Q1   896133 1822770  310073  146608   39393   16794   10726    6618    4027    6223
1999 Q1   774242  692047  929116  142305   60937   15096    6335    4970    3067    4749
2000 Q1   906488  592667  341665  410598   56642   22262    5424    2828    2218    3489
2001 Q1   576066  720744  335729  177656  196916   25422    9864    2842    1482    2991
2002 Q1  1664600  442478  360271  150558   71912   73286    9308    4467    1287    2026
2003 Q1   545492 1274460  218605  159343   59984   26298   26358    4158    1996    1480
2004 Q1  1113620  387448  588093   94982   63340   22553   10153   11516    1817    1519
2005 Q1   691785  834985  207847  301081   45382   28984   10534    5221    5922    1715
2006 Q1   695873  513283  435047  103080  138818   19991   13048    5249    2601    3805
2007 Q1  1027420  517605  269294  217395   47931   61705    9079    6550    2635    3216
2008 Q1   881041  782041  289543  144302  109320   23164   30390    4884    3524    3147
2009 Q1   811460  686409  466719  166488   78535   57485   12381   17535    2818    3849
2010 Q1  1035990  643681  430675  283407   96323   44083   32735    7541   10680    4061
2011 Q1  1241880  819060  400145  258896  162124   53419   24811   19740    4548    8889
2012 Q1  1035960  979422  505696  238756  146869   89112   29806   14851   11816    8043
2013 Q1  1110470  814918  600392  299392  134265   79977   49274   17704    8821   11795
2014 Q1  1211170  883674  515855  368113  175100   76241   46056   30301   10887   12678
2015 Q1   683225  964101  559844  316568  215511   99536   43951   28348   18650   14504
2016 Q1   789989  538904  595467  334180  179668  118513   55565   26318   16975   19853
2017 Q1  1227130  610294  314148  333745  176729   91626   61493   31257   14805   20716
2018 Q1   706870  983809  394405  197003  200189  103099   54164   38670   19656   22338
2019 Q1  2129060  566010  633622  246414  117676  116266   60684   33936   24228   26311
2020 Q1   903509 1771430  405565  444640  167670   78542   78317   42667   23861   35534

Table  1    Sole :  Stock numbers (thousands) 

         Age 01 Age 02 Age 03 Age 04 Age 05 Age 06 Age 07 Age 08 Age 09 Age 10
                                                                              
1974 Q1  101458 102203  48739  11720  19498   5041   4823   2552   1398  19080
1975 Q1   46745  91620  75669  25039   5875  10861   2904   3056   1617  12972
1976 Q1  105605  42211  67616  38522  12434   3248   6211   1829   1925   9189
1977 Q1  131516  95374  31576  35761  19906   7101   1914   4007   1180   7170
1978 Q1   48688 118796  72628  17562  19475  11870   4358   1275   2669   5561
1979 Q1   14225  43962  86975  36151   8519  10559   6666   2706    792   5111
1980 Q1  144430  12844  32292  43693  17705   4655   5974   4164   1690   3687
1981 Q1  154505 130412   9415  16125  21265   9626   2621   3717   2591   3346
1982 Q1  139841 139511  95658   4711   7865  11582   5429   1633   2316   3699
1983 Q1  142555 126235  99603  44351   2122   4012   6146   3224    970   3572
1984 Q1   73351 128704  91417  48072  20832   1120   2199   3743   1964   2766
1985 Q1   88152  66203  90181  40201  20491  10157    570   1263   2150   2717
1986 Q1  136143  79573  47094  41385  17915  10362   5346    336    745   2872
1987 Q1   63661 122862  55181  20112  17110   8519   5151   3015    190   2039
1988 Q1  484453  57478  89447  27034   9596   9151   4724   3167   1854   1370
1989 Q1  110144 437404  41836  43792  12889   5129   5072   2903   1946   1981
1990 Q1  223598  99486 331138  22886  23441   7577   3106   3343   1913   2588
1991 Q1   79056 199270  74673 195644  12349  12497   4219   1822   1961   2640
1992 Q1  402247  70347 146770  42258 100191   6241   6625   2368   1023   2582
1993 Q1   81896 358129  52166  84354  22051  51615   3367   3778   1350   2056
1994 Q1   58460  72778 259541  28451  41307  10645  26234   1820   2042   1841
1995 Q1   98532  51878  51841 136089  13283  18990   5173  13626    945   2017
1996 Q1   59300  87578  37683  28422  67063   6454   9709   2812   7406   1610
1997 Q1  247467  52292  57708  16543  10697  24730   2562   4209   1219   3908
1998 Q1  112309 219077  36157  28276   7114   4521  11125   1242   2041   2486
1999 Q1   87408  99297 149116  17092  11641   2875   1952   5200    580   2116
2000 Q1  118119  77477  69724  75673   7669   5139   1346    981   2612   1354
2001 Q1   63766 104458  52887  33175  31402   3125   2236    633    462   1867
2002 Q1  174505  56606  74727  28004  15673  14613   1536   1173    332   1221
2003 Q1   81304 154931  40555  39701  13284   7324   7209    808    617    818
2004 Q1   43289  72204 111365  21709  19006   6266   3644   3824    429    761
2005 Q1   47842  38454  52062  60038  10482   9044   3143   1947   2043    636
2006 Q1  175887  42444  27305  27102  27785   4776   4359   1620   1004   1381
2007 Q1   70231 156500  31236  15423  13848  14009   2526   2442    908   1336
2008 Q1   68537  62481 114967  17572   7841   6947   7376   1409   1363   1252
2009 Q1   85424  61123  47306  69282   9712   4284   3956   4414    843   1564
2010 Q1  176916  76014  45026  26779  35494   4910   2272   2221   2478   1352
2011 Q1  217495 157110  54619  24082  12807  16724   2441   1204   1177   2030
2012 Q1   55589 193614 116307  31269  12507   6566   8983   1386    684   1822
2013 Q1   99951  49383 139726  62829  15135   5966   3301   4809    742   1341
2014 Q1  148346  88954  36448  79447  32360   7694   3180   1862   2713   1175
2015 Q1  106813 132140  66363  21238  42153  16958   4217   1839   1077   2248
2016 Q1   64912  95282 100343  40263  11834  23225   9731   2541   1108   2003
2017 Q1  131927  57799  70764  57872  21099   6123  12580   5569   1454   1780
2018 Q1  106802 117660  43776  42677  32014  11538   3490   7534   3335   1937
2019 Q1  602093  95445  91358  27942  25291  18786   7016   2214   4780   3344
2020 Q1   23102 539054  75803  61398  17627  15821  12113   4691   1480   5432
