#
###    COD   #####################################################
##  COD   fleet; 1    IBTS_Q1_gam  age  1 - 5  timing: 0 0.25 ,  1983 - 2020 
1e-02     3855.890    19070.690     2293.070     1168.560      404.160    #1983
1e-02    11592.650     7327.290     3175.230      567.040      449.340    #1984
1e-02      556.040    19652.290     2810.830     1002.390      247.720    #1985
1e-02    11202.770     3164.460     4515.890     1220.120      447.980    #1986
1e-02     4733.710    18662.180      984.530      974.970      231.360    #1987
1e-02     2509.870     4587.410     4698.450      228.010      365.130    #1988
1e-02     8799.080     4440.140     3578.160     1459.070      172.310    #1989
1e-02     1937.040     9442.290     1524.380      523.490      508.470    #1990
1e-02     1582.220     2880.920     2641.810      626.290      281.510    #1991
1e-02     8570.450     3800.210     1010.300      642.410      165.030    #1992
1e-02     3038.010    10237.460     1308.350      426.900      259.360    #1993
1e-02     6462.860     2825.800     2132.800      605.380      236.600    #1994
1e-02     6396.550    12058.610     2496.000      656.330      193.530    #1995
1e-02     1691.400     5298.980     3249.890      516.200      271.020    #1996
1e-02    14156.460     3930.390     1651.720      661.900      169.790    #1997
1e-02      599.210    12631.110     1587.810      617.970      305.490    #1998
1e-02     1289.670      608.930     5717.220      656.690      296.830    #1999
1e-02     3331.990     2741.810      681.430     1179.930      179.720    #2000
1e-02      795.250     5029.340     1175.210      199.560      153.660    #2001
1e-02     2681.540     1993.550     2143.150      306.530       58.380    #2002
1e-02      326.960     2592.950      984.980      589.950      162.140    #2003
1e-02     2492.370     1632.170     1533.800      235.850      192.220    #2004
1e-02      997.820     1924.510      656.380      494.020       71.020    #2005
1e-02     3477.350     1134.450     1043.850      196.730       88.660    #2006
1e-02     1318.900     3377.070      940.330      286.320       89.640    #2007
1e-02     2114.270     1389.280     1587.660      363.980      205.740    #2008
1e-02     1016.590     2296.270     1116.990      486.970      128.790    #2009
1e-02     2581.440     2113.670     1575.340      411.490      210.180    #2010
1e-02      700.420     3816.860      826.410      418.300      217.590    #2011
1e-02     1494.570     1994.210     2521.570      506.810      231.990    #2012
1e-02     1542.740     1906.630     1059.060      686.740      382.120    #2013
1e-02     2519.210     2269.420     1020.430      359.570      354.510    #2014
1e-02     1605.010     4703.990     1709.550      563.980      202.400    #2015
1e-02      933.800     1437.910     2613.330      766.770      370.100    #2016
1e-02     7474.770     1175.090     1673.560     1290.580      596.180    #2017
1e-02      449.410     3495.530      721.080      377.250      265.710    #2018
1e-02     1245.910      679.440     1291.020      120.570       89.710    #2019
1e-02     2416.390     1517.260      442.660      374.420       67.720    #2020
##  COD   fleet; 2    IBTS_Q3_gam  age  1 - 4  timing: 0.5 0.75 ,  1992 - 2019 
1e-02    18743.170     1836.320      405.970      381.770    #1992
1e-02     4981.300     4884.410      648.540      140.300    #1993
1e-02    19250.550     2497.420      995.150      177.340    #1994
1e-02    10161.280     7644.330      766.420      333.270    #1995
1e-02     5402.110     3159.470     1134.440      191.950    #1996
1e-02    30865.990     2169.520      764.200      292.450    #1997
1e-02      917.940     9744.780      713.430      203.800    #1998
1e-02     3612.960      516.320     2523.230      166.550    #1999
1e-02     6659.760     1031.050      122.330      365.960    #2000
1e-02     1475.080     2362.200      395.390       84.330    #2001
1e-02     4149.410      977.770      784.540      207.380    #2002
1e-02      978.080     1356.010      255.430      193.600    #2003
1e-02     3212.600      827.920      501.590      101.540    #2004
1e-02     1100.350      802.970      297.590      126.450    #2005
1e-02     5562.870      782.100      630.210      128.580    #2006
1e-02     1931.090     2454.220      449.390      188.370    #2007
1e-02     2511.520     1315.230     1161.820      244.640    #2008
1e-02     1939.370     1041.030      303.500      251.780    #2009
1e-02     4592.290     1707.490      552.980      193.900    #2010
1e-02     1258.050     3073.160      947.710      412.270    #2011
1e-02     2206.230     1094.880     1307.780      399.980    #2012
1e-02     3181.750     1181.700      497.630      524.110    #2013
1e-02     3467.210     1554.240      655.820      325.480    #2014
1e-02     1896.760     3114.260     1080.730      488.570    #2015
1e-02     1445.040     1201.050     1686.390      881.820    #2016
1e-02     7316.260      637.480      458.370      431.520    #2017
1e-02     1125.440     2229.760      368.150      222.210    #2018
1e-02     2995.753      477.535      601.749      115.295    #2019
###    WHG   #####################################################
##  WHG   fleet; 1    IBTS-Q1   age  1 - 5  timing: 0 0.25 ,  1978 - 2020 
1e-03     5256.590     2520.240      883.050      235.080       73.570    #1978
1e-03     4253.300     2201.000     1085.340      333.840       49.340    #1979
1e-03     6360.560     3672.880     1140.430      313.620      103.020    #1980
1e-03     2201.700     4532.010     2180.590      448.150      107.600    #1981
1e-03     1455.930     2347.800     2779.450      700.730      115.310    #1982
1e-03     1265.490     1211.330     1078.290      764.600      337.200    #1983
1e-03     4264.680     1645.150      804.520      275.770      266.890    #1984
1e-03     3243.300     3448.760      617.230      171.350       79.180    #1985
1e-03     4511.210     2826.220     2126.910      348.930       93.360    #1986
1e-03     6680.450     5394.590      864.300      427.620       60.500    #1987
1e-03     4328.930     8312.060     2998.290      307.890      172.770    #1988
1e-03    14246.010     5205.390     3945.580     1032.830      172.330    #1989
1e-03     5140.320     8397.020     1991.760      988.240      201.500    #1990
1e-03     9340.910     7593.030     3660.010      735.330      335.770    #1991
1e-03     9983.790     4500.520     2422.590      748.050      572.830    #1992
1e-03    10613.500     5507.170     1928.190      879.900      392.140    #1993
1e-03     7317.270     5710.690     1921.890      677.390      135.260    #1994
1e-03     6563.280     4708.950     2039.780      642.620      135.020    #1995
1e-03     4795.690     4686.100     2174.360      676.080      350.570    #1996
1e-03     3165.170     2610.050     1597.600      819.560      234.740    #1997
1e-03     5106.860     1621.400     1175.030      484.030      220.430    #1998
1e-03     6107.920     2637.800     1461.030      672.060      274.460    #1999
1e-03     8133.220     4628.150     1856.780      316.600      180.810    #2000
1e-03     6462.260     5632.260     2507.440      722.940      288.800    #2001
1e-03     5346.860     3505.290     2588.400      484.260      123.830    #2002
1e-03     1369.920     2729.260     2468.280     1263.790      443.680    #2003
1e-03     1873.840      931.590     1599.230      778.430      435.270    #2004
1e-03     1283.890      752.920      511.240      425.360      287.240    #2005
1e-03     1931.000     1052.070      475.620      222.520      160.080    #2006
1e-03      637.820     1484.840      640.500      216.890      112.140    #2007
1e-03     2570.690     1993.120      556.280      183.250       94.900    #2008
1e-03     2115.230     2872.650      681.160      173.080      162.200    #2009
1e-03     3379.030     1960.990     1721.450      515.210      734.980    #2010
1e-03     1750.990     3520.810     1350.220      707.730      188.320    #2011
1e-03     2203.560     5619.760     1000.820      396.040      293.430    #2012
1e-03      524.610     1629.160     2447.040      669.590      346.420    #2013
1e-03     2584.560     1872.950      977.860      606.930      337.470    #2014
1e-03     3240.700     2032.280      510.310      244.440      225.120    #2015
1e-03     3510.090     2932.980      849.320      241.330      139.610    #2016
1e-03     5651.340     2332.740     1011.600      304.870      111.480    #2017
1e-03     1215.030     2304.190      736.480      327.830      120.550    #2018
1e-03     2174.980     1748.850     1169.310      441.990      129.200    #2019
1e-03     5190.420     2022.810      784.770      525.760      163.610    #2020
##  WHG   fleet; 2    IBTS-Q3   age  0 - 5  timing: 0.5 0.75 ,  1991 - 2019 
1e-03     5064.710     6776.050     1477.930      858.250      297.120      168.960    #1991
1e-03    13232.000     5467.960     2503.980      708.980      539.120      316.460    #1992
1e-03     8780.520     6247.160     1803.150      426.000      246.010      168.960    #1993
1e-03     5686.950     6932.150     2358.420      494.030      186.470      106.000    #1994
1e-03     7035.070     6251.550     2730.240      711.840      209.240       89.950    #1995
1e-03     2831.700     4445.690     3279.140     1266.840      347.420       99.140    #1996
1e-03    19734.660     2902.460     1655.460     1191.870      264.920      202.010    #1997
1e-03    25562.960     3175.980     1386.260      539.490      315.400      124.330    #1998
1e-03    23859.870    11485.580     1774.660      521.270      226.220      101.790    #1999
1e-03    18681.020     8953.000     3048.470      582.040      171.850       83.640    #2000
1e-03    34264.580     6446.560     2677.140      844.680      219.890       80.730    #2001
1e-03     2566.260     7702.710     2389.810     1275.080      343.550       75.460    #2002
1e-03     3481.240     2502.330     2734.560     1192.920      675.810      188.960    #2003
1e-03     6799.860     1376.880      597.370      629.300      428.410      246.490    #2004
1e-03     1639.410     1451.110      810.470      313.990      428.640      315.240    #2005
1e-03     1894.140     1653.460      774.830      287.420      227.680      182.640    #2006
1e-03     7773.000      853.390      610.860      335.730      154.810       81.570    #2007
1e-03     7281.040     3424.900      615.310      293.650      131.440       66.230    #2008
1e-03     5553.080     5413.770     3361.200      504.470      131.190       88.840    #2009
1e-03     4724.770     2159.520     1336.480      432.660      125.170      122.620    #2010
1e-03     2311.160     4031.150     1359.940      593.040      191.410       81.840    #2011
1e-03     2828.270     2493.640     2097.200      630.300      215.330      145.920    #2012
1e-03     3082.750      627.080      574.570      623.920      197.600       71.720    #2013
1e-03    19385.130     2072.740      908.340      580.200      329.220       97.470    #2014
1e-03    19307.370     2925.950     2093.400      538.750      264.790      175.640    #2015
1e-03     9004.840     2751.910     2226.210      663.140      200.380       89.300    #2016
1e-03     1709.930     8764.210     1926.150      825.200      259.550      114.020    #2017
1e-03     1687.350     2363.340     2842.330      807.410      316.750      209.920    #2018
1e-03    13649.040     4284.680     1461.170      831.310      219.630      149.700    #2019
###    HAD   #####################################################
##  HAD   fleet; 1    IBTS_Q1   age  1 - 5  timing: 0 0.25 ,  1967 - 2020 
1e-05       11.391        1.363        1.925        0.207        0.011    #1974
1e-05       11.815        3.567        0.197        0.347        0.058    #1975
1e-05        0.985        5.393        1.847        0.140        0.163    #1976
1e-05        1.420        0.679        1.336        0.169        0.012    #1977
1e-05        3.528        1.064        0.283        0.662        0.104    #1978
1e-05        4.684        2.129        0.528        0.067        0.154    #1979
1e-05        8.566        3.657        0.826        0.105        0.023    #1980
1e-05        2.680        6.250        1.566        0.256        0.044    #1981
1e-05        5.421        2.531        4.123        0.583        0.078    #1982
1e-05        3.023        4.031        0.895        1.164        0.132    #1983
1e-05       10.723        2.213        1.278        0.204        0.209    #1984
1e-05        2.310        8.333        1.076        0.323        0.036    #1985
1e-05        5.730        2.669        3.035        0.179        0.065    #1986
1e-05        9.126        3.281        0.452        0.583        0.043    #1987
1e-05        1.017        6.776        0.971        0.127        0.140    #1988
1e-05        2.191        0.974        2.730        0.166        0.021    #1989
1e-05        2.174        1.391        0.330        0.504        0.032    #1990
1e-05        6.802        1.341        0.250        0.043        0.085    #1991
1e-05       11.414        3.310        0.170        0.030        0.007    #1992
1e-05       12.421        5.195        1.524        0.088        0.011    #1993
1e-05        2.279        4.911        0.977        0.233        0.016    #1994
1e-05       13.555        2.011        1.762        0.244        0.053    #1995
1e-05        2.674        8.133        0.659        0.467        0.077    #1996
1e-05        8.490        3.548        4.668        0.250        0.152    #1997
1e-05        3.576        4.209        1.035        1.126        0.088    #1998
1e-05        2.111        2.229        1.271        0.482        0.366    #1999
1e-05       37.342        1.071        0.486        0.245        0.156    #2000
1e-05        8.935       22.206        0.763        0.145        0.064    #2001
1e-05        0.573        4.735       13.094        0.092        0.069    #2002
1e-05        0.900        0.393        2.415        5.320        0.054    #2003
1e-05        0.717        0.793        0.370        1.764        3.249    #2004
1e-05        0.702        0.519        0.385        0.141        0.546    #2005
1e-05       11.582        0.461        0.285        0.099        0.048    #2006
1e-05        1.094        9.634        0.360        0.150        0.030    #2007
1e-05        0.614        1.074        2.412        0.149        0.016    #2008
1e-05        0.751        1.414        1.030        1.356        0.025    #2009
1e-05        6.750        0.711        0.680        0.515        0.909    #2010
1e-05        0.461        7.815        1.017        0.359        0.479    #2011
1e-05        0.141        0.665        3.910        0.212        0.152    #2012
1e-05        0.582        0.246        0.326        0.938        0.065    #2013
1e-05        0.241        1.040        0.184        0.500        1.261    #2014
1e-05        3.908        0.327        0.300        0.039        0.091    #2015
1e-05        1.114        4.135        0.171        0.120        0.020    #2016
1e-05        2.185        1.385        2.226        0.086        0.031    #2017
1e-05        0.470        1.557        0.549        0.678        0.010    #2018
1e-05        1.531        1.262        1.508        0.225        0.773    #2019
1e-05       23.558        1.625        0.613        0.551        0.085    #2020
##  HAD   fleet; 2    IBTS_Q3   age  0 - 5  timing: 0.5 0.75 ,  1991 - 2019 
1e-05        7.185        2.336        0.229        0.028        0.005        0.016    #1991
1e-05       27.411        5.952        1.890        0.105        0.016        0.004    #1992
1e-05        5.774        6.060        1.401        0.376        0.024        0.004    #1993
1e-05       17.812        1.953        2.626        0.324        0.084        0.004    #1994
1e-05        5.209       10.196        1.066        0.974        0.081        0.031    #1995
1e-05        6.275        2.475        4.285        0.304        0.202        0.026    #1996
1e-05        1.953        3.476        1.238        1.490        0.067        0.053    #1997
1e-05        2.764        2.571        1.649        0.537        0.427        0.031    #1998
1e-05       69.045        1.765        0.941        0.479        0.133        0.099    #1999
1e-05       10.928       25.042        0.443        0.195        0.103        0.043    #2000
1e-05        0.347        3.604       10.993        0.303        0.064        0.036    #2001
1e-05        1.377        0.460        2.377        5.738        0.098        0.025    #2002
1e-05        1.639        0.693        0.312        1.993        3.687        0.029    #2003
1e-05        1.840        0.695        0.406        0.231        0.827        1.548    #2004
1e-05       14.130        0.676        0.455        0.163        0.098        0.371    #2005
1e-05        1.916        5.473        0.275        0.117        0.036        0.034    #2006
1e-05        1.115        1.497        3.858        0.104        0.053        0.011    #2007
1e-05        1.264        0.866        0.899        1.750        0.052        0.023    #2008
1e-05        9.093        0.777        0.800        0.381        0.740        0.016    #2009
1e-05        0.303        5.574        0.590        0.342        0.252        0.533    #2010
1e-05        0.306        0.770        3.445        0.272        0.122        0.092    #2011
1e-05        0.681        0.315        0.402        1.322        0.073        0.044    #2012
1e-05        0.863        0.584        0.252        0.183        0.828        0.025    #2013
1e-05        7.475        0.482        0.585        0.052        0.091        0.516    #2014
1e-05        1.043        4.634        0.228        0.160        0.017        0.023    #2015
1e-05        3.520        0.950        2.207        0.082        0.037        0.004    #2016
1e-05        1.462        1.676        0.724        1.308        0.029        0.013    #2017
1e-05        1.231        0.741        0.948        0.227        0.328        0.007    #2018
1e-05       19.404        1.646        0.534        0.635        0.124        0.183    #2019
###    POK   #####################################################
##  POK   fleet; 1    IBTS_Q3   age  3 - 8  timing: 0.5 0.65 ,  1992 - 2019 
# 1e-05        1.077        2.760        0.516        0.098        0.057        0.050    #1992
# 1e-05        7.965        2.781        1.129        0.197        0.011        0.040    #1993
# 1e-05        1.117        1.615        0.893        0.609        0.091        0.040    #1994
# 1e-05       13.959        2.501        1.559        0.533        0.172        0.049    #1995
# 1e-05        3.825        6.533        1.112        0.971        0.212        0.069    #1996
# 1e-05        3.756        3.351        7.461        0.698        0.534        0.181    #1997
# 1e-05        1.181        4.134        1.351        1.580        0.149        0.179    #1998
# 1e-05        2.086        1.907        3.155        0.619        0.632        0.074    #1999
# 1e-05        3.479        8.836        1.081        0.868        0.114        0.152    #2000
# 1e-05       21.475        6.169        3.936        0.356        0.444        0.113    #2001
# 1e-05       10.748       18.974        1.327        1.090        0.162        0.264    #2002
# 1e-05       19.272       23.802       13.402        0.393        0.439        0.168    #2003
# 1e-05        4.930        6.727        3.237        0.921        0.064        0.085    #2004
# 1e-05        8.916        7.512        4.428        1.914        1.082        0.104    #2005
# 1e-05       10.553       29.579        2.835        1.177        0.445        0.242    #2006
# 1e-05       34.006        5.578       11.700        1.016        0.743        0.358    #2007
# 1e-05        3.312        5.584        0.907        1.997        0.254        0.254    #2008
# 1e-05        1.346        1.703        0.568        0.101        0.229        0.200    #2009
# 1e-05        1.361        0.964        0.471        0.205        0.045        0.166    #2010
# 1e-05        4.520        8.451        1.059        1.114        0.426        0.080    #2011
# 1e-05       11.134        2.497        2.968        0.503        0.483        0.344    #2012
# 1e-05       14.701       16.279        1.830        1.858        0.308        0.146    #2013
# 1e-05        1.649        3.923        2.822        0.481        0.520        0.114    #2014
# 1e-05       11.001        5.613        4.611        1.581        0.289        0.285    #2015
# 1e-05       37.901       17.439        3.255        2.681        0.945        0.195    #2016
# 1e-05       11.447       13.102        3.068        1.267        0.942        0.473    #2017
# 1e-05        1.877        6.885        6.027        1.450        0.322        0.183    #2018
# 1e-05        2.164        3.192        3.037        0.977        0.207        0.084    #2019
##  POK   Stock number with lnorm dist 0.5  error, age  3 - 9  timing: 0 0
1       408359        67018        28776        56341        97172        24456         3777    #1974
1       224912        40128        37903        20691        16720        32556        11008    #1975
1       761019       105236        17053        10378        13265        31840        16006    #1976
1       253681        96903         6298        16949        17486         5187        45612    #1977
1       120152       140989        50322        25514         1746         5774         3016    #1978
1        36459        24071        24205        33659        10871         6403         1637    #1979
1       128572        33152        23299        16240        27980         4510          736    #1980
1       162994       155848        15031        22833        12659         7393         1900    #1981
1        99571        63919        51229        20062         6297         2569         3602    #1982
1        86719        79449        55311         3966         8392         3982         4535    #1983
1       205379       116317        14698        25816         3121         2158         1974    #1984
1       445893       139631        25296        15285         8595         1017          928    #1985
1       312688       203287        25932        20897         8527         4795          951    #1986
1       130651       174285        12981        11871         2557         3702         1745    #1987
1        55890        98339       100511         9624         2788         3386          966    #1988
1       210707       122567        41580        57475         3384         1571          807    #1989
1       340312        46865        35705         9758         8953         2070          746    #1990
1       178869        68955        33673        18822         9203         5729         1138    #1991
1        77277        97244        12768         4615         8338         1983         1376    #1992
1       442317        27742        67717         8306         4833         3149          883    #1993
1       118387       118161        27240        28824         4716         1495         1947    #1994
1       220880        70662        33186        18154         9199         1522         1392    #1995
1       163414       108790        25336        13808        11494         1120          521    #1996
1       302222       140225       173139         9046         9283         6216         1527    #1997
1        54021        78839        32258        58048         6638         9686         2179    #1998
1       119426        31788        41769        16630        28436         4717         2018    #1999
1        37677        53036        20064        25158        10690        15264         3318    #2000
1       143054       103560        46693        21511        16313         2645         5251    #2001
1       185913       110765        24084        30208         5229         7854         5342    #2002
1       169269       143713        43106        14901        19470         5692        12847    #2003
1       200545        51430        58947        52659         4718         6625         1372    #2004
1        88789        60669        27781        89946        38734         6193         9600    #2005
1       175600       216820        78206        53920        57029         7757         3941    #2006
1       191847        31098        90594        36909        18147         9112         5211    #2007
1        48093        94798        22970        37844        10029        11657         7314    #2008
1        76306        49672        32798        15382        54198         5609         4078    #2009
1        56933        51344        19475        14454         6629        16374         4191    #2010
1        72923        60974        22600        10272        22668         4615         6246    #2011
1        93034        50631        31180         6383         4660         6400         1610    #2012
1       191707       112505        45834        26083        29300         3963         4637    #2013
1        50993       161860        32467         5801        14816         7444         2460    #2014
1        71478        87702        34812        21485         5627        14772         3065    #2015
1       149467        69941        24646        22890         9289         4482         4638    #2016
1        59671       274308        23230        14474        12242        10853         2178    #2017
1        22578        18119        39295        21496         6287        13684         5994    #2018
1        49416        63535       143956        15263        28424         2478         4745    #2019
###    MAC   #####################################################
##  MAC   fleet; 1    Recruitment_index  age  0 - 0  timing: 0 0 ,  1998 - 2019 
# 1e-07        0.010    #1998
# 1e-07        0.015    #1999
# 1e-07        0.010    #2000
# 1e-07        0.016    #2001
# 1e-07        0.021    #2002
# 1e-07        0.010    #2003
# 1e-07        0.023    #2004
# 1e-07        0.030    #2005
# 1e-07        0.027    #2006
# 1e-07        0.018    #2007
# 1e-07        0.016    #2008
# 1e-07        0.012    #2009
# 1e-07        0.018    #2010
# 1e-07        0.030    #2011
# 1e-07        0.022    #2012
# 1e-07        0.024    #2013
# 1e-07        0.018    #2014
# 1e-07        0.020    #2015
# 1e-07        0.034    #2016
# 1e-07        0.035    #2017
# 1e-07        0.031    #2018
# 1e-07        0.034    #2019
##  MAC   fleet; 2    Swept_area  age 3- 10  timing: 0.58 0.75 ,  2010 - 2020 
1  1617005.000  4034471.000  3055606.000  1588534.000   690319.000   412393.000   198106.000    65687.000  #  24747.000    #2010
1           -1           -1           -1           -1           -1           -1           -1           -1  #         -1    #2011
1  1242189.000  2444941.000  2113792.000  2884494.000  1792843.000   715555.000   290000.000   123824.000  #  91429.000    #2012
1  9201746.000  2456618.000  3073772.000  3218990.000  2540444.000  1087937.000   377406.000   144695.000  # 146826.000    #2013
1  7034162.000  4896456.000  2659443.000  2630617.000  2768227.000  1910160.000   849010.000   379745.000  #  95304.000    #2014
1  2543365.000  6374611.000  4782516.000  1794791.000  1602818.000  1250432.000   691113.000   255801.000  #  70676.000    #2015
1  1396303.000  2662812.000  5307254.000  4401080.000  1889979.000  1652072.000  1097942.000   737295.000  # 426843.000    #2016
1  3483803.000  1988819.000  3337234.000  4514860.000  4625242.000  1841291.000  2009411.000   648952.000  # 544124.000    #2017
1   496241.000  2382609.000  1199685.000  1407577.000  2328858.000  1786228.000  1049119.000   498939.000  # 557175.000    #2018
1  3814661.000  1211770.000  2920591.000  2856932.000  1948653.000  3906891.000  3824410.000  1499778.000  #1248160.000    #2019
#1  1430995.000  3361778.000  2134411.000  2528651.000  2525460.000  2032783.000  2904239.000  3835479.000 # 1495649.000    #2020
##  MAC   Stock number with lnorm dist 0.5  error, age  1 - 9  timing: 0 0.01 
1      5773027      1828422      1177903      2400600      6145735      1966192       973482       190155      1461999    #1980
1      5097813      2451290      1233766       510931      1414678      8318294       657751       499031       364103    #1981
1      1847444      1465241      1300159      1916709       227407      1120294      3789636       990766       185781    #1982
1      8416002      3565038      3950965      3598634      1939006       650492       701822       773857       243537    #1983
1      3738404      1204043      5642681      5355537      3527295       460422       234981       535749       680400    #1984
1      4313330      1639029      1079455      7683899      2286523       964851       111487       419171       289526    #1985
1      5557722      3575302      2977081      1473665      3320608      2849897       595288       190913       288175    #1986
1      3608306      2073597      4915993       961880       436052      1443254      1058734      1363033       160014    #1987
1      3797819      2174959      1407937      2515100       423924       758560       765110      1945017       426792    #1988
1      3945813      8778975      1991912      2252826      1910587       342216       217278      1441310       455901    #1989
1      7300029      2563734      1391243      2075213      1833392      1768395       120813       695660       872551    #1990
1      1681119      2023275      1583487      1508739       521188       870145      1834980        47241       206237    #1991
1      3154541      1778389       718955      1347882      2391028       550915       362098       273419       105341    #1992
1      4917334      3547762      1950266      3759515       760240      1579783       208256       543601       329259    #1993
1       898163      2819772      1880407       475628      1208072       782203       330766       503170       455070    #1994
1      2336924      1451490      1081739      1093808       432250       614512       336397       657455       104838    #1995
1      1665760      2885113      2643795      2963651      1495061       451400       661625       234067       102028    #1996
1      3193474      2635073      1510446       738377      1287134      1082564       511513       189047       141638    #1997
1      2744552      2417097       728816      2178369      3034006       953742       287399       364177       125944    #1998
1      5027474      1303696      2231576      1786904      1607602       555265      1036977       314782       150174    #1999
1      3595773      3932451      3333396      1724232       952424       369097       869229       414056       119134    #2000
1      1372130      2329614      1843313      1460053       547632       384813       392362       349340       270453    #2001
1      4249647       667214      3276346       974598       687621       670498       425882       166808       134355    #2002
1      8751437      2863962       654542      3876364      1937630       571782       894834       271827       148752    #2003
1      1915740      3860051      3606510      1682292      1467099      1264520       405270       119450        69430    #2004
1      4903314      3901946      4157368      1697598       690344       517964       500936        61556       178518    #2005
1      4499413      2439937      1051417      1872854       779776       252044       226580       111038        69406    #2006
1      3846188      6519197      2207317      1162689      1977626       714609       279746       132583        50054    #2007
1      6464979      4999507      3459011      1440244       427825      1162012       276145       125880       244924    #2008
1      2745999      5000213      2824916      5354150      5112362      1124332       857210       178200        75808    #2009
1      3786786      2472960      3064395      6073185      3309179       687151       463246       416428       150325    #2010
1      8390034      5018297      5746994      4589465      2488335      1613227       613275       767527        98823    #2011
1      5575870      4734042      4336510      1418606      7661231      1774109       970960       318113       322232    #2012
1      6482158      3184138      7518623      3529496      2763335      1877695      1156090       517050       344436    #2013
1      1843411      5580260      7383313      8636727      2316715      1459710      1612947       544443       849555    #2014
1      7289669      3372429      3102453      3580398      4855660      1256990      1063023      1358790       331929    #2015
1      6342830      5325407      1416290      1677497      2364961      1474413      2139632      1155207      1385683    #2016
1      9534296       968248      2488595      1664863      1127106      5942488      2223052      2596438       646426    #2017
1      3054715     10247927      1362356      3555653      1851654      2439821      1443197      2236595       526853    #2018
1      6715753      2785876      2678969       997432      2444444      1333471      1576237      1568770       909974    #2019
#1      5120026      5675157      2721903      2455637       617923      1163587       875707       740905      1236920    #2020
###    HER   #####################################################
##  HER   fleet; 1    HERAS   age  1 - 7  timing: 0.54 0.56 ,  1989 - 2019 
1.0           -1      4090000      3903000      1633000       492000       283000       120000    #    66000    #1989
1.0           -1      3306000      3521000      3414000      1366000       392000       210000    #   176000    #1990
1.0           -1      2634000      1700000      1959000      1849000       644000       228000    #   145000    #1991
1.0           -1      3734000      1378000      1147000      1134000      1246000       395000    #   218000    #1992
1.0           -1      2984000      1637000       902000       741000       777000       551000    #   296000    #1993
1.0           -1      3185000       839000       399000       381000       321000       326000    #   350000    #1994
1.0           -1      3849000      2041000       672000       299000       203000       138000    #   212000    #1995
1.0           -1      4497000      2824000      1087000       311000        99000        83000    #   339000    #1996
1.0      9361000      5960000      2935000      1441000       601000       215000        46000    #   237000    #1997
1.0      4449000      5747000      2520000      1625000       982000       445000       170000    #   166000    #1998
1.0      5087000      3078000      4725000      1116000       506000       314000       139000    #   141000    #1999
1.0     24736000      2923000      2156000      3140000      1007000       483000       266000    #   217000    #2000
1.0      6837000     12290000      3083000      1462000      1676000       450000       170000    #   157000    #2001
1.0     23055000      4875000      8220000      1390000       794600      1031000       244400    #   270500    #2002
1.0      9829400     18949400      3081000      4188900       675100       494800       568300    #   323200    #2003
1.0      5183700      3415900      9191800      2167300      2590700       317100       327600    #   527650    #2004
1.0      3114100      2055100      3648500      5789600      1212900      1174900       139900    #   233200    #2005
1.0      6822800      3772300      1997200      2097500      4175100       618200       562100    #   154700    #2006
1.0      6261000      2750000      1848000       898000       806000      1323000       243000    #   217000    #2007
1.0      3714000      2853000      1709000      1485000       809000       712000      1749000    #   455000    #2008
1.0      4655000      5632000      2553000      1023000      1077000       674000       638000    #  1720000    #2009
1.0     14577000      4237000      4216000      2453000      1246000      1332000       688000    #  2729000    #2010
1.0     10119000      4166000      2534000      2173000      1016000       651000       688000    #  1737000    #2011
1.0      7437000      4719000      4067000      1738000      1209000       593000       247000    #   696000    #2012
1.0      6388000      2683000      3031000      2895000      1546000       849000       464000    #   842000    #2013
1.0     11634000      4918000      2827000      2939000      1791000      1236000       669000    #   461000    #2014
1.0      6714000      9495000      2831000      1591000      1549000       926000       520000    #   496000    #2015
1.0      9034000     12011000      5832000      1273000       822000       909000       395000    #   366000    #2016
1.0      3054000      1761000      6095000      3142000       787000       365000       298000    #   293000    #2017
1.0      9938000      4254000      1692000      5150000      2440000       719000       529000    #   404000    #2018
1.0     10146000      1303000      2345000      1212000      3506000      1657000       395000    #   424000    #2019
##  HER   fleet; 2    IBTS-Q1   age  1 - 1  timing: 0.1008259 0.1008259 ,  1984 - 2020 
1e-02    957324.04    #1984
1e-02   1473182.86    #1985
1e-02   1662158.65    #1986
1e-02   3221178.00    #1987
1e-02   1464181.96    #1988
1e-02   1677569.12    #1989
1e-02    768368.17    #1990
1e-02   1085665.91    #1991
1e-02   1147215.63    #1992
1e-02   1838663.39    #1993
1e-02   2812005.27    #1994
1e-02   2266363.41    #1995
1e-02   1277319.76    #1996
1e-02   1350215.15    #1997
1e-02   1804583.10    #1998
1e-02    698806.55    #1999
1e-02   2096595.65    #2000
1e-02   1605574.73    #2001
1e-02   1820054.74    #2002
1e-02   1426762.35    #2003
1e-02    771457.83    #2004
1e-02    925583.44    #2005
1e-02    717821.16    #2006
1e-02    883302.70    #2007
1e-02    774710.14    #2008
1e-02    732798.47    #2009
1e-02    916572.84    #2010
1e-02   1613672.60    #2011
1e-02    824527.57    #2012
1e-02    505955.08    #2013
1e-02   1645682.27    #2014
1e-02   1943845.82    #2015
1e-02    558363.00    #2016
1e-02   1361550.71    #2017
1e-02    689636.30    #2018
1e-02    970111.93    #2019
1e-02   1145081.14    #2020
##  HER   fleet; 3    IBTS0   age  0 - 0  timing: 0.08 0.17 ,  1992 - 2020 
1e-05       164.09    #1992
1e-05       195.76    #1993
1e-05       155.14    #1994
1e-05       170.47    #1995
1e-05       106.26    #1996
1e-05       134.68    #1997
1e-05        51.72    #1998
1e-05       255.42    #1999
1e-05       109.82    #2000
1e-05       341.30    #2001
1e-05       150.70    #2002
1e-05        70.84    #2003
1e-05        43.88    #2004
1e-05        82.06    #2005
1e-05        64.42    #2006
1e-05        50.92    #2007
1e-05        39.53    #2008
1e-05        99.18    #2009
1e-05        74.10    #2010
1e-05        77.63    #2011
1e-05        65.08    #2012
1e-05        61.18    #2013
1e-05       113.80    #2014
1e-05        21.76    #2015
1e-05        81.69    #2016
1e-05        27.83    #2017
1e-05       102.11    #2018
1e-05        51.63    #2019
1e-05        62.41    #2020
###    NSA   #####################################################
##  NSA   fleet; 1    NSA_dredge  age  0 - 2  timing: 0.7 0.9 ,  2004 - 2019 
1e-03        13609         2186          338    #2004
1e-03        54940         4782          714    #2005
1e-03        95462         2189           -1    #2006
1e-03        28466         6799          424    #2007
1e-03        30830         2797         2445    #2008
1e-03        52148         9373         2158    #2009
1e-03         3641         6709         1312    #2010
1e-03         4345         2654         8948    #2011
1e-03        74217          780         1240    #2012
1e-03       104460        19461          481    #2013
1e-03       116290         6080         1795    #2014
1e-03         3794        14434         2216    #2015
1e-03       357644          800         5435    #2016
1e-03         7176        25764         1338    #2017
1e-03       106002         9367        26525    #2018
1e-03       173806        19696         8687    #2019
# NSA  Quarter: 2 efort age1-3 
        2178E-04      3742197      2267869       591433    #1982
        1646E-04      5089102      1087836        79685    #1983
        2180E-04      9791099      1378954       127872    #1984
        1655E-04      1794279      2197458       668850    #1985
        4215E-04     30558467      3319630       255356    #1986
        5410E-04     34732304     14370299       463344    #1987
        6874E-04      7013977     18449143       938755    #1988
       10353E-04     57795333      2263424      3452767    #1989
        4738E-04     12267206      3658345       541214    #1990
        6743E-04     33902452      1897015       735478    #1991
        3765E-04     13001954      5342511       640153    #1992
        4855E-04     16487649      1528473       523162    #1993
        6546E-04     33670833      8242366      5233831    #1994
        7089E-04     37698120      3992665       690764    #1995
        4378E-04      6159493      5280220      1035298    #1996
        7699E-04     78711446      3457078      2188378    #1997
        8116E-04      4618667     31136708      2772486    #1998
# new fleet
        2733E-04      6730169      2287671      3077916    #1999
        5415E-04     29924673      4001264       877265    #2000
        2170E-04      7037451      2486030       364347    #2001
        3111E-04     14983151      3270281       683799    #2002
        1332E-04      1349429      1035167       286126    #2003
        2235E-04      7313902       691887       182499    #2004
         699E-04      2433146       265991        29180    #2005
         426E-04      1461072       104489        45830    #2006
        1527E-04     10316815       625356        87946    #2007
        1687E-04      5358542      2304279       511434    #2008
         358E-04      2199458       354749        38513    #2009
        1515E-04      4875183       792106      1045223    #2010
        1036E-04      1529524      5466883       834647    #2011
         635E-04        37884       231729      1178081    #2012
         710E-04      2245840       520869       118415    #2013
        1625E-04      7827449      4324857       951924    #2014
        1742E-04      8055957      2502112      1022003    #2015
         690E-04       359317      2188028       428825    #2016
       -2182E-04            -1           -1           -1    #2017
        1796E-04       727507      7691416       301599    #2018
        2039E-04      8310638       905800      4479731    #2019
# NSA Commercial, old North&south assessment, 2 half year
 # First and last year: 1976 2004
 # First and last age: 0 0
 2.40E-5 6126                                  #1976 
 4.20E-5 3067                                  #1977 
 1.90E-5 7820                                  #1978 
 4.80E-5 44203                                 #1979 
 2.40E-5 8349                                  #1980 
 2.30E-5 9128                                  #1981 
 0.40E-5 6530                                  #1982 
 0.60E-5 7911                                  #1983 
 0.600E-5 200  # org 0                         #1984 
 0.400E-5 349                                  #1985 
 2.700E-5 7105                                 #1986 
 1.830E-5 455                                  #1987 
 2.430E-5 13196                                #1988 
 2.350E-5 3380                                 #1989 
 2.260E-5 12107                                #1990 
 2.470E-5 13616                                #1991 
 0.710E-5 6797                                 #1992 
 2.950E-5 26960                                #1993 
 1.730E-5 457                                  #1994 
 1.490E-5 4046                                 #1995 
 3.270E-5 31817                                #1996 
 2.190E-5 2431                                 #1997 
 3.340E-5 35220                                #1998 
 3.050E-5 33653                                #1999
 0.30E-5 200  # org 0                          #2000
 2.11E-5 46385                                 #2001
 0.29E-5 200  # org 0                          #2002
 1.34E-5 7510                                  #2003
 1.04E-5 2961                                  #2004
 ############################################################################
#      1      half      year.      Norwegian      acoustic      survey           
 #effort       age 1     age 2     age 3     age 4
 1.00E-01      7709059   4923332   945294    64034       #      2009
 1.00E-01      16852057  6133597   1123186   608574      #      2010
 1.00E-01      816160    8622197   855812    192373      #      2011
 1.00E-01      846678    211313    3226290   368161      #      2012
 1.00E-01      2154468   258250    72615     554478      #      2013
 1.00E-01      21889619  1711096   170414    80340       #      2014
 1.00E-01      9466601   2254918   686546    7025        #      2015
 1.00E-01      79554     6317384   679130    259099      #      2016
 1.00E-01      35267582  131653    3465875   631089      #      2017
 1.00E-01      1544390   16989620  79820     440330      #      2018
 1.00E-01      9564520   464240    15573730  214530      #      2019
###    SSA   #####################################################
##  SSA   fleet; 1    SSA_dredge  age  0 - 2  timing: 0.7 0.9 ,  2004 - 2019 
1e-04       175895        11592          229    #2004
1e-04       321452         5353         1071    #2005
1e-04       146028        20982           47    #2006
1e-04       503473        10326         1676    #2007
1e-04        43075        22912         1379    #2008
1e-04       640079        11254         6665    #2009
1e-04        59058       183974         5556    #2010
1e-04        88600        37233        23221    #2011
1e-04       191382         6225        12507    #2012
1e-04       118318        21786         2957    #2013
1e-04       274731         9680         2691    #2014
1e-04        33390        20035         1219    #2015
1e-04       403160        11110         9028    #2016
1e-04        25500        66101         1511    #2017
1e-04       188147        15754         9145    #2018
1e-04       280298        10077         2275    #2019
# SSA  Quarter: 2 efort age1-3 
        9889E-04     61026025      6717234      3536693    #1982
        8604E-04      2214067     34747565       926496    #1983
        9121E-04     53006259      1913726     11252670    #1984
       10398E-04      7219313     36421852      2307585    #1985
        7762E-04     53190517      8940064      1955525    #1986
        4893E-04      4995626     26144657      1329564    #1987
        9062E-04      2402363     10302856     18320961    #1988
       10333E-04     74548159      7590010      1605224    #1989
        9932E-04     20421101     16870002      2496598    #1990
        5807E-04     19178231      8819424      1262103    #1991
        9336E-04     61080742     10144524      1014351    #1992
        5415E-04      3919516     12321795      3735881    #1993
        3543E-04     24185714      3057933      2384643    #1994
        6077E-04     39744892      7969463      1175800    #1995
        5572E-04     11210913     14667407      5400311    #1996
        5010E-04     46381367      2704537      4204114    #1997
        7538E-04     11564718     33945858      2598875    #1998
# new fleet
        8857E-04     45503778      6032487     11497382    #1999
        6724E-04     34855907      3627909       846037    #2000
        9061E-04     58690709     13072283      1631697    #2001
        8493E-04     87197327     11457256      1574602    #2002
        7483E-04      7979206     15785424      3816849    #2003
        7984E-04     35486821      1257488      2828275    #2004
# new fleet
        3782E-04     11796170      4957305       333010    #2005
        4437E-04     34555213      2802291       897055    #2006
        1677E-04     10826911      4846387       345162    #2007
        2959E-04     27763301      4128078      1244225    #2008
        3555E-04     19150593     14609441      1567367    #2009
# new fleet
        3082E-04     42347803      2259759      1277532    #2010
        3659E-04      2069584     33964727      1538091    #2011
         946E-04       628986       609991      3821121    #2012
        4101E-04     19060334      8254098      2468253    #2013
        2440E-04      9761294      3836479       452616    #2014
        2703E-04     26419569      2487832      1105668    #2015
         401E-04       403868      1560320       211126    #2016
       -2783E-04           -1           -1           -1    #2017
        2973E-04      2282055     15690413      1126749    #2018
        2408E-04      5561800       886293      2029956    #2019
###    NOP   #####################################################
##  NOP   fleet; 1    EGFSQ3  age  0 - 1  timing: 0 1 ,  1992 - 2020 
1e-04         2975         6116    #1992
1e-04         3706         3582    #1993
1e-04         9487         1148    #1994
1e-04         5478         8374    #1995
1e-04         8241         1326    #1996
1e-04          441         6295    #1997
1e-04         1391          377    #1998
1e-04        10985         1175    #1999
1e-04         2267         9730    #2000
1e-04         2243         1434    #2001
1e-04         4939         1137    #2002
1e-04          323          572    #2003
1e-04          278          557    #2004
1e-04         3395          414    #2005
1e-04         1813         1996    #2006
1e-04         1610         1181    #2007
1e-04          628         1340    #2008
1e-04         4871         3500    #2009
1e-04          103         4257    #2010
1e-04          290          555    #2011
1e-04         3946          505    #2012
1e-04          498         2592    #2013
1e-04        10157          483    #2014
1e-04         1415         4320    #2015
1e-04         7199         1710    #2016
1e-04         1280         5061    #2017
1e-04         5096          586    #2018
1e-04         4286         1308    #2019
#1e-04         3126         5343    #2020
##  NOP   fleet; 2    IBTSQ1  age  1 - 3  timing: 0 1 ,  1984 - 2020 
1e-04         5000          956           89    #1984
1e-04         2342         1401           98    #1985
1e-04         2066          386           19    #1986
1e-04         3171          475           63    #1987
1e-04          123          710           25    #1988
1e-04         2017          254          170    #1989
1e-04         1295          712           70    #1990
1e-04         2428          693          157    #1991
1e-04         5060          860           33    #1992
1e-04         2574         2643          346    #1993
1e-04         1532          372           99    #1994
1e-04         5951          757           85    #1995
1e-04          915         2626          233    #1996
1e-04         9633         1557          674    #1997
1e-04         1009         5332          268    #1998
1e-04         3522          601          668    #1999
1e-04         8034         1563           98    #2000
1e-04         1306         2805          288    #2001
1e-04         1784          812          864    #2002
1e-04         1241          573           94    #2003
1e-04          903          364           37    #2004
1e-04          698          123           38    #2005
1e-04         3400          113           23    #2006
1e-04         1287          769           31    #2007
1e-04         2438          461          154    #2008
1e-04         5553         1582          123    #2009
1e-04         4954         1439          143    #2010
1e-04          545         2126          347    #2011
1e-04         1002          327          527    #2012
1e-04         4469          508          102    #2013
1e-04          818          936           48    #2014
1e-04         6638          570          130    #2015
1e-04         2404          909           41    #2016
1e-04         4332          421          173    #2017
1e-04         1139          850          147    #2018
1e-04         3892          303           55    #2019
1e-04         6099         1124           83    #2020
##  NOP   fleet; 3    IBTSQ3  age  2 - 3  timing: 0 1 ,  1991 - 2019 
1e-04          486            6    #1991
1e-04          741          151    #1992
1e-04          921           92    #1993
1e-04          114           21    #1994
1e-04          860          134    #1995
1e-04          419           41    #1996
1e-04          345           76    #1997
1e-04          745           23    #1998
1e-04          230          106    #1999
1e-04          590           14    #2000
1e-04          938           57    #2001
1e-04           76           52    #2002
1e-04          193            8    #2003
1e-04          209           14    #2004
1e-04          104           18    #2005
1e-04          197           14    #2006
1e-04          430           40    #2007
1e-04          267           98    #2008
1e-04          358           14    #2009
1e-04          812           37    #2010
1e-04         1114           64    #2011
1e-04          217          139    #2012
1e-04          186           18    #2013
1e-04          253           13    #2014
1e-04          191           47    #2015
1e-04          279           14    #2016
1e-04          158           25    #2017
1e-04          201            7    #2018
1e-04          134           19    #2019
##  NOP   fleet; 4    SGFSQ3  age  0 - 1  timing: 0 1 ,  1998 - 2020 
1e-04         2628          938    #1998
1e-04         3603         1784    #1999
1e-04         2094         6656    #2000
1e-04          759          727    #2001
1e-04         2559         1192    #2002
1e-04         1767          779    #2003
1e-04          731          719    #2004
1e-04         3073          343    #2005
1e-04         1127         1285    #2006
1e-04         5003         1023    #2007
1e-04         3456         1263    #2008
1e-04         5835         1750    #2009
1e-04         1449         5101    #2010
1e-04         1895          226    #2011
1e-04        10067         1070    #2012
1e-04         1754         2888    #2013
1e-04        24896          537    #2014
1e-04        10208         6568    #2015
1e-04        14830         1696    #2016
1e-04         7478         1906    #2017
1e-04        20632          674    #2018
1e-04        17856         3888    #2019
#1e-04        36298         3417    #2020
###    SPR   #####################################################
##  SPR   fleet; 1    Acoustic  age  1 - 3  timing: 0 1 ,  2006 - 2019 
1e-04        21923        21368         1413    #2006
1e-04        42862         5837         2252    #2007
1e-04        17188         7868          840    #2008
1e-04        47690        16920         2815    #2009
1e-04        20328        14087         1174    #2010
1e-04        26581        14207         3412    #2011
1e-04        22036        12831         4693    #2012
1e-04         9346         6342         2049    #2013
1e-04        59020        20274         3982    #2014
1e-04        27082        22676        10142    #2015
1e-04        58604        33989         8160    #2016
1e-04        38135         3664         1465    #2017
1e-04       109180        10113          779    #2018
1e-04        93775        28020         5275    #2019
##  SPR   fleet; 2    IBTS_Q1  age  1 - 3  timing: 0 1 ,  1983 - 2020 
1e-04         2526         5513         5742       #   471    #1983
1e-04         6192         5537         1002       #   257    #1984
1e-04         3746         2924          751       #   193    #1985
1e-04         1163         1373          393       #   100    #1986
1e-04         5033          861          251       #    98    #1987
1e-04         2487         7899          771       #   151    #1988
1e-04         7450         1549         1149       #   113    #1989
1e-04         3601         1859          476       #   212    #1990
1e-04        14122         1763          334       #    76    #1991
1e-04        18821         2815          370       #    96    #1992
1e-04        18632        12249         1032       #   107    #1993
1e-04        11953         8873         1320       #    83    #1994
1e-04        22589        22571         2634       #   104    #1995
1e-04         6047         9670         1997       #   283    #1996
1e-04         5993         2701         1681       #   275    #1997
1e-04        10729        11041         1808       #   161    #1998
1e-04        51834         5837          738       #    53    #1999
1e-04        20174        11644         1504       #   250    #2000
1e-04        19979        13091         2391       #   140    #2001
1e-04        11920         9690          877       #   104    #2002
1e-04        24931         5894          664       #    55    #2003
1e-04        40844         6853         1066       #    91    #2004
1e-04        89183         6755          291       #    27    #2005
1e-04        12304        14170          587       #    77    #2006
1e-04        19178        10356         1629       #   125    #2007
1e-04        15270         8031          474       #    85    #2008
1e-04        41336         3120          340       #    38    #2009
1e-04        32883        24897         1187       #   176    #2010
1e-04        10783         9262         2062       #   476    #2011
1e-04        33566        31433         2451       #   367    #2012
1e-04        11378        11168         2032       #   293    #2013
1e-04        38866         4436          507       #    99    #2014
1e-04        77272        34607         3171       #   267    #2015
1e-04        21123        34099         6758       #   378    #2016
1e-04       103171        17074         1280       #   151    #2017
1e-04       104409        15475          946       #   114    #2018
1e-04        60972        25120         2261       #    96    #2019
1e-04        73162        22193         4215       #   400    #2020
##  SPR   fleet; 3    IBTS_Q3  age  1 - 3  timing: 0 1 ,  1992 - 2019 
1e-04        14556         2633          105    #1992
1e-04         5768         3015          218    #1993
1e-04        16469         1326           95    #1994
1e-04        30623         7433          455    #1995
1e-04         2317         2220          216    #1996
1e-04        13081         1172          200    #1997
1e-04         2676         1108          118    #1998
1e-04        13793         1720           83    #1999
1e-04         8213         3229          134    #2000
1e-04         8998         2277          187    #2001
1e-04        10011         1319          102    #2002
1e-04        11610         1273           66    #2003
1e-04        14371         1945          123    #2004
1e-04        52835         2266          102    #2005
1e-04         9341         5459          155    #2006
1e-04        10550         1552          185    #2007
1e-04         7894         2085          131    #2008
1e-04        35253         3033          338    #2009
1e-04        35356         9423          428    #2010
1e-04        16742         8341         1192    #2011
1e-04        11470         5231          576    #2012
1e-04         9052         3060          415    #2013
1e-04        63182         3574          216    #2014
1e-04        59776        18620          654    #2015
1e-04        27891         4267          482    #2016
1e-04        27755         2886          173    #2017
1e-04        18710         3124          201    #2018
1e-04        40211         8469          521    #2019
###    PLE   #####################################################
##  PLE   fleet; 1    BTS_Isis   age  1 - 8  timing: 0.66 0.75 ,  1985 - 1995 
1e-04      136.759      173.893       36.059       10.997        1.273        0.973        0.336        0.155    #1985
1e-04      667.441      131.704       50.173        9.208        3.780        0.400        0.418        0.147    #1986
1e-04      225.822      764.186       33.841        4.880        1.842        0.607        0.252        0.134    #1987
1e-04      680.173      146.993      182.312        9.991        2.810        0.814        0.458        0.036    #1988
1e-04      467.877      319.272       38.660       47.305        5.850        0.833        0.311        0.661    #1989
1e-04      185.344      146.071       79.339       26.351        5.469        0.758        0.189        0.383    #1990
1e-04      291.378      159.424       33.955       13.569        4.313        5.659        0.239        0.204    #1991
1e-04      360.890      174.526       29.253        5.961        3.748        2.871        1.186        0.346    #1992
1e-04      188.988      283.400       62.783        8.272        1.128        1.130        0.584        0.464    #1993
1e-04      193.260       77.139       34.458       10.586        2.667        0.600        0.800        0.895    #1994
1e-04      265.634       40.618       13.218        7.527        1.110        0.806        0.330        1.051    #1995
##  PLE   fleet; 2    BTS_Combined   age  1 - 9  timing: 0.6450381 0.6450381 ,  1996 - 2019 
1e-02    23091.769    23553.786     5082.182     1843.874     1408.319      580.875      243.672      136.734       62.139    #1996
1e-02    20419.383     9728.237     3985.167     1332.773      474.367      312.445       71.002      174.361       26.012    #1997
1e-02    33558.901    87255.143     9738.170     2724.333      655.553      379.033      223.229      188.712       72.354    #1998
1e-02    36213.653     8495.522    12448.045     2325.808      848.930      319.828      103.435       95.773       48.064    #1999
1e-02    39524.208    22614.769     9249.780    10118.783      632.316      218.765      108.238       95.269       16.992    #2000
1e-02    28685.173    20774.421     7088.833     3585.819     3593.007      284.668       92.723       73.990       58.034    #2001
1e-02   120675.026    16881.559     7257.762     3995.120     2232.566     1632.196      284.329      139.167       46.976    #2002
1e-02    29807.166    46913.306     7067.080     3590.277     1695.793      975.328      958.171       76.526       56.244    #2003
1e-02    41466.144    15120.298    17968.138     3129.432     1614.712      931.915      531.931      825.206       49.589    #2004
1e-02    39068.826    29087.867     4915.791     7303.826     1047.131     1106.851      381.935       89.456      886.734    #2005
1e-02    44088.643    19019.617     9326.689     2457.471     3939.308      641.261      764.878      110.502      148.516    #2006
1e-02    66955.633    22749.143    11059.434     7956.227     1748.390     2635.091      307.880      633.697       77.697    #2007
1e-02    67826.822    43424.241    12161.533     6384.275     4438.294      963.823     1559.166      294.995      468.623    #2008
1e-02    59008.655    25442.669    19830.722     5376.938     3287.875     2521.635      655.753     1456.391      284.822    #2009
1e-02    70879.180    28173.439    14169.823    10387.294     3154.929     1748.264     1765.342      607.987     1007.480    #2010
1e-02   113837.890    41772.623    18603.944     9393.201     6203.635     1994.161      902.648     1577.677      232.930    #2011
1e-02    51593.889    61727.971    38602.553    14123.672     6915.760     4489.196     1401.143     1101.357     1542.886    #2012
1e-02    76878.205    52494.484    39866.566    19959.388     7362.278     4378.249     3188.320     1273.462      790.292    #2013
1e-02   125983.438    60773.047    27631.646    21128.187     8739.051     3719.001     2214.388     1737.698      993.695    #2014
1e-02    46705.170    67615.550    35379.942    17480.246    13184.716     6823.634     2296.064     1655.645     1545.060    #2015
1e-02    74804.781    31826.301    33426.287    18531.662     9621.732     6610.678     3674.668     1680.543     1095.229    #2016
1e-02   122293.934    50536.638    18302.757    20148.018    10498.871     5087.690     3084.182     1940.726      672.040    #2017
1e-02    74604.219    70950.156    22422.465    11686.124    11375.773     5516.115     3356.907     1909.400     1604.061    #2018
1e-02   291687.675    58670.426    31581.311     9933.580     6885.156     4932.660     2916.307     2216.341     1223.476    #2019
##  PLE   fleet; 3    SNS1   age  1 - 6  timing: 0.66 0.75 ,  1970 - 1999 
1e-02     15366.00     16509.00      1129.00       160.00        82.00         7.00    #1974
1e-02     11628.00      8168.00      9556.00        65.00        15.00         0.00    #1975
1e-02      8537.00      2403.00       868.00       236.00         0.00         2.30    #1976
1e-02     18537.00      3424.00      1737.00       590.00       213.00         0.00    #1977
1e-02     14012.00     12678.00       345.00       135.00        45.00        13.60    #1978
1e-02     21495.00      9829.00      1575.00       161.00        17.00        42.20    #1979
1e-02     59174.00     12882.00       491.00       180.00        24.00         7.80    #1980
1e-02     24756.00     18785.00       834.00        38.00        32.00         4.70    #1981
1e-02     69993.00      8642.00      1261.00        88.00         8.00         8.70    #1982
1e-02     33974.00     13909.00       249.00        71.00         6.00         1.30    #1983
1e-02     44965.00     10413.00      2467.00        42.00         0.00         0.00    #1984
1e-02     28101.00     13848.00      1598.00       328.00        17.00         1.50    #1985
1e-02     93552.00      7580.00      1152.00       145.00        30.00         6.60    #1986
1e-02     33402.00     32991.00      1227.00       200.00        30.00        16.70    #1987
1e-02     36609.00     14421.00     13153.00      1350.00        88.00        12.10    #1988
1e-02     34276.00     17810.00      4373.00      7126.00       289.00       113.60    #1989
1e-02     25037.00      7496.00      3160.00       816.00       422.00        48.80    #1990
1e-02     57221.00     11247.00      1518.00      1077.00       128.00        74.40    #1991
1e-02     46798.00     13842.00      2268.00       613.00       176.00        52.00    #1992
1e-02     22098.00      9686.00      1006.00        98.00        60.00        58.80    #1993
1e-02     19188.00      4977.00       856.00        76.00        23.00         2.70    #1994
1e-02     24767.00      2796.00       381.00        97.00        38.00         0.00    #1995
1e-02     23015.00     10268.00      1185.00        45.00        47.00         0.00    #1996
1e-02     95901.00      4473.00       497.00        32.00         0.00        13.30    #1997
1e-02     33666.00     30242.00      5014.00        50.00        10.00         0.00    #1998
1e-02     32951.00     10272.00     13783.00      1058.00        17.00         0.00    #1999
##  PLE   fleet; 4    SNS2  age  1 - 6  timing: 0.66 0.75 ,  2000 - 2019 
0.001     22855.00      2493.00       891.00       983.00        17.00         2.00    #2000
0.001     11511.00      2898.00       370.00       176.00       691.00       105.80    #2001
0.001     30809.00      1103.00       265.00        65.00        69.00        30.70    #2002
0.001           -1           -1           -1           -1           -1           -1    #2003
0.001     18202.00      1350.00      1081.00        51.00        27.00        29.70    #2004
0.001     10118.00      1819.00       142.00       366.00         8.00        19.00    #2005
0.001     12164.00      1571.00       385.00        52.00        54.00         0.00    #2006
0.001     14175.00      2134.00       140.00        52.00         0.00         7.40    #2007
0.001     14706.00      2700.00       464.00       179.00        34.00         6.70    #2008
0.001     14860.00      2019.00       492.00        38.00        20.00         0.00    #2009
0.001     11947.00      1812.00       529.00        55.00        10.00         0.00    #2010
0.001     18349.00      1143.00       308.00        75.00        60.00        28.00    #2011
0.001      5893.00      2929.00       682.00        82.00        30.00        15.00    #2012
0.001     15395.00      3021.00      1638.00       428.00        89.00        31.10    #2013
0.001     17313.00      2258.00       514.00       458.00        58.00        16.40    #2014
0.001     16727.00      5040.00      1882.00       478.00       200.00        97.50    #2015
0.001     10385.00      2434.00      1086.00       522.00       223.00       131.70    #2016
0.001     15935.90      1715.50      1211.70       534.10       144.20        70.60    #2017
0.001      9464.90      5250.00       993.10       533.00       489.00        88.40    #2018
0.001     28308.60      1885.60      1533.30       337.90       195.70        61.90    #2019
##  PLE   fleet; 5    IBTS_Q3  age  1 - 9  timing: 0.6257399 0.6257399 ,  1997 - 2019 
1e-03     3420.956     3405.369     1952.691      519.503      214.452      161.807       77.709       54.903       51.559    #1997
1e-03     1057.506     5074.273     1699.675      833.638      316.641      137.695       85.973       92.701       42.734    #1998
1e-03      927.699     2288.471     4306.589      706.615      277.549      133.248       46.758       45.266       31.055    #1999
1e-03      946.962     1758.549     1940.947     2137.438      225.062      124.855       54.368       41.558       12.718    #2000
1e-03     1171.957     3259.838     2085.705     1125.783     1155.832      173.960       79.046       63.570       50.971    #2001
1e-03     6104.163     2848.919     2336.533     1265.514      673.695      434.154      101.868       91.678       43.499    #2002
1e-03     1381.931     4931.054     1668.983     1022.923      462.298      270.605      274.170       50.400       53.983    #2003
1e-03     2517.153     2544.286     4009.573      929.036      608.946      304.577      185.765      228.858       42.749    #2004
1e-03     1966.738     4701.195     1590.991     2293.643      404.933      491.994      231.941       79.370      228.565    #2005
1e-03     2215.124     3053.759     3744.870     1095.499     1228.235      391.516      398.159      153.901       83.684    #2006
1e-03     5646.008     4649.775     3680.639     3189.564      819.311     1295.650      326.193      446.691      115.374    #2007
1e-03     6096.785    10636.877     5013.621     3367.523     2167.253      724.284      727.957      306.895      269.641    #2008
1e-03     2768.328     4979.444     7593.227     2755.310     1696.380     1184.220      448.746      725.432      190.553    #2009
1e-03     3209.093     4914.515     5339.720     4820.846     1609.968     1135.722     1068.807      470.250      649.410    #2010
1e-03     6569.696     8955.221     7309.717     4767.119     3381.827     1261.831      842.243     1043.624      264.974    #2011
1e-03     2428.202    10861.479    11295.869     6269.649     3510.170     2438.905     1095.435      880.885      909.072    #2012
1e-03     2691.789     6778.551     9570.834     6334.523     3314.814     2043.913     1534.960      719.224      474.911    #2013
1e-03     5218.473     8912.197     7676.670     6370.315     3206.309     1484.477     1046.991      753.125      473.791    #2014
1e-03     1696.913     7367.313     8248.865     5977.350     4572.127     2543.182     1280.873      939.966      780.194    #2015
1e-03     3151.016     4915.925     7315.118     5539.400     3060.357     2323.385     1529.721      967.011      754.406    #2016
1e-03     4029.253     4850.091     3488.574     4431.122     2883.924     1750.917     1136.467      872.747      510.670    #2017
1e-03     2181.965     6071.395     3933.415     2476.708     2433.884     1592.646     1222.345      751.127      632.721    #2018
1e-03     5956.203     5398.850     4184.798     2059.145     1333.502     1051.054      738.795      627.550      342.871    #2019
##  PLE   fleet; 6    IBTS_Q1   age  1 - 7  timing: 0.09259261 0.09259261 ,  2007 - 2019 
1e-03      2346.98      5070.89      5616.94      5903.99      2068.81      1056.26       551.07    #2007
1e-03      2487.44     10800.39      7435.03      3425.68      2608.33       705.74       650.19    #2008
1e-03      2869.18      7310.47     12796.29      4152.46      2153.82       888.29       453.05    #2009
1e-03      1428.61      5715.67      9189.43      7834.66      3472.27      1375.15       929.13    #2010
1e-03      1176.57      5836.79      6387.91      6307.74      5085.13      1722.08       904.96    #2011
1e-03      1924.60     13685.64     15248.97      6918.44      4913.60      3242.94      1296.02    #2012
1e-03      1385.67      5075.38     10114.42      6546.92      3246.28      1831.88       932.11    #2013
1e-03      2726.25      7220.52      8900.95      8523.29      4879.69      1770.83      1023.45    #2014
1e-03       868.31      9633.08     10762.79      8509.60      6067.61      2760.72      1186.66    #2015
1e-03      2122.37      5288.88      9433.41      7272.51      5122.44      2394.14      1366.75    #2016
1e-03      1978.14      6622.61      4212.84      6846.72      4546.16      2863.97      1403.39    #2017
1e-03       673.74      5952.25      6103.71      2191.51      3099.95      1817.55      1258.16    #2018
1e-03      4274.03      4258.77      6566.22      3165.88      1715.84      1427.97      1264.30    #2019
###    SOL   #####################################################
##  SOL   fleet; 1    SNS   age  0 - 6  timing: 0.66 0.75 ,  1970 - 2019 
0.001      174.400     2347.900      361.400       65.200        0.000        0.000        4.400    #1974
0.001      577.500      525.400      864.500      177.000       17.500        0.000       17.100    #1975
0.001      464.600     1399.400       73.600      229.100       26.700        5.700        0.000    #1976
0.001     1585.000     3742.900      776.100      103.800       43.100       31.700        3.900    #1977
0.001    10370.500     1547.700     1354.700      294.100       28.000       99.400       13.300    #1978
0.001     3922.700       93.800      408.300      300.800       76.900        0.000       16.700    #1979
0.001     5145.800     4312.900       88.900      109.300       61.300        3.300        0.000    #1980
0.001     3240.700     3737.200     1413.100       50.000       20.000        0.000        0.000    #1981
0.001     2147.000     5856.500     1146.200      227.800        6.700       10.000        0.000    #1982
0.001      769.100     2621.100     1123.300      120.600       39.900        0.000       19.700    #1983
0.001     3334.000     2493.100     1099.900      318.300       74.400        8.000        0.000    #1984
0.001     2713.400     3619.400      715.600      167.100       49.300        4.400        0.000    #1985
0.001      742.000     3705.100      457.600       69.200       31.400       16.700        0.000    #1986
0.001    13610.100     1947.900      943.700       64.800       21.300        0.000        0.000    #1987
0.001      522.700    11226.700      593.800      281.600       81.500       10.200       15.500    #1988
0.001     1743.400     2830.700     5005.000      207.600       53.100       18.200       18.600    #1989
0.001       50.800     2856.200     1119.500      914.300      100.400       49.600       12.500    #1990
0.001     3639.700     1253.600     2529.100      513.800      623.900       27.200       35.800    #1991
0.001      302.900    11114.000      144.400      360.400      194.900      284.800       20.000    #1992
0.001      231.300     1290.800     3419.600      153.800      212.800        0.000      191.700    #1993
0.001     4692.700      651.800      498.300      934.100       10.200       59.300        0.000    #1994
0.001     1374.900     1362.100      223.700      142.800      411.100        7.100       31.100    #1995
0.001     2322.300      218.400      349.100       29.600       35.500       90.000       10.000    #1996
0.001      803.000    10279.300      153.600      189.800       26.500       58.100      230.000    #1997
0.001      327.900     4094.600     3126.400      141.700       98.700        0.000       10.000    #1998
0.001     2187.900     1648.900      971.800      455.600       10.000       20.700        0.000    #1999
0.001       70.000     1639.200      125.900      166.300      118.000        0.000        2.000    #2000
0.001     8340.000      970.300      655.400      106.700       35.500       56.200        0.000    #2001
0.001     1127.700     7547.500      379.000      195.300        0.000       30.800       19.200    #2002
0.001           -1           -1           -1           -1           -1           -1           -1    #2003
0.001      162.000     1369.500      624.400      393.000       68.900       53.100        7.500    #2004
0.001      305.000      568.100      162.900      124.000        0.000       21.300        6.700    #2005
0.001       16.000     2726.400      117.100       25.000       30.000        0.000        0.000    #2006
0.001      466.900      848.600      911.000       33.300       39.500       14.400        0.000    #2007
0.001      754.700     1259.100      258.500      325.300        0.000       10.000        0.000    #2008
0.001     2291.000     1931.600      344.400       61.700      102.700        0.000        0.000    #2009
0.001      333.900     2636.900      237.100       67.100       42.200       23.200        0.000    #2010
0.001      136.300     1248.000      883.900      211.300      111.800        0.000       38.000    #2011
0.001      144.700      226.600      159.500       54.000       18.000        0.000        0.000    #2012
0.001      237.300      967.400      426.600      490.500      179.300       50.800        7.600    #2013
0.001      126.000     2849.000      448.200       44.800       60.000       33.600        0.000    #2014
0.001      109.700     3192.000     2333.900      137.800      159.900      162.400      150.600    #2015
0.001      373.200      733.800      623.300      494.600      109.800       16.700       42.900    #2016
0.001      205.900      956.700      204.300      209.600      209.700       41.600        5.200    #2017
0.001     6574.900     1002.300      482.400      163.100       94.100       82.400        5.700    #2018
0.001       78.400     7896.700      476.300      375.200       60.700        6.700       50.900    #2019
##  SOL   fleet; 2    BTS   age  1 - 10  timing: 0.66 0.75 ,  1985 - 2019 
0.01        876.6        811.5        777.5        425.5        196.8         85.9          0.0          0.0         20.7         47.3    #1985
0.01       3478.1       1732.2        646.2        406.4        276.4        103.5         60.1          0.0         27.3         71.8    #1986
0.01        698.7       2173.2        491.9        178.1        162.8        119.4         97.4         88.4          5.6          6.1    #1987
0.01       7146.8        835.6        766.0        227.0         86.2         81.2         70.2         41.7         15.4         26.9    #1988
0.01       2160.9       6189.9        653.1        554.7        106.9         61.3         53.8          1.9         45.4         35.2    #1989
0.01       2878.8       2580.1       4901.1        379.4        236.7        138.4         38.6         30.1         15.7         25.7    #1990
0.01       1251.8       3401.8       1395.1       1915.3        108.9         56.2         30.5         27.8         21.0         53.5    #1991
0.01      17407.1       3284.4       3673.8        721.1       1109.2         17.0         58.6         12.2          7.3         15.4    #1992
0.01       5203.9      11170.8        591.2       1894.7        731.0       1322.8         50.4         72.1         21.7        100.9    #1993
0.01       3770.0       2731.0       6509.0         79.9        368.2         61.8        347.1         53.5         12.0        101.0    #1994
0.01       7318.7       2405.7       1808.0       1931.3        200.7        270.7         85.0        153.6         24.1         48.8    #1995
0.01       1592.0       2327.6        489.5        485.3        724.4         93.0        108.4         31.9         66.0         30.4    #1996
0.01      16121.7       1059.3        819.8        195.9        219.8        158.9         26.9         15.5         15.1         20.6    #1997
0.01       2802.9       5073.4        190.5        262.5         62.2         58.6        105.7          6.6         15.6         30.7    #1998
0.01       2620.3       1604.7       2006.2         50.7        124.5         21.3         14.8         59.5          9.0         40.6    #1999
0.01       2848.4        878.0        690.8        367.2         73.7         24.3         15.2          2.6         29.4         18.6    #2000
0.01       2083.6       1359.1        460.0        469.7        235.7         31.5          4.0         12.5         10.7         42.1    #2001
0.01       3241.4        650.4        587.0        210.1         98.4        114.5         20.4         17.3          7.3         24.7    #2002
0.01       2874.7       1453.8        393.8        259.7         77.5         57.3         63.0          5.1          4.4         10.3    #2003
0.01        994.4       1123.9        862.3        167.4        131.5         37.1         21.3         10.7          1.1         15.9    #2004
0.01       1625.0        881.2        532.1        371.9         85.3         75.6         32.4         10.7          8.8         15.1    #2005
0.01       4255.4        737.5        241.4        381.4        203.0         50.6         59.2         20.5         20.5          8.9    #2006
0.01       2100.1       3026.1        386.3        116.1        154.4        142.7         28.9         26.8         13.6         14.1    #2007
0.01       2922.0       1456.0       1396.2        211.9         67.3         72.3         92.8         11.4         24.7         14.9    #2008
0.01       3193.4       1261.1        692.7        804.0        117.3         40.3         85.7         61.2         14.2         25.7    #2009
0.01       3580.4       1514.3        481.9        266.4        250.3         79.1         20.8         19.4         19.0         26.6    #2010
0.01       2967.4       2711.3        686.2        233.2        191.1        185.6         28.1         14.7         20.4         27.1    #2011
0.01       1360.9       3901.5       1470.3        344.3        164.4         99.3         58.0         20.3          6.5         22.3    #2012
0.01       1715.0        880.8       2045.9        593.8        191.5         50.9         53.2         46.9         10.7         39.3    #2013
0.01       4037.2       2114.6        445.6        826.9        351.9         79.4         24.2         27.3         16.3          5.7    #2014
0.01       3171.7       2600.5       1389.5        375.4        691.8        224.7        101.9         25.0         20.2         31.3    #2015
0.01       1671.4       2065.2       1383.7        691.1        205.4        356.6        103.0         22.5          2.6         33.5    #2016
0.01       6521.2       1391.7       1257.0        627.7        268.3         88.8        121.4         58.8          2.4         17.3    #2017
0.01       3516.6       2174.6        613.0        599.4        198.0        133.9         45.5         69.7          7.1          5.3    #2018
0.01      15323.3       1908.6       1259.1        337.6        237.4         82.1         67.6         16.2         22.8          9.2    #2019
##  SOL   fleet; 3    ISIS   age  1 - 9  timing: 0.66 0.75 ,  1985 - 2019 
0.1       7030.8       7121.1       3694.8       1654.0        688.1        275.6          0.0          0.0          0.0    #1985
0.1       7167.7       5182.7       1596.2        987.1        622.5        170.7        157.6          0.0         17.7    #1986
0.1       6972.7      12547.7       1834.0        563.4        582.6        221.9        227.6         58.0          0.0    #1987
0.1      83110.9      12512.4       2683.6       1032.0        122.7        149.3        131.6        102.9         14.5    #1988
0.1       9014.9      68084.4       4191.2       4096.2        677.2        127.7        241.8          0.0         51.3    #1989
0.1      37839.3      24487.3      21789.4        777.8       1080.7        770.3        120.2        114.9         24.6    #1990
0.1       4034.9      28840.7       6871.9       6452.9        136.4        135.4         63.4         44.6         13.4    #1991
0.1      81625.2      22284.3      10448.6       2528.7       3018.3         90.1        161.9         78.4         20.4    #1992
0.1       6349.5      42345.2       1337.7       5516.0       3371.0       6199.1         22.6         83.5         52.5    #1993
0.1       7659.7       7120.6      19743.0        123.5       1636.1         87.8        982.9          8.9          0.0    #1994
0.1      28125.3       8458.0       6267.5       5128.9        363.1        805.0        315.6        733.7         39.3    #1995
0.1       3975.3       7633.9       1954.8       1785.0       2585.6        325.8        393.2         51.8        263.7    #1996
0.1     169342.8       4919.4       2985.2        739.0        710.1        379.7         96.5         34.7         41.7    #1997
0.1      17107.7      27422.2       1861.9       1242.4         72.8         15.0        391.5          0.0          0.0    #1998
0.1      11959.8      18363.2      15782.5        584.2       1920.4        309.8        217.9        604.1          2.6    #1999
0.1      14594.2       6143.8       4044.9       1482.8        262.8        141.0         59.8          7.3        150.1    #2000
0.1       7997.9       9963.0       2155.8       1563.8        683.8         74.5         37.0         27.8          0.0    #2001
0.1      20988.8       4181.7       3427.9        886.5        363.1        361.1         32.1         69.0          0.0    #2002
0.1      10507.0       9946.7       2458.6       1669.9        359.5        187.3        319.2          0.0         20.5    #2003
0.1       4191.7       4354.1       3553.3        644.1        626.5        117.9         70.4         73.0          0.0    #2004
0.1       5534.2       3395.5       2377.3       1303.3        166.7        170.9         76.6         47.0          0.0    #2005
0.1      17088.7       2332.3        278.4        708.5        479.0        150.9         88.5          0.0          7.1    #2006
0.1       7497.5      19504.2       1464.2        564.9        314.7        536.7         31.5          8.9          0.0    #2007
0.1      15247.4       9061.9      12297.5       1312.7        221.8        279.4        202.2         28.5         46.7    #2008
0.1      15950.3       4999.5       2857.6       4791.0        252.3        124.2        272.2         79.4          0.0    #2009
0.1      54810.9      10706.7       2026.9        774.0       1251.5        142.6        122.0          5.3         26.7    #2010
0.1      26166.0      17386.7       4006.1       1093.6        777.6        827.7         13.2          0.0        141.1    #2011
0.1       5148.9      18211.7       8863.3       1691.9        763.9        256.6        228.5         46.0          0.0    #2012
0.1       6844.2       3558.0      12566.0       5385.0        870.9        197.3        105.0         77.7         19.0    #2013
0.1      18926.5      15576.4       3373.5       6763.5       3207.9        376.6        100.8         20.0          0.0    #2014
0.1      21099.1      25601.0       9659.5       1293.8       4576.1       1501.5        418.9        121.8        150.3    #2015
0.1       6454.5      11832.3       8416.7       2912.1        415.3       1498.5        471.4         41.7          0.0    #2016
0.1      16279.1       7098.1       5989.4       6300.9       1363.3        198.4        453.4        222.1          8.9    #2017
0.1      16036.7      14347.0       4291.4       3057.0       1377.6        883.5         38.7        199.6         78.2    #2018
0.1      97289.4      10344.9       7683.3       2285.5       1276.0        505.0        303.0        141.5         58.3    #2019
-999 #check