ParName   Value   Gradient
log_rec(16,1974)      2.65571 -3.81005e-06
log_rec(16,1975)      2.12107  -1.8905e-06
log_rec(16,1976)      3.34573  7.66075e-06
log_rec(16,1977)      2.66389  7.11218e-08
log_rec(16,1978)      3.21459 -5.03235e-06
log_rec(16,1979)      2.53519 -7.02715e-07
log_rec(16,1980)      2.66999  -3.2802e-07
log_rec(16,1981)      3.91191   7.8516e-07
log_rec(16,1982)      2.86623 -1.61146e-06
log_rec(16,1983)      2.82825  7.04241e-07
log_rec(16,1984)      2.82656 -2.95441e-06
log_rec(16,1985)      2.60988  1.34919e-06
log_rec(16,1986)      2.38465 -1.50646e-07
log_rec(16,1987)      2.09851 -1.79056e-07
log_rec(16,1988)      1.88376 -3.19749e-06
log_rec(16,1989)      1.75894 -6.57001e-07
log_rec(16,1990)      2.07459 -3.30937e-06
log_rec(16,1991)      2.26741 -5.37777e-07
log_rec(16,1992)      2.02726 -1.82738e-06
log_rec(16,1993)      2.41172 -4.88059e-06
log_rec(16,1994)      2.41717 -4.33348e-06
log_rec(16,1995)      2.32001 -2.94352e-06
log_rec(16,1996)      2.63769  2.27945e-06
log_rec(16,1997)      2.35093 -3.91125e-06
log_rec(16,1998)      2.50696 -5.44752e-06
log_rec(16,1999)       3.1593 -5.84481e-06
log_rec(16,2000)      2.12006 -3.40942e-06
log_rec(16,2001)      2.34766 -4.53922e-06
log_rec(16,2002)      2.64067 -6.48349e-06
log_rec(16,2003)      2.86159 -3.79699e-06
log_rec(16,2004)      2.69436 -3.46764e-06
log_rec(16,2005)      3.06987 -9.06755e-06
log_rec(16,2006)      2.66861 -5.34424e-06
log_rec(16,2007)      2.77479 -1.43766e-06
log_rec(16,2008)      2.89102  -3.5814e-06
log_rec(16,2009)      2.46966 -4.47613e-06
log_rec(16,2010)      2.49752 -1.23464e-05
log_rec(16,2011)      3.12033 -9.62374e-06
log_rec(16,2012)      3.19615 -8.58722e-06
log_rec(16,2013)      3.11863 -3.35721e-06
log_rec(16,2014)      2.84907 -1.32812e-06
log_rec(16,2015)      2.71923  -3.2215e-06
log_rec(16,2016)      2.79449 -9.80102e-07
log_rec(16,2017)      1.98238 -3.01528e-06
log_rec(16,2018)      2.13906 -7.11357e-07
log_rec(16,2019)      2.11991 -9.28577e-07
log_rec(17,1974)      2.89714 -2.40623e-06
log_rec(17,1975)      2.84301 -1.12017e-06
log_rec(17,1976)      2.93672  3.98826e-06
log_rec(17,1977)      2.72375 -7.98859e-07
log_rec(17,1978)      2.69089 -4.19592e-06
log_rec(17,1979)      2.53343 -2.29391e-06
log_rec(17,1980)      2.26167 -1.92972e-06
log_rec(17,1981)      2.62662 -2.77763e-06
log_rec(17,1982)      1.92169  -1.3779e-06
log_rec(17,1983)      2.01357 -2.06754e-07
log_rec(17,1984)      2.07692 -1.03525e-06
log_rec(17,1985)      2.13352  7.98507e-07
log_rec(17,1986)      2.39484  1.45905e-06
log_rec(17,1987)      2.33403 -3.80798e-08
log_rec(17,1988)      2.47503 -1.26091e-06
log_rec(17,1989)      2.11628  1.40194e-06
log_rec(17,1990)      1.95316  -1.0026e-06
log_rec(17,1991)       1.8322  2.53533e-07
log_rec(17,1992)      2.20593  2.98034e-07
log_rec(17,1993)      1.99315 -2.72775e-06
log_rec(17,1994)      1.88918  3.43239e-06
log_rec(17,1995)      1.86322  6.53463e-06
log_rec(17,1996)      1.25418  6.20568e-06
log_rec(17,1997)      1.94364  2.33159e-06
log_rec(17,1998)      2.45143 -2.89706e-06
log_rec(17,1999)       2.2196 -4.80267e-06
log_rec(17,2000)      2.30392 -1.89018e-06
log_rec(17,2001)      2.47606 -1.50502e-06
log_rec(17,2002)      2.14921 -8.00645e-07
log_rec(17,2003)      1.94875  8.20205e-07
log_rec(17,2004)      1.97658  6.52714e-07
log_rec(17,2005)      1.81372 -2.55844e-06
log_rec(17,2006)      1.90566 -2.15958e-07
log_rec(17,2007)        2.083  3.33037e-06
log_rec(17,2008)      1.96357  1.51616e-06
log_rec(17,2009)      1.34448 -1.71265e-06
log_rec(17,2010)      1.97915 -8.79689e-06
log_rec(17,2011)      1.96667 -4.33259e-06
log_rec(17,2012)      1.51859  -6.9711e-08
log_rec(17,2013)      1.72338  8.24965e-07
log_rec(17,2014)      1.85599  3.03389e-07
log_rec(17,2015)      2.21427 -1.86917e-06
log_rec(17,2016)      2.26769  -3.3859e-06
log_rec(17,2017)      1.86235 -1.57362e-06
log_rec(17,2018)      1.56159  2.79893e-07
log_rec(17,2019)      1.90578  6.70149e-08
log_rec(18,1974)      3.09033 -7.93944e-07
log_rec(18,1975)     0.722094  1.21505e-07
log_rec(18,1976)      1.18814  1.00572e-06
log_rec(18,1977)      1.92652 -8.63075e-07
log_rec(18,1978)      2.24815 -1.30878e-06
log_rec(18,1979)      2.90823  4.06188e-06
log_rec(18,1980)      2.17292  1.96908e-06
log_rec(18,1981)      2.58986  3.80913e-06
log_rec(18,1982)      1.96226  1.37615e-06
log_rec(18,1983)       2.4338  5.89108e-07
log_rec(18,1984)        1.403  4.47632e-07
log_rec(18,1985)      1.46338  8.53055e-07
log_rec(18,1986)      2.22125  1.61276e-07
log_rec(18,1987)   -0.0224162 -6.48149e-07
log_rec(18,1988)    -0.162994 -1.96649e-08
log_rec(18,1989)     0.315858  6.39333e-07
log_rec(18,1990)      1.25312  2.15209e-06
log_rec(18,1991)      1.41067  2.69025e-07
log_rec(18,1992)      1.75342 -2.81041e-07
log_rec(18,1993)      0.65578 -1.61716e-07
log_rec(18,1994)      2.24223  7.97738e-07
log_rec(18,1995)       1.4034  3.19076e-06
log_rec(18,1996)       1.0237  3.11867e-06
log_rec(18,1997)      0.72927   1.9692e-06
log_rec(18,1998)     0.115188  1.79861e-06
log_rec(18,1999)      2.42117  2.16704e-06
log_rec(18,2000)      1.22567  2.21479e-06
log_rec(18,2001)    -0.482213  2.42798e-06
log_rec(18,2002)    -0.120729  2.89192e-06
log_rec(18,2003)    0.0837546  3.61728e-06
log_rec(18,2004)   -0.0743542  1.44804e-06
log_rec(18,2005)      1.95887  2.09482e-06
log_rec(18,2006)     0.523014  1.56913e-06
log_rec(18,2007)   -0.0259825  2.76109e-06
log_rec(18,2008)    -0.571664  3.50988e-06
log_rec(18,2009)      1.12289   2.8803e-06
log_rec(18,2010)    -0.872284  8.54174e-07
log_rec(18,2011)       -1.644  1.74909e-06
log_rec(18,2012)    -0.746095  2.44936e-06
log_rec(18,2013)     -1.26685  3.01151e-06
log_rec(18,2014)     0.826206  1.58175e-06
log_rec(18,2015)    -0.309584   7.5315e-07
log_rec(18,2016)     0.194424  1.79564e-06
log_rec(18,2017)    -0.419278    7.146e-07
log_rec(18,2018)    0.0084184 -1.41292e-07
log_rec(18,2019)      1.62555  3.78973e-07
log_rec(19,1974)   -0.0631801  7.81563e-07
log_rec(19,1975)    -0.633914  6.19621e-07
log_rec(19,1976)    -0.455207 -2.00407e-07
log_rec(19,1977)    -0.581872 -3.88654e-07
log_rec(19,1978)      0.22855 -2.51887e-06
log_rec(19,1979)   -0.0175173 -1.16149e-06
log_rec(19,1980)   -0.0100684 -1.09634e-06
log_rec(19,1981)    -0.122192 -1.18778e-06
log_rec(19,1982)    0.0595415 -1.44854e-06
log_rec(19,1983)     0.724747 -1.74375e-06
log_rec(19,1984)     0.021099  -1.3887e-06
log_rec(19,1985)   -0.0636463  -7.1128e-07
log_rec(19,1986)    -0.503867 -1.52803e-06
log_rec(19,1987)    -0.542352 -2.53571e-06
log_rec(19,1988)    -0.223355 -4.99884e-07
log_rec(19,1989)    -0.431788 -7.15188e-07
log_rec(19,1990)    -0.243047 -1.76355e-06
log_rec(19,1991)    -0.530978  -2.9187e-06
log_rec(19,1992)     0.494676 -8.83501e-06
log_rec(19,1993)    -0.324933 -4.03416e-06
log_rec(19,1994)   0.00501826 -4.43892e-06
log_rec(19,1995)    -0.749303 -1.44868e-06
log_rec(19,1996)   -0.0793979 -5.70011e-06
log_rec(19,1997)    -0.688737 -2.85355e-06
log_rec(19,1998)      0.11697 -8.40075e-06
log_rec(19,1999)     0.221475 -9.27053e-06
log_rec(19,2000)     -0.16421 -6.15234e-06
log_rec(19,2001)    -0.422863 -6.77682e-06
log_rec(19,2002)    0.0722685 -7.16789e-06
log_rec(19,2003)    -0.838785 -4.00906e-06
log_rec(19,2004)    -0.501727 -4.60337e-06
log_rec(19,2005)     -0.94846 -3.60245e-06
log_rec(19,2006)    -0.871295  -1.9897e-06
log_rec(19,2007)    -0.435888 -2.57289e-06
log_rec(19,2008)       -1.058 -1.20346e-06
log_rec(19,2009)    -0.525611 -4.12423e-06
log_rec(19,2010)    -0.464591  -4.8245e-06
log_rec(19,2011)    -0.937115 -2.10394e-06
log_rec(19,2012)    -0.689505 -1.19399e-06
log_rec(19,2013)    -0.237713 -2.45407e-06
log_rec(19,2014)    -0.578916 -1.01017e-06
log_rec(19,2015)     -1.20213  6.89586e-09
log_rec(19,2016)    -0.836853 -3.84113e-07
log_rec(19,2017)    -0.210754  4.37068e-07
log_rec(19,2018)    -0.267852  1.71127e-07
log_rec(19,2019)    -0.260482  1.13446e-07
log_rec(20,1974)    -0.189403  1.17525e-06
log_rec(20,1975)    -0.169449  2.58999e-07
log_rec(20,1976)    -0.592195  1.89455e-07
log_rec(20,1977)     -1.98495  1.29529e-06
log_rec(20,1978)    -0.829577   1.7489e-06
log_rec(20,1979)    -0.166745 -2.58194e-07
log_rec(20,1980)   -0.0392009   1.8156e-07
log_rec(20,1981)     0.149606 -9.15088e-07
log_rec(20,1982)     -1.13476  -9.9511e-08
log_rec(20,1983)     -1.45979  5.95248e-09
log_rec(20,1984)     0.104916 -2.17079e-06
log_rec(20,1985)     -0.59821 -2.14315e-07
log_rec(20,1986)    -0.562344  2.78541e-07
log_rec(20,1987)    -0.158491  1.58428e-06
log_rec(20,1988)    -0.544469   1.8636e-06
log_rec(20,1989)    -0.329895  1.10102e-06
log_rec(20,1990)    -0.641697 -8.46088e-07
log_rec(20,1991)    -0.476147 -7.45925e-07
log_rec(20,1992)    -0.260479 -7.71781e-07
log_rec(20,1993)    -0.190788 -1.13401e-06
log_rec(20,1994)    -0.335485  8.65862e-07
log_rec(20,1995)    -0.486879  1.17346e-06
log_rec(20,1996)    -0.454159  1.86921e-06
log_rec(20,1997)    -0.633378   6.9797e-07
log_rec(20,1998)    -0.620558  6.45986e-07
log_rec(20,1999)    -0.502395 -5.43445e-07
log_rec(20,2000)     -1.01736  6.87126e-07
log_rec(20,2001)    -0.326001 -2.67609e-07
log_rec(20,2002)   -0.0234304 -1.04197e-06
log_rec(20,2003)    -0.441086  1.87094e-06
log_rec(20,2004)    -0.126141  1.13323e-06
log_rec(20,2005)      0.34644  1.77913e-06
log_rec(20,2006)     0.480968  4.41352e-08
log_rec(20,2007)     0.395639 -3.41233e-07
log_rec(20,2008)     0.329741 -6.14834e-07
log_rec(20,2009)     0.281835   1.0727e-07
log_rec(20,2010)     0.688067 -2.32797e-06
log_rec(20,2011)      0.62142 -2.94049e-06
log_rec(20,2012)     0.077105 -6.77234e-07
log_rec(20,2013)    -0.164691  2.13698e-07
log_rec(20,2014)     0.248132 -1.68883e-08
log_rec(20,2015)    -0.702378 -3.72714e-07
log_rec(20,2016)     0.395845 -1.05812e-06
log_rec(20,2017)    -0.108074  -3.2091e-08
log_rec(20,2018)    0.0662069 -9.12435e-08
log_rec(20,2019)    -0.209026  2.08144e-07
log_rec(21,1974)    -0.545354  5.97067e-07
log_rec(21,1975)     -1.41921  6.92034e-07
log_rec(21,1976)      -2.0558  1.26909e-06
log_rec(21,1977)     -2.55189  6.11953e-08
log_rec(21,1978)     -2.77571 -2.04378e-08
log_rec(21,1979)     -1.43153  4.36763e-07
log_rec(21,1980)    -0.144605  8.69392e-07
log_rec(21,1981)      0.17569 -4.78325e-07
log_rec(21,1982)     0.568017  9.34749e-07
log_rec(21,1983)     0.463685  1.03644e-06
log_rec(21,1984)     0.589322  6.86105e-07
log_rec(21,1985)      0.99602  1.34412e-06
log_rec(21,1986)      1.13105   2.9995e-07
log_rec(21,1987)       0.8807  1.30776e-06
log_rec(21,1988)     0.281907  5.45289e-07
log_rec(21,1989)     0.157778  1.47417e-06
log_rec(21,1990)     0.137679  9.71538e-07
log_rec(21,1991)     0.227088  9.68557e-07
log_rec(21,1992)     0.593873  -1.9753e-07
log_rec(21,1993)      0.64804  1.22682e-06
log_rec(21,1994)     0.359714  1.57434e-06
log_rec(21,1995)     0.413105  3.06258e-06
log_rec(21,1996)     0.441519  3.92589e-07
log_rec(21,1997)   -0.0148496  -4.0898e-07
log_rec(21,1998)     -0.27892 -3.36868e-07
log_rec(21,1999)      0.80904  1.12648e-07
log_rec(21,2000)     0.347827  2.16982e-06
log_rec(21,2001)      1.34107  5.47873e-06
log_rec(21,2002)     0.428812  3.28483e-06
log_rec(21,2003)    0.0547092  2.16109e-06
log_rec(21,2004)     0.181259  1.38536e-06
log_rec(21,2005)    -0.199555  9.78951e-07
log_rec(21,2006)   -0.0350138  1.57208e-06
log_rec(21,2007)     0.222225  1.22069e-06
log_rec(21,2008)     0.131415  2.22371e-07
log_rec(21,2009)     0.246118 -4.16532e-07
log_rec(21,2010)     0.251533 -2.83277e-07
log_rec(21,2011)     0.134097   1.6665e-06
log_rec(21,2012)     0.102063  2.57825e-06
log_rec(21,2013)     0.595281  2.98058e-06
log_rec(21,2014)     0.727897   2.0411e-06
log_rec(21,2015)    -0.571273   9.5951e-07
log_rec(21,2016)    -0.147458 -6.83358e-08
log_rec(21,2017)    -0.837637  6.84809e-07
log_rec(21,2018)    0.0269145 -3.84473e-07
log_rec(21,2019)    -0.195434  1.09848e-06
log_rec(22,1974)     0.945474 -3.97062e-07
log_rec(22,1975)     0.739899 -9.47674e-07
log_rec(22,1976)      0.83635  7.94323e-08
log_rec(22,1977)      0.23736 -2.08396e-06
log_rec(22,1978)     0.682299 -1.06137e-06
log_rec(22,1979)       1.3918  3.24536e-09
log_rec(22,1980)     0.947792 -6.36178e-07
log_rec(22,1981)       1.1511 -3.35614e-07
log_rec(22,1982)       1.0593  4.87739e-09
log_rec(22,1983)     0.852066    6.113e-07
log_rec(22,1984)     0.257917 -1.14462e-06
log_rec(22,1985)     0.954747  5.39305e-07
log_rec(22,1986)      1.27714 -1.58094e-08
log_rec(22,1987)     0.418799  -1.9185e-06
log_rec(22,1988)      1.58984 -9.99314e-07
log_rec(22,1989)     0.558882  1.23806e-06
log_rec(22,1990)     0.899194 -5.11045e-07
log_rec(22,1991)      1.08297  -9.2853e-07
log_rec(22,1992)       1.2295 -6.76304e-07
log_rec(22,1993)      1.84032 -4.47124e-08
log_rec(22,1994)      1.88719  1.87839e-06
log_rec(22,1995)      1.16344  3.08688e-06
log_rec(22,1996)      2.37333 -3.14207e-07
log_rec(22,1997)     0.608866  2.20922e-07
log_rec(22,1998)     0.819753 -1.81678e-06
log_rec(22,1999)       1.1214 -4.59508e-06
log_rec(22,2000)      1.26584 -1.12722e-06
log_rec(22,2001)     0.815982 -6.88967e-07
log_rec(22,2002)    -0.108815 -9.75793e-07
log_rec(22,2003)     0.440784  8.79868e-07
log_rec(22,2004)   -0.0794277 -5.90306e-07
log_rec(22,2005)     0.413419 -3.51787e-07
log_rec(22,2006)     0.834453 -6.97837e-07
log_rec(22,2007)     0.711666  2.03209e-07
log_rec(22,2008)     0.593729 -1.91856e-06
log_rec(22,2009)      1.27076 -8.42658e-06
log_rec(22,2010)     -0.47557 -1.15471e-06
log_rec(22,2011)    -0.734222 -1.72206e-06
log_rec(22,2012)     0.947942 -8.54222e-07
log_rec(22,2013)     0.695676  5.16698e-07
log_rec(22,2014)     0.996323  5.02356e-07
log_rec(22,2015)    -0.779059  2.62393e-07
log_rec(22,2016)      2.12474 -1.88968e-06
log_rec(22,2017)     -0.35266 -3.09246e-07
log_rec(22,2018)      1.23507  2.65708e-07
log_rec(22,2019)      1.72327  2.70794e-07
log_rec(23,1974)     0.269704 -2.60341e-06
log_rec(23,1975)    -0.433624 -6.16019e-07
log_rec(23,1976)     0.022801 -8.76442e-07
log_rec(23,1977)     0.811862 -1.25529e-06
log_rec(23,1978)    0.0744877 -1.47866e-06
log_rec(23,1979)    0.0952362 -5.84001e-07
log_rec(23,1980)    -0.270069  1.93939e-07
log_rec(23,1981)      1.11065 -6.57574e-07
log_rec(23,1982)     -1.21287 -2.07397e-07
log_rec(23,1983)     0.852347 -1.26355e-06
log_rec(23,1984)    -0.246256 -7.52054e-07
log_rec(23,1985)     0.982797 -1.39806e-06
log_rec(23,1986)     -0.46712 -1.94885e-06
log_rec(23,1987)    -0.543035  8.21402e-08
log_rec(23,1988)     0.458803 -1.91492e-06
log_rec(23,1989)    -0.273885 -1.70077e-06
log_rec(23,1990)    0.0499852 -2.68768e-06
log_rec(23,1991)     0.497595 -2.18052e-06
log_rec(23,1992)    -0.773727  -8.1991e-07
log_rec(23,1993)     0.407564 -1.00121e-06
log_rec(23,1994)     0.706769  4.07075e-08
log_rec(23,1995)    -0.445194  2.50974e-07
log_rec(23,1996)      1.24774 -1.09293e-06
log_rec(23,1997)    -0.261934 -3.02558e-06
log_rec(23,1998)     0.166815 -2.74501e-06
log_rec(23,1999)     0.379128 -3.10499e-06
log_rec(23,2000)     0.795104 -3.17165e-06
log_rec(23,2001)     0.988392 -4.37036e-08
log_rec(23,2002)     -1.16901 -9.07674e-07
log_rec(23,2003)     0.189755 -2.17118e-06
log_rec(23,2004)    -0.634171 -2.52713e-06
log_rec(23,2005)     0.155482 -4.35626e-06
log_rec(23,2006)   -0.0599142 -2.54551e-06
log_rec(23,2007)     0.660507 -1.96911e-06
log_rec(23,2008)    -0.191762  -2.4152e-06
log_rec(23,2009)      1.51296 -1.77885e-05
log_rec(23,2010)    -0.673087 -2.78515e-06
log_rec(23,2011)    -0.300821 -2.61084e-06
log_rec(23,2012)     0.247273 -8.14523e-07
log_rec(23,2013)    -0.301123 -1.02117e-06
log_rec(23,2014)     0.324536 -6.39464e-07
log_rec(23,2015)    -0.917365 -6.87539e-07
log_rec(23,2016)     0.848166 -1.39137e-06
log_rec(23,2017)     -1.50882  4.07445e-07
log_rec(23,2018)    -0.203169  8.04751e-07
log_rec(23,2019)     0.795868  3.34604e-07
log_rec(24,1974)      2.30377 -1.34069e-06
log_rec(24,1975)      2.66595  2.37303e-06
log_rec(24,1976)      2.37498  4.15998e-06
log_rec(24,1977)        1.693  -3.2496e-07
log_rec(24,1978)      1.93872 -6.56934e-08
log_rec(24,1979)      2.06621  1.77753e-06
log_rec(24,1980)      1.44849  5.69948e-07
log_rec(24,1981)      1.90775  1.61843e-06
log_rec(24,1982)      2.00576  1.21049e-06
log_rec(24,1983)       1.6401 -5.13718e-07
log_rec(24,1984)      1.40217 -5.87309e-07
log_rec(24,1985)      1.18958  1.22959e-06
log_rec(24,1986)      1.54384 -3.98339e-07
log_rec(24,1987)     0.390727  1.87077e-07
log_rec(24,1988)      1.12373  6.81695e-07
log_rec(24,1989)      1.11854  1.92074e-06
log_rec(24,1990)      1.29782  2.79067e-06
log_rec(24,1991)      1.48665  1.83902e-07
log_rec(24,1992)      1.11084 -1.69033e-06
log_rec(24,1993)     0.834321 -1.98443e-07
log_rec(24,1994)      1.75613  4.40688e-06
log_rec(24,1995)      1.09707  2.45288e-06
log_rec(24,1996)      1.45602  3.37298e-06
log_rec(24,1997)     0.288614   2.3864e-07
log_rec(24,1998)      1.02297 -1.01642e-06
log_rec(24,1999)      1.33832  1.93695e-07
log_rec(24,2000)      0.64001  6.28339e-07
log_rec(24,2001)      1.01582  1.38566e-06
log_rec(24,2002)     0.507253  2.27447e-06
log_rec(24,2003)    -0.255985  1.66085e-06
log_rec(24,2004)    -0.011091   1.4966e-06
log_rec(24,2005)     0.682734  8.69361e-07
log_rec(24,2006)      0.38412  1.91305e-06
log_rec(24,2007)     0.712148  2.45203e-06
log_rec(24,2008)      1.17704  1.84239e-06
log_rec(24,2009)      1.22736 -1.00934e-06
log_rec(24,2010)   -0.0685286  1.00164e-07
log_rec(24,2011)     0.676591  4.64915e-07
log_rec(24,2012)      1.31328  4.34143e-06
log_rec(24,2013)     0.272458  1.66271e-06
log_rec(24,2014)      1.48537  3.09556e-06
log_rec(24,2015)     0.985434  1.85124e-06
log_rec(24,2016)      1.22152  3.36889e-06
log_rec(24,2017)     0.525916  1.40014e-06
log_rec(24,2018)      1.43529   1.6013e-06
log_rec(24,2019)      1.82615  3.26697e-07
log_rec(25,1974)      1.71565  -9.7576e-07
log_rec(25,1975)       2.4744  1.95188e-07
log_rec(25,1976)      1.50626  5.81625e-07
log_rec(25,1977)      1.72359 -1.63168e-06
log_rec(25,1978)      2.34734 -1.57079e-06
log_rec(25,1979)      1.43434  1.83569e-06
log_rec(25,1980)     0.813458  5.31283e-07
log_rec(25,1981)   -0.0962709    1.585e-07
log_rec(25,1982)    -0.559844 -1.38869e-08
log_rec(25,1983)    0.0296085 -1.24698e-06
log_rec(25,1984)     -0.26243 -1.78753e-07
log_rec(25,1985)    -0.768777  1.31426e-06
log_rec(25,1986)     0.307638  8.79339e-07
log_rec(25,1987)    -0.652075  5.15707e-07
log_rec(25,1988)    -0.287368 -1.96294e-07
log_rec(25,1989)     0.420482  1.03142e-06
log_rec(25,1990)     0.327879  1.63003e-06
log_rec(25,1991)    -0.113396  7.08692e-07
log_rec(25,1992)     0.255626  4.10965e-07
log_rec(25,1993)     0.887371  1.74929e-06
log_rec(25,1994)     0.496454  3.12229e-06
log_rec(25,1995)     -0.62181  2.16191e-06
log_rec(25,1996)    -0.693002   2.2865e-06
log_rec(25,1997)    -0.424082  1.03227e-06
log_rec(25,1998)     0.378158  1.65991e-07
log_rec(25,1999)     0.066639  5.41998e-07
log_rec(25,2000)    -0.285563  1.06092e-06
log_rec(25,2001)    -0.136573  1.16891e-06
log_rec(25,2002)    -0.266045  1.35167e-06
log_rec(25,2003)   -0.0500089  1.64259e-06
log_rec(25,2004)     0.953015  3.17001e-07
log_rec(25,2005)    -0.254893  5.33355e-07
log_rec(25,2006)    -0.102278  3.37696e-07
log_rec(25,2007)    -0.278488  1.15303e-06
log_rec(25,2008)     0.607248  7.00798e-07
log_rec(25,2009)     0.571734  -1.2578e-06
log_rec(25,2010)     0.699418 -8.11884e-07
log_rec(25,2011)     0.413165  3.09383e-07
log_rec(25,2012)    -0.123126  1.96279e-06
log_rec(25,2013)      1.08652  2.55165e-06
log_rec(25,2014)     0.810892  1.97575e-06
log_rec(25,2015)      0.45994  1.72103e-06
log_rec(25,2016)     0.665841  2.25244e-06
log_rec(25,2017)       1.0688  1.04256e-06
log_rec(25,2018)      1.00561  8.60404e-07
log_rec(25,2019)      1.21363  1.05776e-07
log_rec(26,1974)     -1.09891  1.45693e-06
log_rec(26,1975)      -1.3316  1.50333e-06
log_rec(26,1976)    -0.951396  2.07244e-06
log_rec(26,1977)      -1.1156  7.02734e-07
log_rec(26,1978)     -1.05881 -2.25481e-07
log_rec(26,1979)    -0.801325 -1.30986e-06
log_rec(26,1980)    -0.876324 -8.60859e-07
log_rec(26,1981)    -0.145092   -6.411e-07
log_rec(26,1982)    -0.519025 -4.73837e-07
log_rec(26,1983)    -0.565268 -1.25899e-06
log_rec(26,1984)    -0.249896 -7.80055e-07
log_rec(26,1985)     0.640405 -9.54382e-07
log_rec(26,1986)    -0.125293 -1.08275e-06
log_rec(26,1987)    -0.163915  1.75554e-06
log_rec(26,1988)    -0.541654 -2.28619e-06
log_rec(26,1989)    -0.790136  1.51719e-06
log_rec(26,1990)    -0.918822  8.71045e-07
log_rec(26,1991)     -1.06195  9.66788e-07
log_rec(26,1992)     -1.48786  4.95713e-08
log_rec(26,1993)      -1.5168 -2.04494e-06
log_rec(26,1994)     -1.00293  -5.1536e-07
log_rec(26,1995)     -1.00673 -1.92178e-07
log_rec(26,1996)    0.0282212  2.21224e-06
log_rec(26,1997)    -0.966406 -9.18429e-07
log_rec(26,1998)     -1.11261  2.97988e-06
log_rec(26,1999)    -0.954917 -8.34604e-07
log_rec(26,2000)     -1.40827 -1.37056e-07
log_rec(26,2001)    -0.347156  1.20345e-06
log_rec(26,2002)     -1.46281  9.98566e-08
log_rec(26,2003)    -0.749123 -9.79264e-07
log_rec(26,2004)     -1.22522   1.2181e-06
log_rec(26,2005)     -1.21933 -7.17659e-08
log_rec(26,2006)    -0.829684  8.47697e-08
log_rec(26,2007)     -0.98339  2.78402e-07
log_rec(26,2008)     -1.06566  6.97641e-07
log_rec(26,2009)    -0.821377  1.78683e-07
log_rec(26,2010)    -0.640111 -5.09215e-08
log_rec(26,2011)    -0.821412 -4.28593e-08
log_rec(26,2012)    -0.751959   1.7537e-06
log_rec(26,2013)    -0.665151  -2.2784e-06
log_rec(26,2014)     -1.23767 -1.20246e-06
log_rec(26,2015)     -1.09248 -1.22176e-06
log_rec(26,2016)    -0.652057  4.66103e-08
log_rec(26,2017)     -1.20365 -4.45203e-07
log_rec(26,2018)    -0.101059 -3.64215e-07
log_rec(26,2019)    -0.958208  3.13287e-06
log_rec(27,1974)     -1.57839  2.50666e-07
log_rec(27,1975)    -0.763402 -1.96202e-07
log_rec(27,1976)    -0.543978 -3.39577e-07
log_rec(27,1977)     -1.53766  1.06821e-06
log_rec(27,1978)     -2.76813 -2.79481e-07
log_rec(27,1979)    -0.450307  5.41195e-07
log_rec(27,1980)    -0.382874  9.82065e-07
log_rec(27,1981)      -0.4826  5.64667e-08
log_rec(27,1982)    -0.463377 -2.49894e-06
log_rec(27,1983)     -1.12784 -2.73834e-06
log_rec(27,1984)     -0.94404  1.18986e-06
log_rec(27,1985)    -0.509399 -1.75581e-06
log_rec(27,1986)     -1.26953  3.09769e-06
log_rec(27,1987)     0.759918 -1.65521e-06
log_rec(27,1988)    -0.721311  3.96939e-07
log_rec(27,1989)   -0.0132545  3.54452e-07
log_rec(27,1990)     -1.05295 -6.78154e-07
log_rec(27,1991)     0.573962 -2.91046e-06
log_rec(27,1992)     -1.01765 -3.49968e-06
log_rec(27,1993)     -1.35477  1.20329e-06
log_rec(27,1994)    -0.832719  1.43285e-06
log_rec(27,1995)      -1.3405  2.00477e-06
log_rec(27,1996)    0.0881745 -1.23469e-06
log_rec(27,1997)    -0.701851  -2.9202e-06
log_rec(27,1998)    -0.952515  1.26116e-06
log_rec(27,1999)    -0.651412  -3.0744e-06
log_rec(27,2000)     -1.26789  6.53677e-07
log_rec(27,2001)     -0.26115 -6.57225e-07
log_rec(27,2002)     -1.02491 -1.26902e-06
log_rec(27,2003)      -1.6552 -2.88211e-06
log_rec(27,2004)     -1.55521  2.16173e-06
log_rec(27,2005)     -0.25326 -9.18137e-07
log_rec(27,2006)     -1.17131  8.98818e-07
log_rec(27,2007)     -1.19573  8.15683e-09
log_rec(27,2008)     -0.97548  2.82665e-06
log_rec(27,2009)    -0.247425  3.41013e-06
log_rec(27,2010)   -0.0409288 -4.41501e-07
log_rec(27,2011)     -1.40511  1.61306e-06
log_rec(27,2012)    -0.818426  4.01851e-07
log_rec(27,2013)    -0.423558  3.70101e-07
log_rec(27,2014)    -0.752023  2.52795e-07
log_rec(27,2015)     -1.25008  1.07526e-07
log_rec(27,2016)    -0.540852  1.03549e-07
log_rec(27,2017)    -0.752124  2.12546e-06
log_rec(27,2018)     0.977309  3.22497e-07
log_rec(27,2019)     -2.28318 -8.87997e-07
log_rec_older(16,1)     0.277255 -2.72656e-07
log_rec_older(16,2)     -1.21432  1.03487e-06
log_rec_older(16,3)     -3.08824 -1.43011e-06
log_rec_older(16,4)     -2.84217  1.71462e-06
log_rec_older(16,5)     -4.05357  1.26323e-06
log_rec_older(16,6)     -5.60855  1.17462e-06
log_rec_older(16,7)     -6.41777 -1.50109e-07
log_rec_older(16,8)     -6.47493  6.29763e-07
log_rec_older(16,9)     -6.96484  8.81691e-08
log_rec_older(16,10)     -7.13281  1.03305e-07
log_rec_older(17,1)     0.983988  3.51968e-07
log_rec_older(17,2)     0.293145  5.79955e-07
log_rec_older(17,3)     -1.43636  1.07331e-06
log_rec_older(17,4)     -3.41122 -4.21167e-07
log_rec_older(17,5)     -4.52677  1.40529e-07
log_rec_older(17,6)     -7.18882  -4.8279e-07
log_rec_older(17,7)     -5.00847 -3.02413e-08
log_rec_older(17,8)     -8.20521 -9.74908e-08
log_rec_older(18,1)      1.45954 -2.78551e-07
log_rec_older(18,2)      -1.3185 -5.51372e-07
log_rec_older(18,3)     -0.82843 -1.47717e-07
log_rec_older(18,4)     -2.79336 -1.04423e-07
log_rec_older(18,5)     -5.99018  1.00793e-07
log_rec_older(18,6)     -6.39674 -9.24271e-07
log_rec_older(18,7)     -3.91331  2.65355e-07
log_rec_older(18,8)     -7.49765  2.38474e-07
log_rec_older(18,9)     -9.54368  3.72302e-07
log_rec_older(18,10)     -9.19017 -2.78571e-07
log_rec_older(19,1)     0.522087 -2.49685e-06
log_rec_older(19,2)     -0.35566 -2.24098e-07
log_rec_older(19,3)    -0.915397  1.36027e-06
log_rec_older(19,4)     -1.31447 -1.91716e-07
log_rec_older(19,5)     -1.80514   1.7383e-07
log_rec_older(19,6)     -1.35713  1.12112e-06
log_rec_older(19,7)     -1.71032 -4.69528e-07
log_rec_older(19,8)     -2.63421  8.33549e-07
log_rec_older(19,9)     -3.96364  8.94846e-08
log_rec_older(19,10)     -3.61198 -4.65494e-07
log_rec_older(20,1)    -0.523567  1.70646e-06
log_rec_older(20,2)     -1.42348 -7.25709e-07
log_rec_older(20,3)    -0.316208  6.56219e-07
log_rec_older(20,4)     -1.56921 -5.66296e-07
log_rec_older(20,5)     -1.15308 -7.80705e-07
log_rec_older(20,6)    -0.431799  5.70768e-07
log_rec_older(20,7)     -1.12739   8.5734e-07
log_rec_older(20,8)      -1.8234  8.05869e-07
log_rec_older(20,9)     -2.52435  3.01691e-07
log_rec_older(20,10)     -2.65102  -3.8629e-08
log_rec_older(21,1)     -2.03831 -4.81741e-07
log_rec_older(21,2)      -2.6342 -6.11464e-08
log_rec_older(21,3)     -3.21221 -3.47601e-07
log_rec_older(21,4)     -4.45937  1.32872e-07
log_rec_older(21,5)      -5.5635 -3.45124e-07
log_rec_older(21,6)     -6.48192  3.30453e-07
log_rec_older(21,7)     -7.50732  1.49432e-07
log_rec_older(21,8)     -7.13075  1.06301e-07
log_rec_older(22,1)     0.379422 -7.44754e-07
log_rec_older(22,2)     -2.27614 -2.05639e-07
log_rec_older(22,3)     -2.95805  -3.6461e-07
log_rec_older(22,4)     -4.36245 -2.90705e-07
log_rec_older(23,1)      -1.0428 -1.57006e-06
log_rec_older(23,2)     -1.75992 -4.90448e-07
log_rec_older(23,3)     -3.66028  -2.7331e-07
log_rec_older(23,4)     -2.71529 -6.55632e-07
log_rec_older(24,1)      1.36125 -1.12681e-06
log_rec_older(24,2)     -2.38056 -2.73237e-07
log_rec_older(24,3)     -4.49234  -1.0121e-07
log_rec_older(25,1)      1.50569  9.72729e-07
log_rec_older(25,2)     -1.71341  1.77319e-07
log_rec_older(25,3)     -4.11399  1.15703e-08
log_rec_older(26,1)    -0.751944  2.50352e-06
log_rec_older(26,2)    -0.810411  5.08539e-06
log_rec_older(26,3)     -2.63676 -1.08952e-07
log_rec_older(26,4)     -3.04365 -3.94737e-07
log_rec_older(26,5)     -3.21997  8.69949e-07
log_rec_older(26,6)     -3.65838  -1.2467e-07
log_rec_older(26,7)      -4.4378  1.06868e-07
log_rec_older(26,8)     -4.73287  3.32376e-08
log_rec_older(26,9)     -4.81663  2.06294e-06
log_rec_older(26,10)     -3.47894  -3.8462e-07
log_rec_older(27,1)    -0.853459 -1.54894e-06
log_rec_older(27,2)    -0.846146 -3.16807e-06
log_rec_older(27,3)     -1.58662 -1.23878e-06
log_rec_older(27,4)     -3.01181  7.55569e-08
log_rec_older(27,5)     -2.50281 -2.53565e-07
log_rec_older(27,6)      -3.8554 -5.06173e-08
log_rec_older(27,7)      -3.8996 -1.37142e-07
log_rec_older(27,8)     -4.53625 -3.34536e-08
log_rec_older(27,9)     -5.13829  1.90443e-07
log_rec_older(27,10)     -2.52444 -3.51175e-07
F_y_ini(16,1975)      1.04597  6.58806e-08
F_y_ini(16,1976)      1.13779  5.15776e-07
F_y_ini(16,1977)      1.11815 -9.32391e-07
F_y_ini(16,1978)      1.29287 -5.06172e-07
F_y_ini(16,1979)       1.0479  2.21188e-07
F_y_ini(16,1980)      1.21286 -1.06336e-06
F_y_ini(16,1981)      1.19858 -1.77115e-06
F_y_ini(16,1982)       1.3064 -3.26667e-07
F_y_ini(16,1983)      1.31592 -1.07892e-07
F_y_ini(16,1984)      1.22575 -8.69433e-07
F_y_ini(16,1985)       1.2343  6.33083e-07
F_y_ini(16,1986)       1.3506 -2.14705e-07
F_y_ini(16,1987)        1.331 -2.44004e-07
F_y_ini(16,1988)      1.30964 -4.28823e-07
F_y_ini(16,1989)      1.35741  1.50365e-07
F_y_ini(16,1990)      1.26105  3.19388e-07
F_y_ini(16,1991)      1.26277  1.24928e-06
F_y_ini(16,1992)      1.22458  -4.8873e-07
F_y_ini(16,1993)      5.00695  1.22983e-10
F_y_ini(16,1994)      1.02134  1.53979e-06
F_y_ini(16,1995)      1.13141  1.06674e-06
F_y_ini(16,1996)      1.20525  4.95501e-07
F_y_ini(16,1997)      1.08867  2.56511e-06
F_y_ini(16,1998)      1.17845 -5.29149e-07
F_y_ini(16,1999)      1.34214  6.09901e-07
F_y_ini(16,2000)      1.28068  2.03946e-06
F_y_ini(16,2001)      1.20786  2.22949e-06
F_y_ini(16,2002)      1.09611  7.29752e-07
F_y_ini(16,2003)      1.12742    2.267e-06
F_y_ini(16,2004)      1.02672  8.12878e-07
F_y_ini(16,2005)      0.92502  4.09355e-07
F_y_ini(16,2006)     0.995583  6.54256e-07
F_y_ini(16,2007)      5.00695  1.22983e-10
F_y_ini(16,2008)      1.11909  1.18864e-06
F_y_ini(16,2009)       1.1851  8.65891e-07
F_y_ini(16,2010)      1.13712  8.07521e-08
F_y_ini(16,2011)     0.942758  2.69286e-07
F_y_ini(16,2012)     0.920566  1.20986e-06
F_y_ini(16,2013)     0.862402  2.07538e-06
F_y_ini(16,2014)      0.78866  3.22889e-07
F_y_ini(16,2015)     0.778822  1.26847e-06
F_y_ini(16,2016)     0.750091  4.83144e-07
F_y_ini(16,2017)      0.81099    1.211e-06
F_y_ini(16,2018)      1.09217  1.06494e-07
F_y_ini(16,2019)      0.92342 -5.37972e-07
F_y_ini(17,1975)      1.02777  6.85097e-07
F_y_ini(17,1976)      1.10325  6.32954e-07
F_y_ini(17,1977)     0.823151 -1.36393e-06
F_y_ini(17,1978)     0.735149  5.18509e-07
F_y_ini(17,1979)     0.797923   2.9259e-07
F_y_ini(17,1980)     0.843598  1.35435e-06
F_y_ini(17,1981)     0.733994  3.96808e-07
F_y_ini(17,1982)     0.589497   4.7331e-07
F_y_ini(17,1983)     0.788895 -9.67268e-07
F_y_ini(17,1984)     0.936411 -3.03316e-07
F_y_ini(17,1985)     0.702913  7.18083e-08
F_y_ini(17,1986)     0.929037 -1.24901e-06
F_y_ini(17,1987)      1.04899 -3.49371e-07
F_y_ini(17,1988)     0.827914 -3.03511e-07
F_y_ini(17,1989)     0.828761  2.77062e-07
F_y_ini(17,1990)     0.854158  4.74358e-07
F_y_ini(17,1991)      5.00695  1.22983e-10
F_y_ini(17,1992)      0.97749 -5.54249e-07
F_y_ini(17,1993)       1.1837 -5.62638e-08
F_y_ini(17,1994)      1.12037  5.98406e-07
F_y_ini(17,1995)     0.951218 -7.44502e-07
F_y_ini(17,1996)     0.881487 -2.02934e-06
F_y_ini(17,1997)     0.775014 -3.78645e-06
F_y_ini(17,1998)     0.633333 -2.97408e-07
F_y_ini(17,1999)     0.871637 -2.46999e-07
F_y_ini(17,2000)      0.95383   4.8819e-07
F_y_ini(17,2001)     0.567505  5.38543e-07
F_y_ini(17,2002)     0.497598  -1.3214e-07
F_y_ini(17,2003)     0.538466  4.45191e-08
F_y_ini(17,2004)     0.431432 -2.03125e-07
F_y_ini(17,2005)     0.411123  1.44672e-07
F_y_ini(17,2006)     0.511056  1.26001e-07
F_y_ini(17,2007)      5.00695  1.22983e-10
F_y_ini(17,2008)      0.97923  1.11783e-07
F_y_ini(17,2009)     0.923637 -1.40644e-07
F_y_ini(17,2010)      1.00302  5.81411e-08
F_y_ini(17,2011)     0.913034 -1.00571e-09
F_y_ini(17,2012)     0.759252 -9.46418e-08
F_y_ini(17,2013)     0.746076 -1.70093e-08
F_y_ini(17,2014)     0.870408 -1.71525e-07
F_y_ini(17,2015)      1.04705  -1.3583e-07
F_y_ini(17,2016)       1.0368 -8.89025e-08
F_y_ini(17,2017)     0.819232  1.85534e-07
F_y_ini(17,2018)     0.761282  1.39977e-08
F_y_ini(17,2019)     0.870852 -2.51561e-07
F_y_ini(18,1975)      1.17625  2.22716e-07
F_y_ini(18,1976)      1.11832 -2.68014e-07
F_y_ini(18,1977)      1.02107  -1.3659e-07
F_y_ini(18,1978)      1.09842  1.79265e-07
F_y_ini(18,1979)      1.13408   3.0772e-07
F_y_ini(18,1980)      1.05533  3.57694e-07
F_y_ini(18,1981)     0.741242 -1.09446e-07
F_y_ini(18,1982)     0.693234  1.76839e-07
F_y_ini(18,1983)     0.946884  -6.6904e-08
F_y_ini(18,1984)      1.11543 -8.44907e-08
F_y_ini(18,1985)      5.00695  1.22983e-10
F_y_ini(18,1986)      1.03782  5.82702e-07
F_y_ini(18,1987)      1.19335  1.38459e-07
F_y_ini(18,1988)      1.26134 -6.40574e-08
F_y_ini(18,1989)      1.19391   1.2899e-07
F_y_ini(18,1990)      1.13299  2.33427e-07
F_y_ini(18,1991)       1.2176  2.12584e-07
F_y_ini(18,1992)      1.04918 -3.22262e-07
F_y_ini(18,1993)      1.22876 -4.33066e-07
F_y_ini(18,1994)       1.1593 -1.67692e-07
F_y_ini(18,1995)      1.01957 -6.94646e-08
F_y_ini(18,1996)      1.13102 -1.83418e-08
F_y_ini(18,1997)      0.87046 -7.65932e-07
F_y_ini(18,1998)     0.955371 -3.72186e-07
F_y_ini(18,1999)      1.27787  -7.2931e-07
F_y_ini(18,2000)      5.00695  1.22983e-10
F_y_ini(18,2001)     0.773768 -6.98106e-07
F_y_ini(18,2002)     0.639132  -7.6381e-07
F_y_ini(18,2003)     0.348063  3.30913e-07
F_y_ini(18,2004)     0.378693 -4.91401e-07
F_y_ini(18,2005)     0.421606 -6.60258e-07
F_y_ini(18,2006)     0.707083 -1.08986e-06
F_y_ini(18,2007)     0.675887 -1.05684e-06
F_y_ini(18,2008)      0.40804  2.24127e-07
F_y_ini(18,2009)     0.352266 -8.50167e-07
F_y_ini(18,2010)     0.375618 -2.10447e-06
F_y_ini(18,2011)     0.524788  -2.9853e-07
F_y_ini(18,2012)     0.325046 -9.94632e-07
F_y_ini(18,2013)     0.281747 -4.64998e-07
F_y_ini(18,2014)     0.501055 -4.27098e-08
F_y_ini(18,2015)     0.817657 -1.27408e-06
F_y_ini(18,2016)     0.524234  -9.6289e-07
F_y_ini(18,2017)     0.388604  8.66947e-07
F_y_ini(18,2018)     0.292135  3.42718e-07
F_y_ini(18,2019)      0.24509  9.54487e-07
F_y_ini(19,1975)      1.14969 -1.11569e-07
F_y_ini(19,1976)      1.26952  9.25678e-08
F_y_ini(19,1977)      1.59791  1.82335e-07
F_y_ini(19,1978)     0.945591  5.59395e-07
F_y_ini(19,1979)     0.993777 -5.31374e-08
F_y_ini(19,1980)      1.15993  1.44145e-07
F_y_ini(19,1981)      1.08677  6.46419e-07
F_y_ini(19,1982)      1.11484  7.11719e-07
F_y_ini(19,1983)      1.60168  1.77053e-07
F_y_ini(19,1984)      1.34889 -1.14917e-07
F_y_ini(19,1985)      1.33168  3.70597e-07
F_y_ini(19,1986)      1.73974  4.66829e-07
F_y_ini(19,1987)      1.45151  6.38548e-07
F_y_ini(19,1988)      1.59469  1.20469e-07
F_y_ini(19,1989)      1.45499   7.5957e-07
F_y_ini(19,1990)      1.29041  4.17873e-07
F_y_ini(19,1991)      1.25591  8.82971e-07
F_y_ini(19,1992)      5.00695  1.22983e-10
F_y_ini(19,1993)       1.3065  1.23598e-06
F_y_ini(19,1994)     0.969193  8.18155e-07
F_y_ini(19,1995)      1.19055  1.26505e-06
F_y_ini(19,1996)      1.02358  8.44292e-07
F_y_ini(19,1997)     0.752052  5.85849e-07
F_y_ini(19,1998)     0.795598  8.26892e-07
F_y_ini(19,1999)      1.05012  1.53345e-06
F_y_ini(19,2000)     0.767246   1.6691e-06
F_y_ini(19,2001)     0.597808  1.81157e-06
F_y_ini(19,2002)      0.79485  2.56122e-06
F_y_ini(19,2003)     0.843914  2.40491e-06
F_y_ini(19,2004)     0.602887  1.54255e-06
F_y_ini(19,2005)     0.708545  1.66717e-06
F_y_ini(19,2006)     0.683114  2.23051e-06
F_y_ini(19,2007)     0.581644  1.45638e-06
F_y_ini(19,2008)     0.864273  1.71941e-06
F_y_ini(19,2009)     0.861489   9.7137e-07
F_y_ini(19,2010)     0.868558  1.45583e-06
F_y_ini(19,2011)     0.803413  1.74674e-06
F_y_ini(19,2012)      0.73998  6.60038e-07
F_y_ini(19,2013)     0.667247  1.40354e-06
F_y_ini(19,2014)     0.698049  6.64092e-07
F_y_ini(19,2015)      0.69149    6.566e-07
F_y_ini(19,2016)     0.633048  5.57559e-07
F_y_ini(19,2017)     0.737534 -3.35102e-07
F_y_ini(19,2018)     0.674295  5.83944e-07
F_y_ini(19,2019)     0.671324  2.45248e-07
F_y_ini(20,1975)      1.33708 -1.03749e-07
F_y_ini(20,1976)      1.51843 -5.42901e-07
F_y_ini(20,1977)      1.18883  3.09671e-09
F_y_ini(20,1978)       1.5047  1.75972e-08
F_y_ini(20,1979)      1.85299  2.94366e-07
F_y_ini(20,1980)      5.00695  1.22983e-10
F_y_ini(20,1981)      1.03306 -3.44244e-07
F_y_ini(20,1982)      1.01843  4.85525e-08
F_y_ini(20,1983)     0.877062  1.99965e-07
F_y_ini(20,1984)     0.905426 -7.46818e-08
F_y_ini(20,1985)     0.811101 -1.29907e-07
F_y_ini(20,1986)     0.759737 -1.96053e-07
F_y_ini(20,1987)     0.828459 -1.16136e-07
F_y_ini(20,1988)     0.896097 -1.40555e-07
F_y_ini(20,1989)     0.765689 -4.58742e-07
F_y_ini(20,1990)     0.830744   3.3759e-07
F_y_ini(20,1991)     0.983855  1.30372e-07
F_y_ini(20,1992)      1.13719  5.69586e-08
F_y_ini(20,1993)      1.31396 -7.29128e-07
F_y_ini(20,1994)        1.411 -1.78832e-07
F_y_ini(20,1995)      1.33896 -2.66487e-07
F_y_ini(20,1996)      1.00355 -6.66208e-07
F_y_ini(20,1997)     0.972685  -1.0921e-06
F_y_ini(20,1998)      1.11084 -4.22165e-07
F_y_ini(20,1999)      1.15056 -1.26869e-08
F_y_ini(20,2000)      1.36446 -7.18034e-08
F_y_ini(20,2001)      1.52468  7.07486e-08
F_y_ini(20,2002)      1.83503 -1.06735e-06
F_y_ini(20,2003)      1.76365 -1.16953e-06
F_y_ini(20,2004)      5.00695  1.22983e-10
F_y_ini(20,2005)     0.728331 -8.22273e-07
F_y_ini(20,2006)     0.594023  9.79418e-07
F_y_ini(20,2007)      0.66797 -4.65823e-07
F_y_ini(20,2008)      0.61606  3.89424e-07
F_y_ini(20,2009)     0.573222  1.90609e-06
F_y_ini(20,2010)     0.539055 -2.92766e-06
F_y_ini(20,2011)     0.501807 -7.23347e-07
F_y_ini(20,2012)     0.438429 -1.04852e-06
F_y_ini(20,2013)     0.432217 -8.36142e-07
F_y_ini(20,2014)     0.542402  3.25768e-07
F_y_ini(20,2015)     0.506225  8.51923e-08
F_y_ini(20,2016)     0.480176  1.16239e-07
F_y_ini(20,2017)     0.519441 -6.04131e-07
F_y_ini(20,2018)     0.496771 -6.58784e-07
F_y_ini(20,2019)     0.415138 -2.11991e-07
F_y_ini(21,1975)      1.72335 -8.62425e-08
F_y_ini(21,1976)      1.11116  4.38772e-07
F_y_ini(21,1977)     0.291071  3.26587e-07
F_y_ini(21,1978)      5.00695  1.22983e-10
F_y_ini(21,1979)      5.00695  1.22983e-10
F_y_ini(21,1980)     0.162152  2.70602e-07
F_y_ini(21,1981)      0.23723  -5.9938e-08
F_y_ini(21,1982)     0.193345 -7.64203e-07
F_y_ini(21,1983)      5.00695  1.22983e-10
F_y_ini(21,1984)      1.59042  1.97927e-07
F_y_ini(21,1985)      1.75395 -2.44258e-07
F_y_ini(21,1986)       1.4437  2.24244e-07
F_y_ini(21,1987)      1.33872  1.85837e-07
F_y_ini(21,1988)      1.35887  3.21298e-09
F_y_ini(21,1989)      1.15486 -1.21256e-07
F_y_ini(21,1990)      1.13295   1.0292e-07
F_y_ini(21,1991)      1.19319  5.38208e-07
F_y_ini(21,1992)      1.62864  3.07442e-07
F_y_ini(21,1993)       2.2067  -4.0234e-08
F_y_ini(21,1994)      2.09834 -7.69847e-08
F_y_ini(21,1995)      2.45097 -3.34255e-08
F_y_ini(21,1996)     0.993092  2.50418e-07
F_y_ini(21,1997)     0.874806  1.90169e-07
F_y_ini(21,1998)      5.00695  1.22983e-10
F_y_ini(21,1999)     0.764666 -2.31433e-07
F_y_ini(21,2000)      0.76429 -4.20935e-07
F_y_ini(21,2001)     0.609498 -2.48705e-07
F_y_ini(21,2002)     0.544655 -2.30124e-07
F_y_ini(21,2003)     0.570522 -7.27683e-08
F_y_ini(21,2004)     0.607896 -4.40128e-07
F_y_ini(21,2005)       0.7981 -4.94994e-07
F_y_ini(21,2006)     0.642105 -5.52044e-07
F_y_ini(21,2007)     0.562015  1.87483e-07
F_y_ini(21,2008)     0.396644  1.73297e-07
F_y_ini(21,2009)     0.233715 -5.48698e-07
F_y_ini(21,2010)     0.264866  2.41342e-07
F_y_ini(21,2011)      0.23807  4.49745e-07
F_y_ini(21,2012)     0.450804 -6.39417e-07
F_y_ini(21,2013)      0.51735 -2.46463e-07
F_y_ini(21,2014)     0.501282   8.6945e-07
F_y_ini(21,2015)     0.556867  1.80157e-07
F_y_ini(21,2016)     0.566088 -2.74785e-07
F_y_ini(21,2017)     0.428495 -5.77014e-07
F_y_ini(21,2018)     0.566409  2.20027e-07
F_y_ini(21,2019)     0.510707  3.17261e-07
F_y_ini(22,1975)      1.35351 -2.45296e-07
F_y_ini(22,1976)      1.00197  9.48164e-07
F_y_ini(22,1977)      2.45228  2.84257e-06
F_y_ini(22,1978)      1.57574 -3.44045e-07
F_y_ini(22,1979)     0.567866  4.01645e-07
F_y_ini(22,1980)      1.66073  5.63599e-08
F_y_ini(22,1981)      1.13867 -9.53511e-07
F_y_ini(22,1982)     0.921412 -1.36884e-06
F_y_ini(22,1983)     0.411127 -1.50714e-07
F_y_ini(22,1984)     0.351416  6.79182e-07
F_y_ini(22,1985)     0.587394  1.25223e-06
F_y_ini(22,1986)      1.35117 -2.60241e-06
F_y_ini(22,1987)     0.925884  6.19904e-07
F_y_ini(22,1988)      1.19726  1.16316e-06
F_y_ini(22,1989)      2.54558  -5.4839e-06
F_y_ini(22,1990)      2.09642  1.67758e-06
F_y_ini(22,1991)       1.3193 -1.23851e-07
F_y_ini(22,1992)       0.9212 -7.81317e-07
F_y_ini(22,1993)     0.783071  2.59295e-07
F_y_ini(22,1994)      2.34713  6.36554e-08
F_y_ini(22,1995)      0.92832 -7.52275e-07
F_y_ini(22,1996)      1.02959  1.03293e-07
F_y_ini(22,1997)     0.995388 -7.66116e-08
F_y_ini(22,1998)      1.54306  1.79421e-06
F_y_ini(22,1999)      1.50092  1.93817e-06
F_y_ini(22,2000)      1.61579 -6.88281e-07
F_y_ini(22,2001)       1.0526 -5.61409e-06
F_y_ini(22,2002)       1.8433  1.92903e-06
F_y_ini(22,2003)     0.854617 -2.82836e-06
F_y_ini(22,2004)      1.76895  1.53612e-06
F_y_ini(22,2005)      5.00695  1.22983e-10
F_y_ini(22,2006)     0.380978  6.31023e-07
F_y_ini(22,2007)      1.16794 -5.39533e-06
F_y_ini(22,2008)      2.04723  1.23105e-06
F_y_ini(22,2009)     0.188935  1.94242e-08
F_y_ini(22,2010)     0.556757  8.80876e-07
F_y_ini(22,2011)     0.791442  7.71811e-07
F_y_ini(22,2012)     0.319791 -1.95899e-07
F_y_ini(22,2013)     0.462477  3.48689e-07
F_y_ini(22,2014)      2.90726  5.53775e-07
F_y_ini(22,2015)      1.19287  1.76323e-06
F_y_ini(22,2016)     0.496454  7.59504e-07
F_y_ini(22,2017)     0.659682  6.72805e-07
F_y_ini(22,2018)     0.757175  1.26313e-06
F_y_ini(22,2019)     0.801542 -5.64313e-07
F_y_ini(23,1975)      1.49568  2.75403e-07
F_y_ini(23,1976)      2.97196 -7.48716e-07
F_y_ini(23,1977)      3.23739  4.56463e-08
F_y_ini(23,1978)      4.16405   3.8125e-06
F_y_ini(23,1979)       6.0602  2.05123e-06
F_y_ini(23,1980)      3.92531 -2.32415e-07
F_y_ini(23,1981)      4.18247  1.14933e-06
F_y_ini(23,1982)      6.57817 -1.16204e-06
F_y_ini(23,1983)      3.52902 -7.37938e-06
F_y_ini(23,1984)      5.09325  -1.0586e-06
F_y_ini(23,1985)      6.07501  1.57207e-06
F_y_ini(23,1986)      2.00733 -6.94161e-08
F_y_ini(23,1987)      1.39183  2.51878e-07
F_y_ini(23,1988)      3.57429 -2.31797e-06
F_y_ini(23,1989)      4.31543  4.22291e-06
F_y_ini(23,1990)      5.27351 -2.37542e-06
F_y_ini(23,1991)      3.31611  2.26811e-06
F_y_ini(23,1992)      3.12077  1.03015e-06
F_y_ini(23,1993)      3.31022 -6.88758e-07
F_y_ini(23,1994)      3.30385  3.85806e-06
F_y_ini(23,1995)      2.00714 -3.16238e-07
F_y_ini(23,1996)       4.1398 -3.26981e-06
F_y_ini(23,1997)      2.09675 -1.32647e-07
F_y_ini(23,1998)      2.99908 -1.54248e-06
F_y_ini(23,1999)      5.41855  4.53907e-07
F_y_ini(23,2000)      3.26456 -5.21414e-07
F_y_ini(23,2001)      6.18787 -3.92227e-07
F_y_ini(23,2002)       2.8221  1.04771e-06
F_y_ini(23,2003)       4.5262  7.81564e-07
F_y_ini(23,2004)      5.20442   1.1545e-06
F_y_ini(23,2005)      5.00695  1.22983e-10
F_y_ini(23,2006)     0.960168  1.89538e-07
F_y_ini(23,2007)     0.668316  2.14118e-07
F_y_ini(23,2008)     0.739169  1.35478e-07
F_y_ini(23,2009)     0.898071  4.30194e-07
F_y_ini(23,2010)     0.311007  9.68826e-07
F_y_ini(23,2011)     0.294633 -2.43582e-07
F_y_ini(23,2012)    0.0907571  1.64357e-07
F_y_ini(23,2013)     0.985409  -2.0455e-07
F_y_ini(23,2014)     0.620355  1.01513e-07
F_y_ini(23,2015)      1.00901 -3.87793e-07
F_y_ini(23,2016)     0.106286  -1.6904e-07
F_y_ini(23,2017)     0.602241 -3.53123e-07
F_y_ini(23,2018)     0.696694  4.79401e-07
F_y_ini(23,2019)     0.264009  1.10027e-07
F_y_ini(24,1975)     0.662269 -3.99769e-07
F_y_ini(24,1976)     0.620663  1.09932e-07
F_y_ini(24,1977)     0.442196  8.32607e-08
F_y_ini(24,1978)     0.504968 -1.10895e-07
F_y_ini(24,1979)     0.543445  -2.2725e-07
F_y_ini(24,1980)     0.565578 -4.55663e-07
F_y_ini(24,1981)     0.447961 -1.74956e-07
F_y_ini(24,1982)     0.487557 -4.27992e-07
F_y_ini(24,1983)     0.619609 -5.86037e-07
F_y_ini(24,1984)     0.699388 -7.09629e-08
F_y_ini(24,1985)     0.897565  3.55351e-07
F_y_ini(24,1986)     0.521775  1.34968e-08
F_y_ini(24,1987)     0.700414 -3.14098e-07
F_y_ini(24,1988)     0.364986 -1.39246e-07
F_y_ini(24,1989)     0.424101 -6.77608e-08
F_y_ini(24,1990)     0.477411 -2.55632e-07
F_y_ini(24,1991)     0.691222  1.51253e-07
F_y_ini(24,1992)     0.382584  3.07532e-07
F_y_ini(24,1993)     0.674762  3.46915e-07
F_y_ini(24,1994)     0.523645 -4.99257e-07
F_y_ini(24,1995)     0.293678 -3.25975e-07
F_y_ini(24,1996)     0.333725 -1.56772e-07
F_y_ini(24,1997)     0.297048 -1.09017e-07
F_y_ini(24,1998)     0.238676 -5.33128e-08
F_y_ini(24,1999)     0.350282 -1.91254e-07
F_y_ini(24,2000)     0.299399 -3.68161e-07
F_y_ini(24,2001)       0.1068 -2.97764e-07
F_y_ini(24,2002)     0.276272 -4.92563e-07
F_y_ini(24,2003)      5.00695  1.22983e-10
F_y_ini(24,2004)     0.693762  3.53754e-07
F_y_ini(24,2005)      5.00695  1.22983e-10
F_y_ini(24,2006)      0.95517  1.02996e-07
F_y_ini(24,2007)      5.00695  1.22983e-10
F_y_ini(24,2008)     0.523249 -6.67383e-07
F_y_ini(24,2009)     0.557445 -3.35665e-07
F_y_ini(24,2010)      1.12506 -2.10878e-07
F_y_ini(24,2011)    0.0586216 -2.31244e-07
F_y_ini(24,2012)    0.0862498   -8.066e-10
F_y_ini(24,2013)     0.870818 -1.40997e-07
F_y_ini(24,2014)     0.934037 -3.87478e-07
F_y_ini(24,2015)     0.821714 -7.94461e-07
F_y_ini(24,2016)      1.12793  5.60608e-07
F_y_ini(24,2017)     0.461241 -4.76563e-08
F_y_ini(24,2018)     0.891469  1.17402e-07
F_y_ini(24,2019)      1.09618  6.39627e-08
F_y_ini(25,1975)      2.41054  3.08994e-06
F_y_ini(25,1976)      2.14401 -6.38059e-06
F_y_ini(25,1977)       2.1005  3.98828e-06
F_y_ini(25,1978)      1.57287 -4.28912e-06
F_y_ini(25,1979)     0.943389  -6.7329e-07
F_y_ini(25,1980)      2.62837 -7.71242e-07
F_y_ini(25,1981)      1.66144  9.94716e-08
F_y_ini(25,1982)      1.36054  7.47201e-07
F_y_ini(25,1983)      2.72342 -1.45789e-06
F_y_ini(25,1984)      1.49128  1.14971e-06
F_y_ini(25,1985)       1.7444  -1.6323e-06
F_y_ini(25,1986)      2.52778  3.90054e-07
F_y_ini(25,1987)      0.60992 -3.34604e-07
F_y_ini(25,1988)      2.16106  9.32277e-07
F_y_ini(25,1989)     0.767003  9.22903e-07
F_y_ini(25,1990)      2.04481  4.82821e-07
F_y_ini(25,1991)      2.06801 -3.73761e-07
F_y_ini(25,1992)     0.879424  2.34731e-07
F_y_ini(25,1993)      1.89127 -4.69378e-07
F_y_ini(25,1994)     0.870641 -8.45782e-08
F_y_ini(25,1995)      2.12566 -9.95208e-07
F_y_ini(25,1996)      1.90144  2.61711e-07
F_y_ini(25,1997)      1.31731 -1.49199e-06
F_y_ini(25,1998)      2.21017 -3.13014e-08
F_y_ini(25,1999)      1.40809 -8.56416e-07
F_y_ini(25,2000)      1.73496  1.35058e-07
F_y_ini(25,2001)      2.28448 -9.29562e-07
F_y_ini(25,2002)      2.10131  5.30258e-07
F_y_ini(25,2003)      1.88338 -9.99345e-07
F_y_ini(25,2004)      1.97022  6.01745e-07
F_y_ini(25,2005)      1.43033 -5.43393e-07
F_y_ini(25,2006)      2.45702 -5.76818e-07
F_y_ini(25,2007)      1.66014 -1.45013e-07
F_y_ini(25,2008)       1.4362  -2.6711e-07
F_y_ini(25,2009)     0.952227  1.45506e-07
F_y_ini(25,2010)      1.02935 -1.09568e-06
F_y_ini(25,2011)      1.17755  3.48356e-07
F_y_ini(25,2012)      1.27213 -1.15504e-06
F_y_ini(25,2013)      1.74215  1.77288e-07
F_y_ini(25,2014)     0.315782  3.35441e-07
F_y_ini(25,2015)      1.48652 -1.49706e-06
F_y_ini(25,2016)      3.02678  7.41933e-07
F_y_ini(25,2017)      1.25119 -1.75769e-06
F_y_ini(25,2018)      1.36675  5.27946e-07
F_y_ini(25,2019)     0.727383 -2.02379e-06
F_y_ini(26,1975)      1.17533 -5.37654e-07
F_y_ini(26,1976)     0.935354 -9.20567e-07
F_y_ini(26,1977)      1.00887 -5.38242e-07
F_y_ini(26,1978)     0.895419  1.56047e-07
F_y_ini(26,1979)      1.35112 -3.85831e-07
F_y_ini(26,1980)      1.07885  -2.8162e-07
F_y_ini(26,1981)      1.11228 -3.31068e-07
F_y_ini(26,1982)      1.20583  -2.4534e-07
F_y_ini(26,1983)      1.14929 -1.77934e-07
F_y_ini(26,1984)      1.18732 -6.86851e-07
F_y_ini(26,1985)      1.06943  -1.1195e-06
F_y_ini(26,1986)      1.31764 -3.30213e-07
F_y_ini(26,1987)      1.35468 -1.38859e-07
F_y_ini(26,1988)      1.44121  2.81995e-08
F_y_ini(26,1989)      1.28521  3.91129e-07
F_y_ini(26,1990)      5.00695  1.22983e-10
F_y_ini(26,1991)      1.17712  7.22318e-07
F_y_ini(26,1992)      1.26631   3.7237e-07
F_y_ini(26,1993)      1.22782  1.50301e-07
F_y_ini(26,1994)      1.24824  5.97475e-08
F_y_ini(26,1995)      1.16987 -5.55852e-07
F_y_ini(26,1996)      1.35817 -1.11608e-07
F_y_ini(26,1997)      1.64622  5.24199e-07
F_y_ini(26,1998)      1.41287  3.23975e-07
F_y_ini(26,1999)      1.49151  8.70808e-07
F_y_ini(26,2000)      1.15301  3.51858e-07
F_y_ini(26,2001)      1.46099 -2.63435e-07
F_y_ini(26,2002)       1.4898 -5.41349e-07
F_y_ini(26,2003)      5.00695  1.22983e-10
F_y_ini(26,2004)     0.776338 -3.69335e-07
F_y_ini(26,2005)      0.81967  9.36129e-07
F_y_ini(26,2006)     0.809373    1.009e-06
F_y_ini(26,2007)     0.714161  3.40468e-07
F_y_ini(26,2008)     0.618036  2.26867e-07
F_y_ini(26,2009)     0.543695  2.06231e-07
F_y_ini(26,2010)     0.557442 -4.99194e-07
F_y_ini(26,2011)     0.567605  6.74789e-07
F_y_ini(26,2012)     0.578235  7.45167e-07
F_y_ini(26,2013)     0.530542 -4.57918e-08
F_y_ini(26,2014)     0.529303  7.58337e-07
F_y_ini(26,2015)     0.567053  4.39938e-07
F_y_ini(26,2016)     0.652923  7.15111e-07
F_y_ini(26,2017)     0.499803 -2.91585e-07
F_y_ini(26,2018)     0.504876 -5.67511e-07
F_y_ini(26,2019)     0.346503  2.45005e-07
F_y_ini(27,1975)      1.01604  5.04045e-07
F_y_ini(27,1976)     0.948639  4.42309e-07
F_y_ini(27,1977)     0.859757  1.63631e-08
F_y_ini(27,1978)      1.05581  5.69577e-07
F_y_ini(27,1979)      1.03953  1.09618e-06
F_y_ini(27,1980)      1.05013  1.86363e-06
F_y_ini(27,1981)      1.04652  2.13355e-06
F_y_ini(27,1982)      1.18123  2.41295e-06
F_y_ini(27,1983)      1.11028  1.90274e-06
F_y_ini(27,1984)      1.27467  1.55531e-06
F_y_ini(27,1985)      1.19935  1.61903e-06
F_y_ini(27,1986)      1.32635  2.67346e-07
F_y_ini(27,1987)      1.08386 -9.88596e-07
F_y_ini(27,1988)      1.08504 -1.44868e-06
F_y_ini(27,1989)     0.888976 -1.49065e-06
F_y_ini(27,1990)      5.00695  1.22983e-10
F_y_ini(27,1991)      1.10108 -2.15489e-09
F_y_ini(27,1992)      1.06477  5.25999e-07
F_y_ini(27,1993)      1.18767   1.0406e-06
F_y_ini(27,1994)      1.28005  1.31699e-06
F_y_ini(27,1995)      1.17547  1.63755e-06
F_y_ini(27,1996)      1.69681  1.51691e-06
F_y_ini(27,1997)      1.43904  1.47304e-06
F_y_ini(27,1998)      1.52326  1.36108e-06
F_y_ini(27,1999)      1.35675  1.37001e-06
F_y_ini(27,2000)      1.50792  1.40552e-06
F_y_ini(27,2001)      1.25709  1.00229e-06
F_y_ini(27,2002)      1.24918  6.05183e-07
F_y_ini(27,2003)       1.2315  1.95552e-08
F_y_ini(27,2004)      1.21491  4.50693e-08
F_y_ini(27,2005)      1.29693  2.67645e-07
F_y_ini(27,2006)      1.10548  4.54461e-07
F_y_ini(27,2007)      1.11506  6.41785e-07
F_y_ini(27,2008)     0.953614  1.19112e-06
F_y_ini(27,2009)      1.10033  4.01874e-07
F_y_ini(27,2010)      1.23346 -4.91041e-07
F_y_ini(27,2011)      1.07389 -1.41631e-06
F_y_ini(27,2012)      1.21017  -1.4358e-06
F_y_ini(27,2013)      1.08999 -8.92092e-07
F_y_ini(27,2014)      1.03252 -2.58994e-07
F_y_ini(27,2015)     0.937758  7.49442e-07
F_y_ini(27,2016)       1.0566  8.64313e-07
F_y_ini(27,2017)     0.951829  6.53243e-07
F_y_ini(27,2018)     0.818662  4.42115e-07
F_y_ini(27,2019)     0.697751 -7.01521e-07
F_q_ini[47](3)     0.902647 -1.33947e-06
F_q_ini[48](3)      1.17467 -6.55587e-06
F_q_ini[49](3)     0.583077 -4.08425e-06
F_q_ini[50](1)    0.0803607 -5.44625e-06
F_q_ini[50](2)    0.0532806    1.342e-05
F_q_ini[50](3)       0.1386 -7.75387e-06
F_q_ini[51](1)    0.0830949 -1.49174e-05
F_q_ini[51](2)    0.0923446 -1.14621e-05
F_q_ini[51](3)     0.246251 -1.64422e-05
F_q_ini[52](1)    0.0724858 -1.44649e-05
F_q_ini[52](2)     0.133201 -2.21293e-05
F_q_ini[52](3)     0.348292   -2.529e-05
F_q_ini[55](2)      3.52237  3.39894e-06
F_q_ini[56](2)      22.0549  2.92716e-09
F_q_ini[57](2)      4.61805  1.60922e-06
F_q_ini[58](2)      26.3688 -9.85805e-07
F_q_ini[61](2)      3.29487  2.36748e-05
F_q_ini[62](2)      5.31565  1.14572e-05
F_q_ini[63](2)      3.27099  2.74952e-05
F_q_ini[64](2)      8.49803  1.57537e-05
F_q_ini[65](3)    0.0244986 -1.06557e-05
F_q_ini[66](3)    0.0400779 -3.06554e-06
F_q_ini[67](1)    0.0572973 -2.70493e-05
F_q_ini[67](2)    0.0497352 -1.60374e-05
F_q_ini[67](3)     0.170727  -1.7213e-05
F_q_ini[68](1)   0.00204484  2.88712e-05
F_q_ini[68](2)    0.0198578   5.4174e-06
F_q_ini[68](3)     0.119298 -2.35015e-06
F_q_ini[69](1)    0.0984282 -4.18184e-06
F_q_ini[69](2)     0.133871  4.28694e-06
F_q_ini[69](3)     0.142754  1.20299e-06
F_q_ini[70](1)    0.0039972  9.37977e-06
F_q_ini[70](2)    0.0325215 -7.41184e-07
F_q_ini[70](3)     0.146061 -2.54832e-06
F_q_ini[71](1)    0.0182913 -1.36263e-05
F_q_ini[71](2)       14.322 -7.52371e-09
F_q_ini[71](3)     0.253281 -7.76311e-05
F_q_ini[72](1)    0.0446515 -7.40975e-05
F_q_ini[72](2)       14.322 -7.52371e-09
F_q_ini[72](3)       0.1286 -9.66624e-05
F_q_ini[73](1)    0.0779845 -4.38628e-05
F_q_ini[73](2)       14.322 -7.52371e-09
F_q_ini[73](3)     0.109526 -1.11887e-05
qq_ini(1,1)     0.806178 -1.51248e-06
qq_ini(1,2)      4.61684  4.69372e-07
qq_ini(1,3)      9.72476   2.8582e-08
qq_ini(1,4)      10.7018  1.71546e-06
qq_ini(2,1)      2.99787  1.30873e-06
qq_ini(2,2)      5.77955  5.00215e-07
qq_ini(2,3)      7.94744  1.46021e-06
qq_ini(2,4)      9.22896  8.46309e-08
qq_ini(3,1)     0.826389 -3.74543e-07
qq_ini(3,2)      2.63951  1.44576e-06
qq_ini(3,3)      3.29125  2.82581e-07
qq_ini(3,4)      2.84271 -8.43078e-08
qq_ini(4,1)       1.8473  1.43349e-06
qq_ini(4,2)      5.87862 -7.18642e-07
qq_ini(4,3)      6.35231 -7.19309e-07
qq_ini(4,4)      5.42663   1.8298e-06
qq_ini(5,0)     0.717591 -4.01116e-07
qq_ini(5,1)      5.54282 -7.47168e-07
qq_ini(5,2)      6.22203  2.88561e-06
qq_ini(5,3)      5.02559  -3.5598e-07
qq_ini(5,4)      5.13064  3.42884e-06
qq_ini(6,1)     0.155057  3.49455e-06
qq_ini(6,2)     0.427729 -1.64588e-06
qq_ini(6,3)     0.421348  7.68941e-07
qq_ini(7,1)     0.305802 -9.43915e-06
qq_ini(7,2)     0.852864  1.63645e-06
qq_ini(7,3)     0.801126 -1.11723e-06
qq_ini(8,0)     0.137347 -3.02433e-07
qq_ini(8,1)     0.536284  4.04907e-08
qq_ini(8,2)     0.605571  -1.0081e-07
qq_ini(9,3)     0.984973 -1.05874e-06
qq_ini(10,3)     0.633719 -6.04287e-07
qq_ini(10,4)     0.953659  7.94831e-07
qq_ini(10,5)      1.52035  3.85662e-08
qq_ini(11,1)       1.0129  5.82578e-08
qq_ini(12,1)      1.35922  5.87676e-07
qq_ini(12,2)      1.19853 -1.31062e-07
qq_ini(12,3)      1.38087 -2.46676e-07
qq_ini(13,1)      13.9909  2.24821e-07
qq_ini(14,0)     0.422055 -5.23822e-07
qq_ini(15,0)     0.510262 -6.76016e-08
qq_ini(15,1)     0.443433  1.13927e-06
qq_ini(15,2)     0.809391  1.91514e-06
qq_ini(16,1)     0.670959  5.62322e-07
qq_ini(16,2)     0.942053 -1.71199e-06
qq_ini(16,3)     0.770432  2.07601e-08
qq_ini(17,1)     0.896311 -4.96481e-07
qq_ini(17,2)      1.82146  1.68206e-06
qq_ini(17,3)       2.5897  5.70863e-07
qq_ini(18,0)      1.81273  3.04645e-07
qq_ini(19,1)      1.24573 -1.25253e-07
qq_ini(19,2)       2.8288 -1.91349e-07
qq_ini(19,3)      3.76821 -5.98894e-07
qq_ini(20,0)      18.8961  2.07088e-06
qq_ini(20,1)      10.1796 -5.28343e-07
qq_ini(20,2)      8.11073 -4.02565e-08
qq_ini(21,1)     0.402232 -1.97772e-06
qq_ini(21,2)     0.926008 -5.96088e-07
qq_ini(21,3)      1.07822 -1.62627e-06
qq_ini(22,1)     0.830459 -1.12585e-06
qq_ini(22,2)     0.755286 -1.56727e-06
qq_ini(22,3)     0.928069 -1.37672e-06
qq_ini(23,1)      1.57405  -1.2436e-06
qq_ini(23,2)      2.34592 -9.35299e-08
qq_ini(23,3)      2.98743 -4.67238e-06
qq_ini(24,1)     0.648289  4.68814e-07
qq_ini(24,2)      1.81195  2.59231e-06
qq_ini(24,3)       2.7218  7.93628e-06
qq_ini(25,0)     0.375695 -1.41473e-06
qq_ini(25,1)      3.27018  2.61939e-07
qq_ini(26,1)      1.02105 -9.09438e-07
qq_ini(26,2)      3.32267  1.00325e-07
qq_ini(26,3)      8.56676 -6.15357e-07
qq_ini(27,2)      5.55227  2.58308e-06
qq_ini(27,3)      8.35961  1.11014e-06
qq_ini(28,0)     0.760935  6.53696e-07
qq_ini(28,1)      3.19622  5.01499e-07
qq_ini(29,1)      11.5039  1.31714e-06
qq_ini(29,2)      24.2643  3.13079e-07
qq_ini(29,3)      42.6742   1.6628e-06
qq_ini(30,1)      4.52242  3.10942e-07
qq_ini(30,2)      12.8837  2.06381e-07
qq_ini(30,3)      18.5364  3.21342e-07
qq_ini(31,1)      8.64584  7.71688e-07
qq_ini(31,2)      10.4052   2.2471e-06
qq_ini(31,3)      7.07742 -1.05214e-06
qq_ini(32,1)       2.8746  -2.4383e-06
qq_ini(32,2)      2.65889 -3.49861e-06
qq_ini(32,3)      1.22772 -1.90574e-06
qq_ini(32,4)     0.282296 -5.69158e-06
qq_ini(33,1)      6.94012  3.87678e-07
qq_ini(33,2)      6.31287  1.63523e-06
qq_ini(33,3)      5.15327  1.76484e-06
qq_ini(33,4)      5.41686  6.55184e-07
qq_ini(34,1)      3.27821  1.54068e-06
qq_ini(34,2)      1.74747  2.95433e-06
qq_ini(34,3)     0.527043  2.74859e-06
qq_ini(34,4)     0.140537  2.59544e-06
qq_ini(34,5)    0.0322479  9.88729e-07
qq_ini(35,1)      17.5516 -3.73924e-06
qq_ini(35,2)      4.52167  1.42907e-06
qq_ini(35,3)      2.06193  3.60858e-06
qq_ini(35,4)     0.903508  1.06762e-06
qq_ini(36,1)      3.21174  1.17279e-06
qq_ini(36,2)      9.41586  2.86547e-06
qq_ini(36,3)      14.4547  1.53052e-07
qq_ini(36,4)       17.222  1.41296e-06
qq_ini(36,5)      28.7329 -2.79419e-07
qq_ini(37,1)      1.81926 -1.12862e-06
qq_ini(37,2)      9.69971 -2.42853e-06
qq_ini(37,3)      19.6442 -1.43496e-06
qq_ini(37,4)      23.4978  1.78535e-06
qq_ini(37,5)      27.7374  2.95458e-06
qq_ini(38,0)      6.65696 -1.19811e-07
qq_ini(38,1)      18.6118 -7.27739e-07
qq_ini(38,2)      7.28434 -2.70726e-06
qq_ini(38,3)       2.3459   -4.887e-08
qq_ini(39,1)      2.90634 -3.42307e-06
qq_ini(39,2)      2.41056  -1.9902e-06
qq_ini(39,3)       1.8588  8.10714e-07
qq_ini(39,4)      1.54565  2.94541e-06
qq_ini(40,1)      1.38107 -1.06895e-06
qq_ini(40,2)      1.39536 -2.45576e-07
qq_ini(40,3)      0.86949  5.04583e-07
qq_ini(40,4)     0.498749  3.43237e-08
qq_s2_ini(1,1)     0.358563 -5.57192e-07
qq_s2_ini(1,2)    0.0934065  4.18112e-07
qq_s2_ini(2,1)     0.233019 -2.42998e-06
qq_s2_ini(2,2)     0.107764  2.31038e-08
qq_s2_ini(3,1)     0.173881  1.56244e-06
qq_s2_ini(3,2)     0.220168 -1.26569e-07
qq_s2_ini(4,1)     0.177836  7.35098e-07
qq_s2_ini(4,2)      0.13275  6.87559e-08
qq_s2_ini(5,1)     0.540667 -5.97822e-07
qq_s2_ini(5,2)     0.135507  2.25749e-07
qq_s2_ini(5,3)     0.106731  1.87763e-06
qq_s2_ini(6,1)     0.180774 -6.34802e-07
qq_s2_ini(6,2)     0.159789 -5.31534e-07
qq_s2_ini(7,1)     0.204929  9.38432e-07
qq_s2_ini(7,2)     0.181572 -2.87096e-08
qq_s2_ini(8,1)     0.270588 -3.55072e-07
qq_s2_ini(8,2)    0.0764595 -3.65125e-07
qq_s2_ini(8,3)     0.207034 -5.75255e-07
qq_s2_ini(9,1)     0.250301  -6.1262e-07
qq_s2_ini(10,1)     0.152353 -6.20736e-07
qq_s2_ini(10,2)     0.258717 -2.44299e-06
qq_s2_ini(11,1)     0.311919 -1.58015e-06
qq_s2_ini(12,1)     0.263683  1.14062e-07
qq_s2_ini(12,2)     0.052732  7.47358e-06
qq_s2_ini(12,3)    0.0858611 -1.24148e-07
qq_s2_ini(13,1)     0.107024 -1.09841e-06
qq_s2_ini(14,1)     0.146217 -2.66567e-06
qq_s2_ini(15,1)     0.432547 -2.42766e-06
qq_s2_ini(15,2)     0.368678 -1.53596e-06
qq_s2_ini(16,1)       0.3802 -1.42099e-06
qq_s2_ini(17,1)     0.631001 -1.78415e-06
qq_s2_ini(17,2)     0.280693  6.67158e-07
qq_s2_ini(18,1)      1.42376 -2.84241e-06
qq_s2_ini(19,1)     0.654091 -1.59379e-06
qq_s2_ini(19,2)     0.732969 -7.61379e-07
qq_s2_ini(20,1)     0.188761  -9.4168e-07
qq_s2_ini(20,2)     0.651999 -9.28766e-07
qq_s2_ini(21,1)     0.343905  8.68873e-07
qq_s2_ini(21,2)     0.186145 -1.88327e-07
qq_s2_ini(22,1)         0.04 -9.11624e-07
qq_s2_ini(23,1)         0.04  -3.5484e-07
qq_s2_ini(24,1)      0.26761  -2.0595e-06
qq_s2_ini(25,1)     0.760439 -2.00796e-06
qq_s2_ini(25,2)     0.201814  1.74566e-06
qq_s2_ini(26,1)     0.263024  1.07988e-07
qq_s2_ini(26,2)     0.134611  1.35818e-06
qq_s2_ini(27,1)     0.251757  2.27108e-06
qq_s2_ini(27,2)     0.751308 -3.96566e-07
qq_s2_ini(28,1)     0.543414 -2.92066e-09
qq_s2_ini(28,2)     0.128538 -6.31278e-07
qq_s2_ini(29,1)     0.256844  2.13053e-07
qq_s2_ini(29,2)     0.260274 -1.67802e-07
qq_s2_ini(30,1)     0.538536  3.91428e-07
qq_s2_ini(30,2)      0.32523 -5.55852e-07
qq_s2_ini(31,1)     0.184554 -1.42797e-07
qq_s2_ini(31,2)    0.0571002 -5.02131e-07
qq_s2_ini(32,1)     0.239144  4.30642e-07
qq_s2_ini(32,2)     0.420944 -3.88198e-06
qq_s2_ini(32,3)     0.412701 -1.96165e-05
qq_s2_ini(33,1)     0.295747 -5.58962e-06
qq_s2_ini(33,2)     0.179766 -7.54733e-06
qq_s2_ini(33,3)     0.328913 -6.68481e-06
qq_s2_ini(34,1)     0.178619 -4.41707e-06
qq_s2_ini(34,2)     0.836387 -5.50383e-06
qq_s2_ini(34,3)      1.39318 -6.25729e-06
qq_s2_ini(35,1)    0.0978675  1.53337e-06
qq_s2_ini(35,2)     0.508263 -2.60889e-06
qq_s2_ini(35,3)      1.35116 -5.36038e-07
qq_s2_ini(36,1)      0.22806  1.88887e-06
qq_s2_ini(36,2)     0.142621 -4.26425e-06
qq_s2_ini(36,3)     0.348838   2.7358e-06
qq_s2_ini(37,1)     0.114087  1.24358e-06
qq_s2_ini(37,2)    0.0826095  6.80503e-06
qq_s2_ini(37,3)     0.107031 -2.59897e-07
qq_s2_ini(38,1)      1.98529  3.72361e-07
qq_s2_ini(38,2)     0.361287  3.37099e-06
qq_s2_ini(38,3)     0.440795  3.03379e-06
qq_s2_ini(38,4)      1.19658  1.48473e-05
qq_s2_ini(39,1)     0.244685 -1.73254e-05
qq_s2_ini(39,2)     0.145161    1.198e-05
qq_s2_ini(39,3)     0.175105  3.90857e-06
qq_s2_ini(39,4)     0.504594  1.98012e-05
qq_s2_ini(40,1)      0.25463   1.5375e-05
qq_s2_ini(40,2)      0.27135  4.42378e-05
qq_s2_ini(40,3)     0.477982  1.59271e-08
qq_s2_ini(40,4)      1.77402  4.03149e-05
SSB_R_alfa(16)      4.84335  9.92953e-05
SSB_R_alfa(17)      4.91766  -2.1082e-06
SSB_R_alfa(18)      3.62551    4.874e-06
SSB_R_alfa(19)       2.5394  8.79691e-07
SSB_R_alfa(20)      15.3091 -1.92917e-06
SSB_R_alfa(21)      57.0689  1.56496e-06
SSB_R_alfa(22)      2105.68  1.05457e-06
SSB_R_alfa(23)      1367.86  2.10303e-05
SSB_R_alfa(24)      7.48274  6.86239e-05
SSB_R_alfa(25)      6.80412  4.56716e-06
SSB_R_alfa(26)      6.84398  1.44987e-07
SSB_R_alfa(27)      7.29991 -3.31809e-06
SSB_R_beta_ini(1)     0.416128 -1.08238e-05
SSB_R_beta_ini(2)    0.0905208 -4.00913e-06
SSB_R_beta_ini(3)     0.329229 -2.23195e-06
SSB_R_beta_ini(4)      2.75831 -1.50077e-06
SSB_R_beta_ini(5)      2.00424  -3.8859e-06
SSB_R_beta_ini(6)      2.54226 -2.93537e-06
catch_s2_ini[16](1,1)     0.373211 -4.10589e-06
catch_s2_ini[16](1,2)    0.0212712 -9.98304e-07
catch_s2_ini[16](1,3)    0.0545089 -7.15844e-07
catch_s2_ini[16](1,4)     0.202685 -2.04028e-06
catch_s2_ini[17](1,1)        1.266 -8.41455e-08
catch_s2_ini[17](1,2)     0.199592    4.763e-07
catch_s2_ini[17](1,3)    0.0192534 -2.30883e-06
catch_s2_ini[17](1,4)    0.0777053  -1.6147e-06
catch_s2_ini[17](1,5)     0.242233 -2.03839e-06
catch_s2_ini[18](1,1)     0.678584 -8.37183e-06
catch_s2_ini[18](1,2)     0.262447 -5.24509e-06
catch_s2_ini[18](1,3)    0.0593142  -1.6731e-05
catch_s2_ini[18](1,4)     0.157685 -2.90776e-06
catch_s2_ini[18](1,5)     0.405976 -1.49335e-05
catch_s2_ini[19](1,1)     0.215481 -2.29417e-05
catch_s2_ini[19](1,2)    0.0356189 -4.81718e-06
catch_s2_ini[19](1,3)    0.0617803 -1.18959e-05
catch_s2_ini[20](1,1)     0.166677 -1.79617e-05
catch_s2_ini[20](1,2)     0.176586 -4.41236e-07
catch_s2_ini[20](1,3)    0.0392882 -3.44489e-06
catch_s2_ini[21](1,1)        1.005 -5.38249e-06
catch_s2_ini[21](1,2)     0.726176 -1.93945e-06
catch_s2_ini[21](1,3)     0.922878  8.91967e-06
catch_s2_ini[21](2,1)        1.005  2.01447e-06
catch_s2_ini[21](2,2)     0.464712  4.30598e-06
catch_s2_ini[21](2,3)     0.552536  5.81214e-06
catch_s2_ini[21](3,1)     0.804802  4.74984e-06
catch_s2_ini[21](3,2)     0.475566   9.7001e-08
catch_s2_ini[21](3,3)    0.0960784  1.76974e-06
catch_s2_ini[21](4,1)     0.849592  8.90126e-06
catch_s2_ini[21](4,2)     0.372938  1.92843e-06
catch_s2_ini[21](4,3)     0.862725  1.30978e-06
catch_s2_ini[22](1,1)        1.005 -1.39305e-07
catch_s2_ini[22](1,2)        1.005  1.37019e-06
catch_s2_ini[22](1,3)        1.005  4.36818e-06
catch_s2_ini[22](2,1)        1.005  6.69112e-06
catch_s2_ini[22](2,2)     0.310423  5.14349e-06
catch_s2_ini[22](2,3)      1.30519  2.30508e-05
catch_s2_ini[22](3,1)      1.82816  2.02793e-05
catch_s2_ini[22](3,2)      1.66359   8.7034e-07
catch_s2_ini[22](3,3)      1.68171  2.57806e-07
catch_s2_ini[22](4,1)        1.005  1.36949e-06
catch_s2_ini[22](4,2)        1.005 -3.13017e-06
catch_s2_ini[22](4,3)        1.005 -2.39208e-07
catch_s2_ini[23](1,1)        1.005 -7.95895e-07
catch_s2_ini[23](1,2)        1.005  1.27118e-07
catch_s2_ini[23](2,1)        1.005 -1.55526e-07
catch_s2_ini[23](2,2)     0.204976  6.73995e-07
catch_s2_ini[23](3,1)            2 -1.35042e-06
catch_s2_ini[23](3,2)       1.1793 -1.31439e-06
catch_s2_ini[23](4,1)        1.005 -2.34808e-06
catch_s2_ini[23](4,2)        1.005 -6.48956e-06
catch_s2_ini[24](1,1)        1.005 -1.12728e-07
catch_s2_ini[24](1,2)     0.830388 -3.80083e-07
catch_s2_ini[24](1,3)            2 -8.67607e-08
catch_s2_ini[24](2,1)        1.005  1.74759e-06
catch_s2_ini[24](2,2)     0.491416 -2.78274e-06
catch_s2_ini[24](2,3)      1.31977 -4.22127e-07
catch_s2_ini[24](3,1)            2  1.18111e-06
catch_s2_ini[24](3,2)     0.311082 -3.01947e-07
catch_s2_ini[24](3,3)      1.36832 -1.09292e-06
catch_s2_ini[24](4,1)      1.55576 -2.47734e-07
catch_s2_ini[24](4,2)     0.531688 -2.84758e-07
catch_s2_ini[24](4,3)            2 -1.54098e-07
catch_s2_ini[25](1,1)      1.25887 -1.18857e-07
catch_s2_ini[25](1,2)      1.49052 -5.96003e-08
catch_s2_ini[25](2,1)        1.005 -9.96955e-08
catch_s2_ini[25](2,2)        1.005  5.82568e-07
catch_s2_ini[25](3,1)     0.753136 -2.66216e-07
catch_s2_ini[25](3,2)      1.03945  6.31213e-07
catch_s2_ini[25](4,1)     0.502617 -5.71999e-07
catch_s2_ini[25](4,2)      1.65653 -1.91508e-06
catch_s2_ini[26](1,1)     0.149125  4.63815e-06
catch_s2_ini[26](1,2)     0.028886  5.46018e-06
catch_s2_ini[26](1,3)    0.0346661  2.61641e-06
catch_s2_ini[27](1,1)            2 -3.19282e-07
catch_s2_ini[27](1,2)     0.168589  7.04589e-07
catch_s2_ini[27](1,3)    0.0325489  3.60493e-06
SSB_R_s2_ini(16)     0.280623 -1.40007e-06
SSB_R_s2_ini(17)    0.0746666  4.17275e-08
SSB_R_s2_ini(18)      1.09255 -1.73427e-06
SSB_R_s2_ini(19)     0.183367 -7.91981e-09
SSB_R_s2_ini(20)     0.221497 -1.96986e-06
SSB_R_s2_ini(21)     0.257686  2.40625e-06
SSB_R_s2_ini(22)     0.436912  6.13524e-07
SSB_R_s2_ini(23)     0.447488  1.61778e-07
SSB_R_s2_ini(24)     0.313656 -4.33128e-07
SSB_R_s2_ini(25)     0.307871  -1.6716e-06
SSB_R_s2_ini(26)     0.123161  4.66959e-08
SSB_R_s2_ini(27)     0.395521  2.19795e-06
vulnera(1)      2.79886  5.22483e-07
vulnera(2)     0.665194 -1.18014e-06
vulnera(3)      20.2767  5.33916e-07
vulnera(4)    0.0362863  1.87076e-06
vulnera(5)     0.026036  1.14665e-06
vulnera(6)    0.0206514  1.33879e-06
vulnera(7)    0.0415758  3.58924e-07
vulnera(8)    0.0852282  3.83036e-07
vulnera(9)      2.75901 -2.26334e-07
vulnera(10)      8.87049  -2.5631e-07
vulnera(11)      3.16133 -2.97654e-06
vulnera(12)      2.17112  2.33996e-06
vulnera(13)      2.14303 -1.95493e-07
vulnera(14)      2.75096 -2.86643e-07
vulnera(15)    0.0453764  4.28756e-07
vulnera(16)    0.0882906  2.68326e-07
vulnera(17)    0.0455806 -1.52486e-06
vulnera(18)   0.00123838  1.81206e-06
vulnera(19)   0.00117811 -2.85216e-07
vulnera(20)   0.00124091 -3.14987e-06
vulnera(21)   0.00559882  1.55562e-07
vulnera(22)   0.00561393 -5.68324e-07
vulnera(23)       54.665 -6.80384e-07
vulnera(24)      13.2843  1.57383e-06
vulnera(25)      16.6849 -3.07231e-08
vulnera(26)     0.978024 -1.12889e-08
vulnera(27)      1.30012 -2.68326e-06
vulnera(28)      1.03048 -1.29516e-06
vulnera(29)      7.54655 -3.67427e-06
vulnera(30)      7.23412 -1.01286e-06
vulnera(31)      3.79244  1.94269e-06
vulnera(32)      5.13296  1.83808e-06
vulnera(33)      0.10598  1.04729e-06
vulnera(34)      1.00732 -4.16414e-07
vulnera(35)     0.793175  8.72148e-07
vulnera(36)     0.379715  2.33327e-07
vulnera(37)     0.620154  6.12716e-08
vulnera(38)      22.0239 -1.01905e-06
vulnera(39)       1.6322 -1.18263e-07
vulnera(40)     0.609772  1.12962e-06
vulnera(41)     0.503826  4.94875e-07
vulnera(42)       5.8054  4.51835e-07
vulnera(43)      2.96312   4.0494e-07
vulnera(44)     0.930708  4.50471e-07
vulnera(45)     0.732271  3.75207e-06
vulnera(46)     0.580786  3.91735e-07
vulnera(47)    0.0717107  8.57167e-07
vulnera(48)      4.41345 -3.62028e-07
vulnera(49)     0.302757  8.26086e-07
vulnera(50)     0.240795 -3.68539e-07
vulnera(51)    0.0271974  2.92563e-08
vulnera(52)        1.364 -8.58709e-07
vulnera(53)      125.762  6.34251e-07
vulnera(54)      17.5588 -4.16037e-07
vulnera(55)      2.55718  3.25702e-06
vulnera(56)      1.18275   6.5197e-07
vulnera(57)      2.81509  3.10752e-06
vulnera(58)      39.5296  3.66178e-06
vulnera(59)      5.64902  1.22605e-06
vulnera(60)      9.03833 -2.56698e-06
vulnera(61)     0.484427  3.10773e-06
vulnera(62)     0.728734  9.41768e-07
vulnera(63)      1.15219  5.03465e-10
vulnera(64)      1.16842 -2.31564e-06
vulnera(65)      1.89992  3.69992e-06
vulnera(66)     0.241021 -4.44493e-06
vulnera(67)      6.15945  2.50341e-06
vulnera(68)      1.81643  5.11205e-07
vulnera(69)    0.0814196  1.80709e-07
vulnera(70)    0.0435186 -1.12113e-06
vulnera(71)     0.050087 -2.19993e-06
vulnera(72)      3.12789  3.67762e-09
vulnera(73)     0.422352  -2.7839e-06
vulnera(74)     0.684224 -4.03591e-08
vulnera(75)    0.0150359  1.25201e-06
vulnera(76)      3.96695 -6.69126e-05
vulnera(77)    0.0920853  3.02527e-06
vulnera(78)       7.5342 -6.99698e-05
vulnera(79)      2.35795 -5.62827e-05
vulnera(80)     0.292365 -3.72765e-08
vulnera(81)     0.295078  2.21072e-07
vulnera(82)     0.148737 -3.79486e-07
vulnera(83)     0.214642 -3.47276e-05
vulnera(84)      4.44256  5.53213e-06
vulnera(85)    0.0498374  1.54874e-05
vulnera(86)        2.274 -2.88027e-07
vulnera(87)      3.33091  0.000544612
vulnera(88)     0.844277  1.58259e-05
vulnera(89)      1.73469 -1.42845e-05
vulnera(90)     0.227536   1.8285e-06
vulnera(91)     0.157647 -5.59809e-05
vulnera(92)    0.0886781  3.03594e-06
vulnera(93)     0.435513  8.31619e-07
vulnera(94)     0.340524  1.26039e-06
vulnera(95)      3.02532  7.95173e-08
vulnera(96)      1.00773 -1.82473e-07
vulnera(97)      1.83097   -2.987e-07
vulnera(98)     0.289511  1.33555e-08
vulnera(99)     0.124631  5.22589e-07
vulnera(100)    0.0631202  1.05413e-07
vulnera(101)     0.493205 -3.02547e-07
vulnera(102)     0.491872 -1.56582e-06
vulnera(103)      5.37879  1.11992e-06
vulnera(104)      2.55979  1.66082e-07
vulnera(105)     0.929044 -2.31259e-06
vulnera(106)      1.93185 -5.54451e-07
vulnera(107)     0.266588  6.65008e-08
vulnera(108)     0.454375 -6.30814e-07
vulnera(109)      1.64703  3.58934e-07
vulnera(110)      1.01172 -3.03758e-07
vulnera(111)     0.377671  -1.5627e-07
vulnera(112)     0.520611  -1.3187e-07
vulnera(113)     0.500213 -1.66315e-22
vulnera(114)      1.31313  2.17693e-07
init_stl_other_suit_slope(1)     0.402665 -1.94951e-06
init_stl_other_suit_slope(2)    -0.475384 -1.66315e-22
init_stl_other_suit_slope(3)    -0.304023 -3.88942e-07
init_stl_other_suit_slope(4)    -0.562067  -5.0495e-06
init_season_overlap(1)      2.09405 -2.53559e-07
init_season_overlap(2)      2.79068 -9.45026e-08
init_season_overlap(3)      1.65496  2.47763e-07
init_season_overlap(4)      1.62574 -1.20808e-07
init_season_overlap(5)      2.51207  4.12826e-07
init_season_overlap(6)      2.25297  7.01317e-07
Stom_var[1]         2.02 -1.66315e-22
Stom_var[2]     0.221056 -1.66315e-22
Stom_var[3]      1.62677 -1.66315e-22
Stom_var[4]     0.571678 -1.66315e-22
Stom_var[5]         2.02 -3.19995e-07
Stom_var[6]      1.37143  1.20279e-06
Stom_var[7]      0.82673  8.05815e-08
Stom_var[8]     0.563181  2.36596e-07
Stom_var[9]     0.151302  1.22983e-08
Stom_var[10]     0.195395 -1.66315e-22
Stom_var[11]     0.188113 -1.66315e-22
Stom_var[12]     0.434108 -1.66315e-22
Stom_var[13]     0.812085 -1.66315e-22
Stom_var[14]     0.228262 -1.66315e-22
Stom_var[15]     0.046389 -1.66315e-22
Stom_var[16]     0.474178 -1.94404e-07
Stom_var[17]     0.191549  -1.3017e-06
Stom_var[18]     0.237389 -7.16751e-07
Stom_var[19]     0.310714 -1.66315e-22
Stom_var[20]     0.231327 -1.66315e-22
