# Quantile regression parameters for predator/prey size ratio as a function of predator size
#############
# Lower
#    Cod       Whiting      Haddock      Saithe    Mackerel     Herring  N. sandeel  S. sandeel   Nor. pout       Sprat      Plaice        Sole 
# intercept values
  -99.0000    -99.0000    -99.0000    -99.0000     -99.0000    -99.0000    -99.0000    -99.0000    -99.0000     -99.0000    -99.0000    -99.0000 # Fulmar 
  -99.0000    -99.0000    -99.0000    -99.0000     -99.0000    -99.0000    -99.0000    -99.0000    -99.0000     -99.0000    -99.0000    -99.0000 # Guillemot
  -99.0000    -99.0000    -99.0000    -99.0000     -99.0000    -99.0000    -99.0000    -99.0000    -99.0000     -99.0000    -99.0000    -99.0000 # Her. Gull
  -99.0000    -99.0000    -99.0000    -99.0000     -99.0000    -99.0000    -99.0000    -99.0000    -99.0000     -99.0000    -99.0000    -99.0000 # Kittiwake
  -99.0000    -99.0000    -99.0000    -99.0000     -99.0000    -99.0000    -99.0000    -99.0000    -99.0000     -99.0000    -99.0000    -99.0000 # GBB. Gull
  -99.0000    -99.0000    -99.0000    -99.0000     -99.0000    -99.0000    -99.0000    -99.0000    -99.0000     -99.0000    -99.0000    -99.0000 # Gannet
  -99.0000    -99.0000    -99.0000    -99.0000     -99.0000    -99.0000    -99.0000    -99.0000    -99.0000     -99.0000    -99.0000    -99.0000 # Puffin
  -99.0000    -99.0000    -99.0000    -99.0000     -99.0000    -99.0000    -99.0000    -99.0000    -99.0000     -99.0000    -99.0000    -99.0000 # Razorbill
  -99.0000    -99.0000    -99.0000    -99.0000     -99.0000    -99.0000    -99.0000    -99.0000    -99.0000     -99.0000    -99.0000    -99.0000 # R. radiata
  -99.0000    -99.0000    -99.0000    -99.0000     -99.0000    -99.0000    -99.0000    -99.0000    -99.0000     -99.0000    -99.0000    -99.0000 # G. gurnards
  -99.0000    -99.0000    -99.0000    -99.0000     -99.0000    -99.0000    -99.0000    -99.0000    -99.0000     -99.0000    -99.0000    -99.0000 # W.horse mac
  -99.0000    -99.0000    -99.0000    -99.0000     -99.0000    -99.0000    -99.0000    -99.0000    -99.0000     -99.0000    -99.0000    -99.0000 # N.horse mac
  -99.0000    -99.0000    -99.0000    -99.0000     -99.0000    -99.0000    -99.0000    -99.0000    -99.0000     -99.0000    -99.0000    -99.0000 # Grey seal 
  2.189167126       3.02529107    -99         -99	      -99    3.602776755    5.217649463	5.217649463	7.544543726  -99        -99          -99     # H. porpoise, excluding age 3 cod by repalicing  1.722766598 by 2.18916712 
   -99.0000    -99.0000    -99.0000    -99.0000     -99.0000    -99.0000    -99.0000    -99.0000    -99.0000     -99.0000    -99.0000   -99.0000 # Hake
  -99.0000    -99.0000    -99.0000    -99.0000     -99.0000    -99.0000    -99.0000    -99.0000    -99.0000     -99.0000    -99.0000    -99.0000 # Cod
  -99.0000    -99.0000    -99.0000    -99.0000     -99.0000    -99.0000    -99.0000    -99.0000    -99.0000     -99.0000    -99.0000    -99.0000 # Whiting
  -99.0000    -99.0000    -99.0000    -99.0000     -99.0000    -99.0000    -99.0000    -99.0000    -99.0000     -99.0000    -99.0000    -99.0000 # Haddock
  -99.0000    -99.0000    -99.0000    -99.0000     -99.0000    -99.0000    -99.0000    -99.0000    -99.0000     -99.0000    -99.0000    -99.0000 # Saithe
  -99.0000    -99.0000    -99.0000    -99.0000     -99.0000    -99.0000    -99.0000    -99.0000    -99.0000     -99.0000    -99.0000    -99.0000 # Mackerel
# slope values
         0           0           0           0            0           0           0           0           0            0           0           0 # Fulmar 
         0           0           0           0            0           0           0           0           0            0           0           0 # Guillemot
         0           0           0           0            0           0           0           0           0            0           0           0 # Her. Gull
         0           0           0           0            0           0           0           0           0            0           0           0 # Kittiwake
         0           0           0           0            0           0           0           0           0            0           0           0 # GBB. Gull
         0           0           0           0            0           0           0           0           0            0           0           0 # Gannet
         0           0           0           0            0           0           0           0           0            0           0           0 # Puffin
         0           0           0           0            0           0           0           0           0            0           0           0 # Razorbill
         0           0           0           0            0           0           0           0           0            0           0           0 # R. radiata
         0           0           0           0            0           0           0           0           0            0           0           0 # G. gurnards
         0           0           0           0            0           0           0           0           0            0           0           0 # W.horse mac
         0           0           0           0            0           0           0           0           0            0           0           0 # N.horse mac
         0           0           0           0            0           0           0           0           0            0           0           0 # Grey seal
         0           0           0           0            0           0           0           0           0            0           0           0 # H. porpoise
         0           0           0           0            0           0           0           0           0            0           0           0 # Hake
         0           0           0           0            0           0           0           0           0            0           0           0 # Cod
         0           0           0           0            0           0           0           0           0            0           0           0 # Whiting
         0           0           0           0            0           0           0           0           0            0           0           0 # Haddock
         0           0           0           0            0           0           0           0           0            0           0           0 # Saithe
         0           0           0           0            0           0           0           0           0            0           0           0 # Mackerel
#############
# Upper
#    Cod       Whiting      Haddock      Saithe    Mackerel     Herring  N. sandeel  S. sandeel   Nor. pout       Sprat      Plaice        Sole 
# intercept values
  -99.0000    -99.0000    -99.0000    -99.0000     -99.0000    -99.0000    -99.0000    -99.0000    -99.0000     -99.0000    -99.0000    -99.0000 # Fulmar 
  -99.0000    -99.0000    -99.0000    -99.0000     -99.0000    -99.0000    -99.0000    -99.0000    -99.0000     -99.0000    -99.0000    -99.0000 # Guillemot
  -99.0000    -99.0000    -99.0000    -99.0000     -99.0000    -99.0000    -99.0000    -99.0000    -99.0000     -99.0000    -99.0000    -99.0000 # Her. Gull
  -99.0000    -99.0000    -99.0000    -99.0000     -99.0000    -99.0000    -99.0000    -99.0000    -99.0000     -99.0000    -99.0000    -99.0000 # Kittiwake
  -99.0000    -99.0000    -99.0000    -99.0000     -99.0000    -99.0000    -99.0000    -99.0000    -99.0000     -99.0000    -99.0000    -99.0000 # GBB. Gull
  -99.0000    -99.0000    -99.0000    -99.0000     -99.0000    -99.0000    -99.0000    -99.0000    -99.0000     -99.0000    -99.0000    -99.0000 # Gannet
  -99.0000    -99.0000    -99.0000    -99.0000     -99.0000    -99.0000    -99.0000    -99.0000    -99.0000     -99.0000    -99.0000    -99.0000 # Puffin
  -99.0000    -99.0000    -99.0000    -99.0000     -99.0000    -99.0000    -99.0000    -99.0000    -99.0000     -99.0000    -99.0000    -99.0000 # Razorbill
  -99.0000    -99.0000    -99.0000    -99.0000     -99.0000    -99.0000    -99.0000    -99.0000    -99.0000     -99.0000    -99.0000    -99.0000 # R. radiata
  -99.0000    -99.0000    -99.0000    -99.0000     -99.0000    -99.0000    -99.0000    -99.0000    -99.0000     -99.0000    -99.0000    -99.0000 # G. gurnards
  -99.0000    -99.0000    -99.0000    -99.0000     -99.0000    -99.0000    -99.0000    -99.0000    -99.0000     -99.0000    -99.0000    -99.0000 # W.horse mac
  -99.0000    -99.0000    -99.0000    -99.0000     -99.0000    -99.0000    -99.0000    -99.0000    -99.0000     -99.0000    -99.0000    -99.0000 # N.horse mac
  -99.0000    -99.0000    -99.0000    -99.0000     -99.0000    -99.0000    -99.0000    -99.0000    -99.0000     -99.0000    -99.0000    -99.0000 # Grey seal
8.831857935 9.152075464   -99         -99          -99 	    7.686621335	  8.703506769	8.703506769 8.963416292	 -99         -99        -99      # H. porpoise
  -99.0000    -99.0000    -99.0000    -99.0000     -99.0000    -99.0000    -99.0000    -99.0000    -99.0000     -99.0000    -99.0000    -99.0000 # Hake
  -99.0000    -99.0000    -99.0000    -99.0000     -99.0000    -99.0000    -99.0000    -99.0000    -99.0000     -99.0000    -99.0000    -99.0000 # Cod
  -99.0000    -99.0000    -99.0000    -99.0000     -99.0000    -99.0000    -99.0000    -99.0000    -99.0000     -99.0000    -99.0000    -99.0000 # Whiting
  -99.0000    -99.0000    -99.0000    -99.0000     -99.0000    -99.0000    -99.0000    -99.0000    -99.0000     -99.0000    -99.0000    -99.0000 # Haddock
  -99.0000    -99.0000    -99.0000    -99.0000     -99.0000    -99.0000    -99.0000    -99.0000    -99.0000     -99.0000    -99.0000    -99.0000 # Saithe
  -99.0000    -99.0000    -99.0000    -99.0000     -99.0000    -99.0000    -99.0000    -99.0000    -99.0000     -99.0000    -99.0000    -99.0000 # Mackerel
# slope values
         0           0           0           0            0           0           0           0           0            0           0           0 # Fulmar 
         0           0           0           0            0           0           0           0           0            0           0           0 # Guillemot
         0           0           0           0            0           0           0           0           0            0           0           0 # Her. Gull
         0           0           0           0            0           0           0           0           0            0           0           0 # Kittiwake
         0           0           0           0            0           0           0           0           0            0           0           0 # GBB. Gull
         0           0           0           0            0           0           0           0           0            0           0           0 # Gannet
         0           0           0           0            0           0           0           0           0            0           0           0 # Puffin
         0           0           0           0            0           0           0           0           0            0           0           0 # Razorbill
         0           0           0           0            0           0           0           0           0            0           0           0 # R. radiata
         0           0           0           0            0           0           0           0           0            0           0           0 # G. gurnards
         0           0           0           0            0           0           0           0           0            0           0           0 # W.horse mac
         0           0           0           0            0           0           0           0           0            0           0           0 # N.horse mac
         0           0           0           0            0           0           0           0           0            0           0           0 # Grey seal
         0           0           0           0            0           0           0           0           0            0           0           0 # H. porpoise
         0           0           0           0            0           0           0           0           0            0           0           0 # Hake
         0           0           0           0            0           0           0           0           0            0           0           0 # Cod
         0           0           0           0            0           0           0           0           0            0           0           0 # Whiting
         0           0           0           0            0           0           0           0           0            0           0           0 # Haddock
         0           0           0           0            0           0           0           0           0            0           0           0 # Saithe
         0           0           0           0            0           0           0           0           0            0           0           0 # Mackerel
-999 # check