##############################################################
#Data extracted from file  C:/_C_drev/SMS-git/NorthSeaKeyRun_2020_check/stom_struc_at_length.in 
#Date  Thu Oct 29 11:19:19 2020 
#stom.first  1e-06   #  stomcon for inserted (first length class) values
#stom.mid  1e-06  # stomcon for inserted (mid length class) values
#stom.last  1e-06   # stomcon for inserted (last length class) values
#stom.exp  1e-06   # stomcon for inserted (expanded species and length class) values
#stom.min.abs 1e-06    # absolut minimum value for stom con for inserted values
#delete.tails TRUE    # artifictal data deleted or not
#inserted.haul.no.propor  1  # proportion of number hauls in case of invented values (first, mid and last values)
##############################################################
# File for stomach contents data by length groups of predators and preys
##############################################################
# n_stl_y:  number of years with stomach data
 10 
# n_stl_yq:  number of year, quarter combinations with stomach data
32 
# n_stl_yqd:  number of year, quarter, area combinations with stomach data
32 
# n_stl_yqdp:  number of year, quarter, area, predator combinations with stomach data
276 
# n_stl_yqdpl:  number of year, quarter, area, predator, predator length combinations with stomach data
684 
# n_stl_yqdplp:  number of year, quarter, area, predator, predator length, prey  combinations with stomach data
3377 
##############################################################
# stl_Y: year name, first and last year-quarter index
1981 1 4 
1985 5 8 
1986 9 12 
1987 13 16 
1990 17 20 
1991 21 24 
1995 25 25 
2002 26 29 
2005 30 30 
2013 31 32 
# stl_yq: quarter name, first and last quarter-area index
1 1 1 
2 2 2 
3 3 3 
4 4 4 
1 5 5 
2 6 6 
3 7 7 
4 8 8 
1 9 9 
2 10 10 
3 11 11 
4 12 12 
1 13 13 
2 14 14 
3 15 15 
4 16 16 
1 17 17 
2 18 18 
3 19 19 
4 20 20 
1 21 21 
2 22 22 
3 23 23 
4 24 24 
3 25 25 
1 26 26 
2 27 27 
3 28 28 
4 29 29 
3 30 30 
1 31 31 
3 32 32 
# stl_yqd: area name, and first and last year-quarter-species-age index
1 1 13 
1 14 26 
1 27 39 
1 40 52 
1 53 63 
1 64 72 
1 73 84 
1 85 93 
1 94 103 
1 104 111 
1 112 122 
1 123 130 
1 131 140 
1 141 148 
1 149 160 
1 161 168 
1 169 176 
1 177 184 
1 185 193 
1 194 201 
1 202 216 
1 217 232 
1 233 249 
1 250 266 
1 267 267 
1 268 268 
1 269 269 
1 270 270 
1 271 271 
1 272 272 
1 273 274 
1 275 276 
##############################################################
# stl_yqdp: predator name, and first and last area-pred index
1 1 1 
2 2 2 
3 3 3 
4 4 4 
5 5 5 
6 6 6 
7 7 7 
8 8 8 
16 9 16 
17 17 22 
18 23 28 
19 29 32 
20 33 35 
1 36 36 
2 37 37 
3 38 38 
4 39 39 
5 40 40 
6 41 41 
7 42 42 
8 43 43 
16 44 51 
17 52 57 
18 58 63 
19 64 68 
20 69 72 
1 73 73 
2 74 74 
3 75 75 
4 76 76 
5 77 77 
6 78 78 
7 79 79 
8 80 80 
16 81 87 
17 88 93 
18 94 99 
19 100 103 
20 104 107 
1 108 108 
2 109 109 
3 110 110 
4 111 111 
5 112 112 
6 113 113 
7 114 114 
8 115 115 
16 116 123 
17 124 129 
18 130 135 
19 136 138 
20 139 141 
1 142 142 
2 143 143 
3 144 144 
4 145 145 
5 146 146 
6 147 147 
7 148 148 
8 149 149 
13 150 150 
16 151 161 
17 162 168 
1 169 169 
2 170 170 
3 171 171 
4 172 172 
5 173 173 
6 174 174 
7 175 175 
8 176 176 
13 177 177 
1 178 178 
2 179 179 
3 180 180 
4 181 181 
5 182 182 
6 183 183 
7 184 184 
8 185 185 
13 186 186 
14 187 187 
16 188 198 
17 199 205 
1 206 206 
2 207 207 
3 208 208 
4 209 209 
5 210 210 
6 211 211 
7 212 212 
8 213 213 
13 214 214 
1 215 215 
2 216 216 
3 217 217 
4 218 218 
5 219 219 
6 220 220 
7 221 221 
8 222 222 
16 223 233 
17 234 240 
1 241 241 
2 242 242 
3 243 243 
4 244 244 
5 245 245 
6 246 246 
7 247 247 
8 248 248 
1 249 249 
2 250 250 
3 251 251 
4 252 252 
5 253 253 
6 254 254 
7 255 255 
8 256 256 
16 257 267 
17 268 274 
19 275 278 
1 279 279 
2 280 280 
3 281 281 
4 282 282 
5 283 283 
6 284 284 
7 285 285 
8 286 286 
1 287 287 
2 288 288 
3 289 289 
4 290 290 
5 291 291 
6 292 292 
7 293 293 
8 294 294 
16 295 305 
17 306 312 
1 313 313 
2 314 314 
3 315 315 
4 316 316 
5 317 317 
6 318 318 
7 319 319 
8 320 320 
1 321 321 
2 322 322 
3 323 323 
4 324 324 
5 325 325 
6 326 326 
7 327 327 
8 328 328 
12 329 332 
16 333 343 
17 344 350 
19 351 354 
1 355 355 
2 356 356 
3 357 357 
4 358 358 
5 359 359 
6 360 360 
7 361 361 
8 362 362 
1 363 363 
2 364 364 
3 365 365 
4 366 366 
5 367 367 
6 368 368 
7 369 369 
8 370 370 
1 371 371 
2 372 372 
3 373 373 
4 374 374 
5 375 375 
6 376 376 
7 377 377 
8 378 378 
1 379 379 
2 380 380 
3 381 381 
4 382 382 
5 383 383 
6 384 384 
7 385 385 
8 386 386 
16 387 392 
1 393 393 
2 394 394 
3 395 395 
4 396 396 
5 397 397 
6 398 398 
7 399 399 
8 400 400 
1 401 401 
2 402 402 
3 403 403 
4 404 404 
5 405 405 
6 406 406 
7 407 407 
8 408 408 
9 409 414 
10 415 420 
16 421 431 
17 432 439 
18 440 446 
19 447 453 
20 454 457 
1 458 458 
2 459 459 
3 460 460 
4 461 461 
5 462 462 
6 463 463 
7 464 464 
8 465 465 
9 466 471 
10 472 477 
12 478 483 
16 484 494 
17 495 502 
18 503 509 
19 510 517 
20 518 522 
1 523 523 
2 524 524 
3 525 525 
4 526 526 
5 527 527 
6 528 528 
7 529 529 
8 530 530 
9 531 536 
10 537 542 
11 543 545 
12 546 550 
16 551 560 
17 561 568 
18 569 575 
19 576 580 
20 581 585 
1 586 586 
2 587 587 
3 588 588 
4 589 589 
5 590 590 
6 591 591 
7 592 592 
8 593 593 
9 594 597 
10 598 603 
11 604 606 
12 607 610 
16 611 621 
17 622 629 
18 630 636 
19 637 643 
20 644 649 
14 650 650 
13 651 651 
13 652 652 
13 653 653 
13 654 654 
14 655 655 
10 656 662 
15 663 668 
10 669 675 
15 676 684 
##############################################################
# stl_yqdpl: predator length name, first and last predator-length-prey index, and predator length
15 1 6 500
15 7 13 500
15 14 19 500
15 20 27 500
15 28 36 500
15 37 38 500
15 39 42 500
15 43 49 500
10 50 52 150
11 53 56 200
12 57 62 250
13 63 71 300
14 72 80 400
15 81 89 500
16 90 97 700
17 98 104 1000
9 105 107 100
10 108 111 150
11 112 117 200
12 118 124 250
13 125 132 300
14 133 140 400
10 141 142 150
11 143 144 200
12 145 147 250
13 148 150 300
14 151 153 400
15 154 156 500
14 157 160 400
15 161 163 500
16 164 167 700
17 168 172 1000
11 173 173 200
12 174 174 250
13 175 175 300
15 176 184 500
15 185 190 500
15 191 197 500
15 198 200 500
15 201 209 500
15 210 215 500
15 216 219 500
15 220 223 500
10 224 224 150
11 225 228 200
12 229 231 250
13 232 238 300
14 239 247 400
15 248 256 500
16 257 264 700
17 265 271 1000
9 272 272 100
10 273 275 150
11 276 281 200
12 282 288 250
13 289 295 300
14 296 299 400
10 300 300 150
11 301 302 200
12 303 304 250
13 305 307 300
14 308 310 400
15 311 313 500
13 314 314 300
14 315 315 400
15 316 319 500
16 320 321 700
17 322 322 1000
11 323 325 200
12 326 328 250
13 329 332 300
14 333 336 400
15 337 339 500
15 340 344 500
15 345 353 500
15 354 356 500
15 357 365 500
15 366 371 500
15 372 375 500
15 376 379 500
11 380 382 200
12 383 388 250
13 389 396 300
14 397 403 400
15 404 410 500
16 411 417 700
17 418 421 1000
9 422 422 100
10 423 426 150
11 427 433 200
12 434 440 250
13 441 448 300
14 449 455 400
10 456 457 150
11 458 459 200
12 460 462 250
13 463 465 300
14 466 468 400
15 469 471 500
13 472 475 300
14 476 480 400
15 481 485 500
16 486 489 700
11 490 490 200
12 491 496 250
13 497 502 300
14 503 507 400
15 508 513 500
15 514 519 500
15 520 525 500
15 526 533 500
15 534 540 500
15 541 542 500
15 543 546 500
15 547 553 500
10 554 555 150
11 556 556 200
12 557 561 250
13 562 566 300
14 567 573 400
15 574 580 500
16 581 588 700
17 589 593 1000
9 594 596 100
10 597 600 150
11 601 609 200
12 610 617 250
13 618 626 300
14 627 630 400
10 631 632 150
11 633 634 200
12 635 637 250
13 638 640 300
14 641 643 400
15 644 646 500
14 647 649 400
15 650 653 500
16 654 657 700
12 658 658 250
13 659 662 300
14 663 665 400
18 666 671 500
18 672 678 500
18 679 684 500
18 685 692 500
18 693 701 500
18 702 703 500
18 704 707 500
18 708 714 500
22 715 721 1000
12 722 724 150
13 725 727 200
14 728 735 250
15 736 742 300
16 743 751 350
17 752 759 400
18 760 766 500
19 767 775 600
20 776 783 700
21 784 791 800
22 792 797 1000
11 798 800 100
12 801 805 150
13 806 812 200
14 813 820 250
15 821 828 300
16 829 836 350
17 837 843 400
18 844 852 500
18 853 858 500
18 859 865 500
18 866 868 500
18 869 877 500
18 878 883 500
18 884 887 500
18 888 891 500
22 892 898 1000
18 899 901 500
18 902 906 500
18 907 915 500
18 916 918 500
18 919 927 500
18 928 933 500
18 934 937 500
18 938 941 500
22 942 948 1000
22 949 954 1000
12 955 955 150
13 956 956 200
14 957 963 250
15 964 970 300
16 971 976 350
17 977 984 400
18 985 991 500
19 992 997 600
20 998 1004 700
21 1005 1011 800
22 1012 1015 1000
11 1016 1020 100
12 1021 1026 150
13 1027 1035 200
14 1036 1044 250
15 1045 1052 300
16 1053 1060 350
17 1061 1065 400
18 1066 1071 500
18 1072 1077 500
18 1078 1083 500
18 1084 1091 500
18 1092 1098 500
18 1099 1100 500
18 1101 1104 500
18 1105 1111 500
22 1112 1118 1000
18 1119 1124 500
18 1125 1131 500
18 1132 1137 500
18 1138 1145 500
18 1146 1154 500
18 1155 1156 500
18 1157 1160 500
18 1161 1167 500
12 1168 1170 150
13 1171 1173 200
14 1174 1179 250
15 1180 1185 300
16 1186 1190 350
17 1191 1197 400
18 1198 1205 500
19 1206 1212 600
20 1213 1220 700
21 1221 1228 800
22 1229 1235 1000
11 1236 1237 100
12 1238 1243 150
13 1244 1250 200
14 1251 1258 250
15 1259 1266 300
16 1267 1273 350
17 1274 1278 400
18 1279 1287 500
18 1288 1293 500
18 1294 1300 500
18 1301 1303 500
18 1304 1312 500
18 1313 1318 500
18 1319 1322 500
18 1323 1326 500
18 1327 1329 500
18 1330 1334 500
18 1335 1343 500
18 1344 1346 500
18 1347 1355 500
18 1356 1361 500
18 1362 1365 500
18 1366 1369 500
12 1370 1370 150
13 1371 1373 200
14 1374 1380 250
15 1381 1385 300
16 1386 1391 350
17 1392 1398 400
18 1399 1405 500
19 1406 1411 600
20 1412 1416 700
21 1417 1423 800
22 1424 1428 1000
11 1429 1432 100
12 1433 1437 150
13 1438 1444 200
14 1445 1452 250
15 1453 1460 300
16 1461 1468 350
17 1469 1472 400
15 1473 1476 300
17 1477 1481 400
18 1482 1485 500
20 1486 1489 700
18 1490 1495 500
18 1496 1501 500
18 1502 1507 500
18 1508 1515 500
18 1516 1522 500
18 1523 1524 500
18 1525 1528 500
18 1529 1535 500
18 1536 1541 500
18 1542 1548 500
18 1549 1554 500
18 1555 1562 500
18 1563 1571 500
18 1572 1573 500
18 1574 1577 500
18 1578 1584 500
12 1585 1585 150
13 1586 1591 200
14 1592 1599 250
15 1600 1607 300
16 1608 1614 350
17 1615 1623 400
18 1624 1631 500
19 1632 1638 600
20 1639 1644 700
21 1645 1650 800
22 1651 1655 1000
11 1656 1659 100
12 1660 1665 150
13 1666 1672 200
14 1673 1680 250
15 1681 1688 300
16 1689 1694 350
17 1695 1696 400
18 1697 1705 500
18 1706 1711 500
18 1712 1718 500
18 1719 1721 500
18 1722 1730 500
18 1731 1736 500
18 1737 1740 500
18 1741 1744 500
18 1745 1747 500
18 1748 1752 500
18 1753 1761 500
18 1762 1764 500
18 1765 1773 500
18 1774 1779 500
18 1780 1783 500
18 1784 1787 500
13 1788 1789 200
14 1790 1792 250
15 1793 1794 300
16 1795 1798 350
12 1799 1799 150
13 1800 1803 200
14 1804 1810 250
15 1811 1817 300
16 1818 1824 350
17 1825 1831 400
18 1832 1838 500
19 1839 1846 600
20 1847 1853 700
21 1854 1861 800
22 1862 1866 1000
11 1867 1868 100
12 1869 1873 150
13 1874 1879 200
14 1880 1887 250
15 1888 1895 300
16 1896 1903 350
17 1904 1907 400
15 1908 1908 300
17 1909 1913 400
18 1914 1918 500
20 1919 1922 700
18 1923 1928 500
18 1929 1934 500
18 1935 1940 500
18 1941 1948 500
18 1949 1955 500
18 1956 1957 500
18 1958 1961 500
18 1962 1968 500
21 1969 1974 500
21 1975 1981 500
21 1982 1987 500
21 1988 1995 500
21 1996 2004 500
21 2005 2006 500
21 2007 2010 500
21 2011 2017 500
21 2018 2026 500
21 2027 2032 500
21 2033 2039 500
21 2040 2042 500
21 2043 2051 500
21 2052 2057 500
21 2058 2061 500
21 2062 2065 500
21 2066 2068 500
21 2069 2073 500
21 2074 2082 500
21 2083 2085 500
21 2086 2094 500
21 2095 2100 500
21 2101 2104 500
21 2105 2108 500
16 2109 2111 200
17 2112 2115 250
18 2116 2119 300
19 2120 2125 350
20 2126 2130 400
21 2131 2136 500
21 2137 2142 500
21 2143 2148 500
21 2149 2154 500
21 2155 2162 500
21 2163 2169 500
21 2170 2171 500
21 2172 2175 500
21 2176 2182 500
21 2183 2188 500
21 2189 2195 500
21 2196 2201 500
21 2202 2209 500
21 2210 2218 500
21 2219 2220 500
21 2221 2224 500
21 2225 2231 500
16 2232 2232 200
17 2233 2235 250
18 2236 2237 300
19 2238 2239 350
20 2240 2242 400
21 2243 2244 500
15 2245 2246 150
16 2247 2249 200
17 2250 2255 250
18 2256 2260 300
19 2261 2264 350
20 2265 2267 400
15 2268 2271 150
16 2272 2274 200
17 2275 2277 250
18 2278 2281 300
19 2282 2288 350
20 2289 2296 400
21 2297 2303 500
22 2304 2310 600
23 2311 2316 700
24 2317 2324 800
25 2325 2330 1000
13 2331 2331 100
14 2332 2333 120
15 2334 2339 150
16 2340 2346 200
17 2347 2354 250
18 2355 2362 300
19 2363 2370 350
20 2371 2376 400
15 2377 2377 150
16 2378 2379 200
17 2380 2380 250
18 2381 2383 300
19 2384 2386 350
20 2387 2388 400
21 2389 2390 500
18 2391 2393 300
19 2394 2395 350
20 2396 2399 400
21 2400 2403 500
22 2404 2406 600
23 2407 2409 700
24 2410 2412 800
15 2413 2413 150
16 2414 2414 200
17 2415 2415 250
18 2416 2416 300
21 2417 2425 500
21 2426 2431 500
21 2432 2438 500
21 2439 2441 500
21 2442 2450 500
21 2451 2456 500
21 2457 2460 500
21 2461 2464 500
16 2465 2465 200
17 2466 2467 250
18 2468 2469 300
19 2470 2472 350
20 2473 2477 400
21 2478 2479 500
15 2480 2482 150
16 2483 2485 200
17 2486 2488 250
18 2489 2494 300
19 2495 2499 350
20 2500 2503 400
13 2504 2504 100
15 2505 2505 150
16 2506 2506 200
17 2507 2507 250
18 2508 2509 300
19 2510 2510 350
15 2511 2512 150
16 2513 2515 200
17 2516 2519 250
18 2520 2525 300
19 2526 2532 350
20 2533 2540 400
21 2541 2549 500
22 2550 2556 600
23 2557 2564 700
24 2565 2572 800
25 2573 2580 1000
13 2581 2581 100
14 2582 2582 120
15 2583 2586 150
16 2587 2591 200
17 2592 2598 250
18 2599 2605 300
19 2606 2612 350
20 2613 2619 400
15 2620 2621 150
16 2622 2623 200
17 2624 2625 250
18 2626 2627 300
19 2628 2629 350
20 2630 2632 400
21 2633 2634 500
18 2635 2635 300
19 2636 2637 350
20 2638 2640 400
21 2641 2644 500
22 2645 2648 600
23 2649 2652 700
24 2653 2658 800
25 2659 2661 1000
16 2662 2663 200
17 2664 2665 250
18 2666 2670 300
19 2671 2676 350
20 2677 2681 400
21 2682 2684 500
21 2685 2689 500
21 2690 2698 500
21 2699 2701 500
21 2702 2710 500
21 2711 2716 500
21 2717 2720 500
21 2721 2724 500
16 2725 2726 200
17 2727 2730 250
18 2731 2734 300
19 2735 2739 350
20 2740 2743 400
21 2744 2748 500
15 2749 2753 150
16 2754 2759 200
17 2760 2767 250
18 2768 2774 300
19 2775 2782 350
20 2783 2784 400
17 2785 2787 250
18 2788 2790 300
19 2791 2793 350
15 2794 2794 150
16 2795 2795 200
17 2796 2796 250
18 2797 2800 300
19 2801 2804 350
16 2805 2808 200
17 2809 2815 250
18 2816 2824 300
19 2825 2831 350
20 2832 2839 400
21 2840 2846 500
22 2847 2854 600
23 2855 2860 700
24 2861 2865 800
25 2866 2870 1000
13 2871 2874 100
14 2875 2877 120
15 2878 2883 150
16 2884 2891 200
17 2892 2900 250
18 2901 2909 300
19 2910 2917 350
20 2918 2923 400
15 2924 2926 150
16 2927 2929 200
17 2930 2932 250
18 2933 2935 300
19 2936 2938 350
20 2939 2941 400
21 2942 2944 500
20 2945 2949 400
21 2950 2955 500
22 2956 2959 600
23 2960 2964 700
24 2965 2969 800
16 2970 2970 200
17 2971 2974 250
18 2975 2977 300
19 2978 2983 350
20 2984 2987 400
21 2988 2993 500
21 2994 2999 500
21 3000 3005 500
21 3006 3013 500
21 3014 3020 500
21 3021 3022 500
21 3023 3026 500
21 3027 3033 500
16 3034 3034 200
17 3035 3037 250
18 3038 3041 300
19 3042 3045 350
15 3046 3047 150
16 3048 3053 200
17 3054 3057 250
18 3058 3064 300
19 3065 3069 350
20 3070 3071 400
17 3072 3072 250
18 3073 3074 300
19 3075 3076 350
16 3077 3077 200
17 3078 3078 250
18 3079 3080 300
19 3081 3081 350
15 3082 3082 150
16 3083 3084 200
17 3085 3090 250
18 3091 3097 300
19 3098 3105 350
20 3106 3113 400
21 3114 3121 500
22 3122 3129 600
23 3130 3135 700
24 3136 3141 800
25 3142 3147 1000
13 3148 3149 100
14 3150 3153 120
15 3154 3158 150
16 3159 3166 200
17 3167 3175 250
18 3176 3183 300
19 3184 3191 350
20 3192 3196 400
15 3197 3199 150
16 3200 3200 200
17 3201 3203 250
18 3204 3206 300
19 3207 3209 350
20 3210 3212 400
21 3213 3215 500
19 3216 3217 350
20 3218 3221 400
21 3222 3225 500
22 3226 3229 600
23 3230 3234 700
24 3235 3239 800
25 3240 3243 1000
15 3244 3245 150
16 3246 3248 200
17 3249 3250 250
18 3251 3254 300
19 3255 3259 350
20 3260 3263 400
25 3264 3269 1000
25 3270 3276 1000
25 3277 3283 1000
25 3284 3290 1000
25 3291 3297 1000
25 3298 3304 1000
14 3305 3305 120
15 3306 3306 150
16 3307 3307 200
17 3308 3310 250
18 3311 3313 300
19 3314 3315 350
20 3316 3316 400
16 3317 3317 200
17 3318 3319 250
18 3320 3321 300
19 3322 3323 350
20 3324 3325 400
21 3326 3327 500
13 3328 3328 100
14 3329 3330 120
15 3331 3334 150
16 3335 3341 200
17 3342 3346 250
18 3347 3352 300
19 3353 3355 350
17 3356 3357 250
18 3358 3359 300
19 3360 3361 350
20 3362 3363 400
21 3364 3366 500
22 3367 3369 600
23 3370 3372 700
24 3373 3375 800
25 3376 3377 1000
##############################################################
# stl_yqdplp: prey name, first and last year-quarter-predator-length-prey-length
0 0 0
16 9 9
17 9 9
21 8 10
24 8 9
25 7 9
0 0 0
17 9 11
18 9 10
21 8 10
22 8 10
23 8 10
25 7 9
0 0 0
17 9 9
18 9 9
21 10 12
24 8 9
25 7 9
0 0 0
16 9 9
17 9 9
18 9 9
21 9 11
22 8 9
23 8 9
25 7 9
0 0 0
16 9 9
17 9 9
18 9 9
21 10 12
22 8 9
23 8 9
24 8 9
25 7 9
0 0 0
21 10 13
0 0 0
21 8 9
22 8 10
23 8 10
0 0 0
17 9 11
21 8 9
22 8 8
23 8 8
24 8 9
25 7 8
0 0 0
23 8 8
25 8 8
0 0 0
23 8 9
24 8 8
25 7 8
0 0 0
21 9 9
22 8 8
23 8 8
24 8 8
25 7 9
0 0 0
16 9 9
17 9 10
18 9 9
21 9 9
22 8 11
23 8 10
24 8 9
25 7 9
0 0 0
16 9 10
17 9 11
18 9 10
21 8 12
22 8 11
23 8 10
24 8 10
25 7 9
0 0 0
16 9 13
17 9 13
18 9 12
21 9 12
22 8 11
23 8 11
24 8 10
25 7 9
0 0 0
16 9 13
17 9 13
18 9 12
21 9 12
22 8 9
24 8 10
25 7 9
0 0 0
16 10 13
17 9 13
18 9 10
21 9 12
24 9 10
25 7 9
0 0 0
22 8 8
25 7 7
0 0 0
22 8 9
24 8 8
25 7 9
0 0 0
16 9 9
22 8 10
23 8 9
24 8 9
25 7 9
0 0 0
17 9 9
21 9 9
22 8 10
23 9 9
24 8 10
25 7 9
0 0 0
17 9 10
18 9 10
21 8 10
22 8 10
23 8 11
24 8 10
25 7 9
0 0 0
17 9 10
18 9 11
21 9 9
22 9 11
23 9 11
24 8 10
25 7 8
0 0 0
22 8 8
0 0 0
22 8 10
0 0 0
22 8 8
24 8 8
0 0 0
22 8 11
24 8 8
0 0 0
22 8 10
24 8 9
0 0 0
22 10 10
24 8 9
0 0 0
18 9 10
22 8 10
24 8 10
0 0 0
18 9 10
24 8 10
0 0 0
17 9 11
18 9 11
24 8 10
0 0 0
17 12 12
18 9 9
22 9 9
24 9 11
0 0 0
0 0 0
0 0 0
0 0 0
16 9 9
17 9 9
18 9 9
21 9 10
22 8 10
23 8 10
24 8 9
25 7 9
0 0 0
17 9 11
21 9 10
22 8 10
23 8 10
25 7 9
0 0 0
16 9 9
17 9 9
18 9 9
21 10 12
24 8 9
25 7 9
0 0 0
22 8 10
23 8 10
0 0 0
16 9 9
17 9 9
18 9 9
21 10 12
22 8 10
23 8 10
24 8 9
25 7 9
0 0 0
16 11 13
21 10 13
22 8 10
23 8 10
25 8 10
0 0 0
22 8 10
23 8 10
25 7 9
0 0 0
22 8 9
23 8 9
25 7 9
0 0 0
0 0 0
23 9 9
24 8 8
25 7 8
0 0 0
18 9 9
23 9 10
0 0 0
18 9 10
21 9 10
22 9 10
23 9 10
24 9 9
25 7 9
0 0 0
16 9 9
17 9 11
18 9 10
21 10 10
22 9 10
23 9 11
24 9 10
25 7 9
0 0 0
16 10 11
17 9 11
18 9 11
21 10 11
22 9 11
23 9 11
24 9 10
25 9 10
0 0 0
16 10 14
17 10 12
18 9 12
21 10 12
22 9 11
24 9 10
25 9 9
0 0 0
17 11 12
18 10 10
21 11 11
23 9 9
24 9 9
25 8 8
0 0 0
0 0 0
22 9 9
25 7 7
0 0 0
17 9 9
22 9 10
23 9 9
24 8 8
25 7 9
0 0 0
17 9 9
18 9 10
22 9 10
23 9 10
24 8 10
25 7 9
0 0 0
17 9 9
18 9 10
22 9 10
23 9 10
24 8 10
25 8 9
0 0 0
22 9 9
23 9 10
24 9 10
0 0 0
0 0 0
22 9 9
0 0 0
22 9 9
0 0 0
22 9 10
24 8 8
0 0 0
22 9 10
24 9 9
0 0 0
22 9 9
24 9 9
0 0 0
0 0 0
0 0 0
18 9 9
22 9 9
24 9 10
0 0 0
24 9 10
0 0 0
0 0 0
23 9 10
25 7 7
0 0 0
23 9 10
25 7 8
0 0 0
21 9 9
23 9 10
25 7 8
0 0 0
21 9 9
23 9 10
25 8 9
0 0 0
22 7 10
23 7 10
0 0 0
17 9 11
22 8 10
23 8 10
25 8 9
0 0 0
16 7 9
17 7 9
18 8 9
21 10 12
22 8 10
23 8 10
24 7 9
25 8 9
0 0 0
22 7 10
23 7 10
0 0 0
16 7 9
17 7 9
18 8 9
21 10 12
22 8 10
23 8 10
24 7 9
25 8 9
0 0 0
16 11 13
21 10 13
22 7 10
23 7 10
25 8 10
0 0 0
22 7 10
23 7 10
25 8 9
0 0 0
22 7 9
23 7 9
25 8 9
0 0 0
17 8 8
22 7 9
0 0 0
17 8 8
18 9 9
22 8 8
23 7 9
24 7 8
0 0 0
16 7 9
17 7 9
18 8 9
21 8 11
22 7 10
24 7 8
25 8 9
0 0 0
17 8 10
18 8 10
21 8 12
22 7 10
24 7 10
25 9 10
0 0 0
16 10 11
17 8 12
18 8 12
21 8 13
22 7 10
24 7 10
0 0 0
16 8 13
17 11 13
18 8 13
21 10 13
22 7 9
24 7 10
0 0 0
17 12 12
18 8 14
24 7 10
0 0 0
0 0 0
16 7 8
18 8 8
22 7 8
0 0 0
17 7 8
21 8 8
22 7 8
23 7 8
24 7 8
25 8 9
0 0 0
17 7 9
18 8 9
21 8 9
22 7 10
24 7 8
25 7 8
0 0 0
17 7 9
18 8 9
21 8 9
22 7 10
23 7 8
24 7 9
25 8 9
0 0 0
17 8 9
18 8 9
22 8 10
23 9 9
24 7 9
25 9 9
0 0 0
22 7 8
0 0 0
22 7 9
0 0 0
22 7 9
24 7 8
0 0 0
22 7 9
24 7 9
0 0 0
22 7 9
24 7 10
0 0 0
22 7 8
24 8 9
0 0 0
18 8 8
22 7 8
24 7 7
0 0 0
17 9 9
18 8 8
22 7 8
24 7 9
0 0 0
17 10 10
18 8 9
22 7 8
24 7 10
0 0 0
18 8 10
21 9 9
24 7 10
0 0 0
0 0 0
21 8 8
22 7 9
23 7 11
24 7 8
25 9 9
0 0 0
21 8 9
22 7 8
23 7 11
24 7 8
25 8 9
0 0 0
21 8 10
23 9 9
24 7 8
25 8 9
0 0 0
16 8 9
17 8 9
21 8 10
24 8 9
25 7 9
0 0 0
17 9 11
21 8 10
22 8 10
23 8 10
25 7 9
0 0 0
17 8 9
18 8 9
21 10 12
24 8 9
25 7 9
0 0 0
16 8 9
17 8 9
18 8 9
21 9 11
22 8 9
23 8 9
25 7 9
0 0 0
16 8 9
17 8 9
18 8 9
21 10 12
24 8 9
25 7 9
0 0 0
21 10 13
0 0 0
21 8 9
22 8 10
23 8 10
0 0 0
17 8 11
21 8 9
22 7 8
23 7 8
24 8 9
25 7 8
0 0 0
22 7 7
0 0 0
0 0 0
16 9 9
18 8 9
22 7 9
24 8 9
0 0 0
18 8 9
22 7 9
23 7 10
24 7 10
0 0 0
17 8 11
18 8 10
21 9 10
22 7 11
24 7 9
25 7 9
0 0 0
16 8 10
17 8 11
18 8 10
21 9 12
22 7 9
24 8 10
0 0 0
16 9 13
17 8 13
18 8 13
21 10 13
22 8 11
24 7 10
25 9 9
0 0 0
17 12 12
18 9 13
22 8 11
24 8 8
0 0 0
22 8 8
24 7 7
0 0 0
22 8 9
23 7 7
24 7 8
0 0 0
16 8 8
17 8 9
18 8 9
21 8 8
22 7 9
23 7 9
24 7 9
25 7 9
0 0 0
16 8 9
17 8 9
18 8 10
21 8 8
22 7 10
24 7 9
25 8 9
0 0 0
16 8 9
17 8 10
18 8 9
21 8 9
22 7 10
23 8 10
24 7 9
25 7 9
0 0 0
17 9 9
18 8 10
24 8 9
0 0 0
22 7 7
0 0 0
24 8 8
0 0 0
22 8 8
24 7 9
0 0 0
22 7 9
24 8 9
0 0 0
22 7 9
24 7 9
0 0 0
22 7 7
24 7 9
0 0 0
18 9 9
24 8 9
0 0 0
18 8 9
21 9 9
24 7 10
0 0 0
18 9 9
21 8 9
24 7 10
0 0 0
0 0 0
21 8 9
24 8 9
25 9 9
0 0 0
21 8 9
24 8 10
0 0 0
16 11 11
17 11 11
21 10 12
24 10 11
25 9 11
0 0 0
17 11 13
18 11 12
21 10 12
22 10 12
23 10 12
25 9 11
0 0 0
17 11 11
18 11 11
21 12 14
24 10 11
25 9 11
0 0 0
16 11 11
17 11 11
18 11 11
21 11 13
22 10 11
23 10 11
25 9 11
0 0 0
16 11 11
17 11 11
18 11 11
21 12 14
22 10 11
23 10 11
24 10 11
25 9 11
0 0 0
21 12 15
0 0 0
21 10 11
22 10 12
23 10 12
0 0 0
17 11 13
21 10 11
22 10 10
23 10 10
24 10 11
25 9 10
0 0 0
16 11 20
17 11 17
18 11 18
21 12 15
22 10 13
24 10 13
0 0 0
22 10 10
25 9 9
0 0 0
24 10 11
25 10 10
0 0 0
17 11 11
18 11 11
21 10 11
22 10 10
23 11 11
24 10 12
25 9 10
0 0 0
17 11 11
18 11 12
21 10 12
22 10 12
23 11 12
24 10 12
0 0 0
16 12 12
17 11 12
18 11 12
21 10 13
22 10 12
23 11 13
24 10 12
25 9 11
0 0 0
17 11 12
18 11 12
21 10 13
22 10 12
23 10 12
24 10 12
25 9 11
0 0 0
17 12 14
18 11 14
21 10 14
22 10 11
23 11 13
24 10 12
0 0 0
16 11 15
17 11 15
18 11 14
21 10 14
22 11 12
23 11 13
24 11 12
25 10 11
0 0 0
16 12 14
17 11 14
18 11 14
21 10 14
22 11 12
24 11 12
25 9 10
0 0 0
16 13 14
17 11 14
18 11 15
21 11 15
23 11 11
24 10 12
25 11 11
0 0 0
16 13 14
17 11 15
21 11 13
24 11 11
25 11 11
0 0 0
22 10 10
25 9 10
0 0 0
22 10 11
23 10 11
24 10 10
25 9 10
0 0 0
17 11 11
21 10 10
22 10 12
23 10 12
24 10 12
25 9 11
0 0 0
17 11 11
18 11 12
21 10 12
22 10 11
23 10 12
24 10 12
25 9 11
0 0 0
17 11 11
18 11 11
21 10 12
22 10 11
23 10 13
24 10 11
25 9 11
0 0 0
17 11 12
18 11 11
21 10 12
22 11 12
23 11 12
24 10 12
25 9 11
0 0 0
16 11 11
17 13 13
18 11 11
21 11 12
24 10 11
25 10 11
0 0 0
16 11 11
17 11 11
18 11 11
21 11 12
22 10 12
23 10 12
24 10 11
25 9 11
0 0 0
17 11 13
21 11 12
22 10 12
23 10 12
25 9 11
0 0 0
16 11 11
17 11 11
18 11 11
21 12 14
24 10 11
25 9 11
0 0 0
22 10 12
23 10 12
0 0 0
16 11 11
17 11 11
18 11 11
21 12 14
22 10 12
23 10 12
24 10 11
25 9 11
0 0 0
16 13 16
21 12 15
22 10 12
23 10 12
25 10 12
0 0 0
22 10 12
23 10 12
25 9 11
0 0 0
22 10 11
23 10 11
25 9 11
0 0 0
16 11 20
17 11 17
18 11 18
21 12 15
22 10 13
24 10 13
0 0 0
22 9 12
23 9 12
0 0 0
17 11 13
22 10 12
23 10 12
25 10 11
0 0 0
16 9 11
17 9 11
18 10 11
21 12 14
22 10 12
23 10 12
24 9 11
25 10 11
0 0 0
22 9 12
23 9 12
0 0 0
16 9 11
17 9 11
18 10 11
21 12 14
22 10 12
23 10 12
24 9 11
25 10 11
0 0 0
16 13 16
21 12 15
22 9 12
23 9 12
25 10 12
0 0 0
22 9 12
23 9 12
25 10 11
0 0 0
22 9 11
23 9 11
25 10 11
0 0 0
16 10 20
17 9 17
18 10 18
21 12 15
22 10 13
24 9 13
0 0 0
16 9 15
17 9 15
21 12 14
22 10 12
23 10 12
0 0 0
0 0 0
0 0 0
16 10 10
17 9 11
18 10 10
21 10 11
22 10 11
23 10 10
0 0 0
17 10 11
18 10 10
21 11 12
22 10 11
23 10 12
24 10 11
0 0 0
17 10 11
18 10 11
21 12 12
22 9 11
24 9 12
0 0 0
16 10 10
17 9 14
18 10 12
21 11 13
22 10 13
24 9 12
25 11 11
0 0 0
17 10 14
18 10 12
21 11 14
22 10 11
23 9 12
24 9 12
0 0 0
17 13 14
18 10 14
21 12 13
22 10 11
24 9 12
0 0 0
16 11 15
17 12 15
18 10 15
21 11 13
22 11 11
24 11 11
0 0 0
16 14 15
17 10 14
18 10 14
21 12 14
22 10 11
24 10 12
0 0 0
17 13 13
21 12 13
24 11 11
0 0 0
17 9 10
18 10 10
22 9 10
25 9 9
0 0 0
17 9 10
22 9 11
23 9 11
24 9 9
25 10 10
0 0 0
16 9 10
17 9 10
18 10 10
21 10 11
22 9 12
23 9 11
24 9 9
25 9 11
0 0 0
16 10 10
17 9 10
18 10 11
21 10 12
22 9 12
23 9 12
24 9 10
25 9 11
0 0 0
17 9 11
18 10 11
21 10 13
22 9 12
23 9 12
24 9 12
25 9 11
0 0 0
17 9 10
18 10 11
21 10 12
22 9 12
23 10 12
24 9 11
25 11 11
0 0 0
18 10 10
21 11 13
24 10 11
25 10 11
0 0 0
16 9 11
17 10 11
21 10 12
24 10 11
25 9 11
0 0 0
17 11 13
21 10 12
22 10 12
23 10 12
25 9 11
0 0 0
17 9 11
18 10 11
21 12 14
24 10 11
25 9 11
0 0 0
16 10 11
17 10 11
18 10 11
21 11 13
22 10 11
23 10 11
25 9 11
0 0 0
16 9 11
17 10 11
18 10 11
21 12 14
24 10 11
25 9 11
0 0 0
21 12 15
0 0 0
21 10 11
22 10 12
23 10 12
0 0 0
17 10 13
21 10 11
22 9 10
23 9 10
24 10 11
25 9 10
0 0 0
16 10 20
17 10 17
18 10 18
21 12 15
22 10 13
24 9 13
0 0 0
16 11 11
17 11 11
21 10 12
24 10 11
25 9 11
0 0 0
17 11 13
18 11 12
21 10 12
22 10 12
23 10 12
25 9 11
0 0 0
17 11 11
18 11 11
21 12 14
24 10 11
25 9 11
0 0 0
16 11 11
17 11 11
18 11 11
21 11 13
22 10 11
23 10 11
25 9 11
0 0 0
16 11 11
17 11 11
18 11 11
21 12 14
22 10 11
23 10 11
24 10 11
25 9 11
0 0 0
21 12 15
0 0 0
21 10 11
22 10 12
23 10 12
0 0 0
17 11 13
21 10 11
22 10 10
23 10 10
24 10 11
25 9 10
0 0 0
22 10 11
23 10 10
0 0 0
21 10 11
22 10 11
0 0 0
18 11 11
21 10 11
22 10 12
23 11 11
25 11 11
0 0 0
18 11 11
21 11 12
22 10 11
24 11 11
25 10 11
0 0 0
17 12 12
18 11 12
22 10 12
24 11 12
0 0 0
17 11 13
18 11 12
21 10 14
22 10 11
24 11 12
25 10 11
0 0 0
16 11 13
17 11 14
18 11 14
21 11 14
22 10 12
24 10 12
25 10 11
0 0 0
16 12 14
17 11 14
18 11 12
21 11 13
24 11 12
25 10 11
0 0 0
16 11 14
17 11 15
18 11 15
21 11 14
22 11 11
24 11 12
25 10 11
0 0 0
16 11 16
17 11 14
18 11 14
21 11 14
23 11 11
24 11 12
25 10 11
0 0 0
16 15 15
17 11 14
18 11 12
21 11 14
23 12 12
24 11 11
0 0 0
22 10 11
0 0 0
17 11 11
21 10 10
22 10 11
23 10 11
25 9 9
0 0 0
17 11 11
21 10 11
22 10 11
23 11 11
24 10 11
25 10 11
0 0 0
17 11 11
18 11 11
21 10 11
22 10 12
23 10 11
24 10 11
25 9 11
0 0 0
17 11 11
18 11 11
21 10 12
22 10 12
23 11 12
24 10 12
25 10 11
0 0 0
17 11 12
18 11 11
21 10 12
22 11 11
24 10 12
25 10 11
0 0 0
21 10 10
23 11 11
24 10 11
25 10 11
0 0 0
16 11 11
17 11 11
18 11 11
21 11 12
22 10 12
23 10 12
24 10 11
25 9 11
0 0 0
17 11 13
21 11 12
22 10 12
23 10 12
25 9 11
0 0 0
16 11 11
17 11 11
18 11 11
21 12 14
24 10 11
25 9 11
0 0 0
22 10 12
23 10 12
0 0 0
16 11 11
17 11 11
18 11 11
21 12 14
22 10 12
23 10 12
24 10 11
25 9 11
0 0 0
16 13 16
21 12 15
22 10 12
23 10 12
25 10 12
0 0 0
22 10 12
23 10 12
25 9 11
0 0 0
22 10 11
23 10 11
25 9 11
0 0 0
22 9 12
23 9 12
0 0 0
17 11 13
22 10 12
23 10 12
25 10 11
0 0 0
16 9 11
17 9 11
18 10 11
21 12 14
22 10 12
23 10 12
24 9 11
25 10 11
0 0 0
22 9 12
23 9 12
0 0 0
16 9 11
17 9 11
18 10 11
21 12 14
22 10 12
23 10 12
24 9 11
25 10 11
0 0 0
16 13 16
21 12 15
22 9 12
23 9 12
25 10 12
0 0 0
22 9 12
23 9 12
25 10 11
0 0 0
22 9 11
23 9 11
25 10 11
0 0 0
0 0 0
21 10 11
22 9 11
0 0 0
17 9 10
18 10 11
21 11 11
22 9 12
23 10 12
24 9 10
0 0 0
17 11 11
21 10 11
22 9 11
23 10 12
0 0 0
18 10 11
21 11 11
22 9 12
23 11 12
24 10 12
0 0 0
16 10 10
17 11 12
18 10 13
21 11 13
22 10 12
24 11 12
0 0 0
17 10 12
18 10 13
21 11 14
22 10 11
23 11 12
24 9 12
0 0 0
17 10 12
18 10 12
21 10 13
22 10 11
24 9 13
0 0 0
17 10 14
18 10 12
21 10 13
24 10 12
0 0 0
16 14 14
17 11 14
18 12 13
21 12 15
22 10 12
24 10 13
0 0 0
17 11 15
18 13 15
21 12 14
24 11 12
0 0 0
17 9 9
22 9 10
24 9 9
0 0 0
17 9 10
21 10 10
22 9 11
23 9 10
0 0 0
17 9 10
21 10 11
22 9 12
23 9 11
24 9 10
25 9 11
0 0 0
17 9 11
18 10 11
21 10 11
22 9 12
23 9 12
24 9 11
25 9 11
0 0 0
17 9 11
18 10 11
21 10 12
22 9 13
23 10 12
24 9 13
25 9 11
0 0 0
17 9 11
18 10 11
21 10 12
22 9 11
23 11 12
24 9 12
25 10 11
0 0 0
18 10 10
21 10 12
24 9 12
0 0 0
18 10 11
22 9 11
24 9 11
0 0 0
17 9 10
18 10 11
22 9 11
24 9 12
0 0 0
17 9 10
18 10 11
24 9 12
0 0 0
18 10 11
21 13 15
24 9 12
0 0 0
16 9 11
17 10 11
21 10 12
24 10 11
25 9 11
0 0 0
17 11 13
21 10 12
22 10 12
23 10 12
25 9 11
0 0 0
17 9 11
18 10 11
21 12 14
24 10 11
25 9 11
0 0 0
16 10 11
17 10 11
18 10 11
21 11 13
22 10 11
23 10 11
25 9 11
0 0 0
16 9 11
17 10 11
18 10 11
21 12 14
24 10 11
25 9 11
0 0 0
21 12 15
0 0 0
21 10 11
22 10 12
23 10 12
0 0 0
17 10 13
21 10 11
22 9 10
23 9 10
24 10 11
25 9 10
0 0 0
16 11 11
17 11 11
21 10 12
24 10 11
25 9 11
0 0 0
17 11 13
18 11 12
21 10 12
22 10 12
23 10 12
25 9 11
0 0 0
17 11 11
18 11 11
21 12 14
24 10 11
25 9 11
0 0 0
16 11 11
17 11 11
18 11 11
21 11 13
22 10 11
23 10 11
25 9 11
0 0 0
16 11 11
17 11 11
18 11 11
21 12 14
22 10 11
23 10 11
24 10 11
25 9 11
0 0 0
21 12 15
0 0 0
21 10 11
22 10 12
23 10 12
0 0 0
17 11 13
21 10 11
22 10 10
23 10 10
24 10 11
25 9 10
0 0 0
0 0 0
21 10 11
22 10 11
23 10 10
24 11 11
25 9 9
0 0 0
16 11 11
17 11 12
18 11 11
21 10 11
22 10 11
23 10 11
24 11 11
0 0 0
16 11 11
17 11 11
18 11 11
21 10 11
22 10 12
23 11 11
24 10 12
0 0 0
17 11 12
18 11 12
21 10 12
22 11 12
23 10 12
24 11 12
0 0 0
16 11 11
17 11 12
18 11 13
21 10 13
22 10 12
23 11 11
24 11 11
25 11 11
0 0 0
16 12 12
17 11 14
18 11 11
21 10 12
23 11 12
24 11 12
25 9 11
0 0 0
16 12 12
17 11 14
18 11 12
21 11 12
23 13 13
24 11 11
0 0 0
16 14 14
17 11 14
18 11 14
21 10 14
24 11 11
0 0 0
16 13 15
17 11 12
18 11 14
21 11 13
24 13 13
0 0 0
16 13 15
17 12 14
18 13 13
21 11 13
0 0 0
22 10 10
23 10 11
25 9 9
0 0 0
21 10 11
22 10 11
23 10 11
24 11 11
25 9 10
0 0 0
17 11 11
21 10 11
22 10 12
23 10 11
24 10 11
25 9 11
0 0 0
17 11 11
18 11 11
21 10 11
22 10 12
23 10 12
24 10 11
25 9 11
0 0 0
17 11 12
18 11 11
21 10 12
22 10 11
23 10 12
24 10 12
25 9 11
0 0 0
18 11 11
21 11 12
23 11 11
24 11 11
25 10 11
0 0 0
21 11 11
0 0 0
16 11 11
17 11 11
18 11 11
21 11 12
22 10 12
23 10 12
24 10 11
25 9 11
0 0 0
17 11 13
21 11 12
22 10 12
23 10 12
25 9 11
0 0 0
16 11 11
17 11 11
18 11 11
21 12 14
24 10 11
25 9 11
0 0 0
22 10 12
23 10 12
0 0 0
16 11 11
17 11 11
18 11 11
21 12 14
22 10 12
23 10 12
24 10 11
25 9 11
0 0 0
16 13 16
21 12 15
22 10 12
23 10 12
25 10 12
0 0 0
22 10 12
23 10 12
25 9 11
0 0 0
22 10 11
23 10 11
25 9 11
0 0 0
22 9 12
23 9 12
0 0 0
17 11 13
22 10 12
23 10 12
25 10 11
0 0 0
16 9 11
17 9 11
18 10 11
21 12 14
22 10 12
23 10 12
24 9 11
25 10 11
0 0 0
22 9 12
23 9 12
0 0 0
16 9 11
17 9 11
18 10 11
21 12 14
22 10 12
23 10 12
24 9 11
25 10 11
0 0 0
16 13 16
21 12 15
22 9 12
23 9 12
25 10 12
0 0 0
22 9 12
23 9 12
25 10 11
0 0 0
22 9 11
23 9 11
25 10 11
0 0 0
17 9 9
0 0 0
17 9 9
21 10 10
0 0 0
21 10 11
0 0 0
17 9 9
21 10 10
25 10 10
0 0 0
0 0 0
17 9 10
21 10 11
22 9 11
0 0 0
17 10 11
18 10 10
21 10 11
22 9 12
23 11 11
24 10 10
0 0 0
17 10 12
18 10 11
21 10 13
22 9 12
23 9 13
24 9 12
0 0 0
17 10 12
18 10 12
21 10 12
22 10 13
23 11 12
24 9 12
0 0 0
17 10 13
18 10 12
21 10 13
22 9 13
23 10 13
24 10 12
0 0 0
17 9 13
18 10 13
21 10 14
22 10 11
23 11 12
24 10 12
0 0 0
17 9 13
18 10 13
21 11 13
22 11 12
23 12 12
24 11 12
25 11 11
0 0 0
16 14 15
17 10 15
18 12 15
21 12 13
22 11 11
24 11 12
0 0 0
16 14 14
17 11 15
18 10 13
21 11 14
22 10 12
23 11 11
24 10 12
0 0 0
16 15 16
18 15 15
21 12 13
22 11 12
0 0 0
22 9 9
0 0 0
17 9 10
22 9 11
23 9 12
24 9 9
0 0 0
17 9 10
22 9 12
23 9 12
24 9 11
25 9 11
0 0 0
17 9 10
18 10 10
21 10 12
22 10 12
23 10 12
24 9 12
25 9 12
0 0 0
17 9 11
18 10 10
21 10 12
22 9 12
23 9 12
24 9 12
25 9 11
0 0 0
17 9 11
18 10 12
21 10 12
22 10 11
23 9 11
24 9 12
25 9 11
0 0 0
21 11 11
24 9 11
25 10 11
0 0 0
0 0 0
17 10 10
18 10 10
21 12 12
24 11 12
0 0 0
17 10 10
18 10 11
21 13 13
24 10 13
0 0 0
18 12 12
21 11 15
24 11 12
0 0 0
16 9 11
17 10 11
21 10 12
24 10 11
25 9 11
0 0 0
17 11 13
21 10 12
22 10 12
23 10 12
25 9 11
0 0 0
17 9 11
18 10 11
21 12 14
24 10 11
25 9 11
0 0 0
16 10 11
17 10 11
18 10 11
21 11 13
22 10 11
23 10 11
25 9 11
0 0 0
16 9 11
17 10 11
18 10 11
21 12 14
24 10 11
25 9 11
0 0 0
21 12 15
0 0 0
21 10 11
22 10 12
23 10 12
0 0 0
17 10 13
21 10 11
22 9 10
23 9 10
24 10 11
25 9 10
0 0 0
16 13 14
17 13 14
21 12 15
24 12 14
25 9 13
0 0 0
17 13 16
18 13 15
21 11 15
22 11 15
23 11 15
25 9 14
0 0 0
17 13 14
18 13 14
21 15 17
24 12 14
25 9 13
0 0 0
16 13 14
17 13 14
18 13 14
21 13 16
22 12 14
23 12 14
25 9 13
0 0 0
16 13 14
17 13 14
18 13 14
21 15 17
22 11 14
23 11 14
24 12 14
25 9 13
0 0 0
21 15 18
0 0 0
21 11 13
22 11 15
23 11 15
0 0 0
17 13 16
21 11 13
22 11 11
23 11 11
24 12 14
25 9 11
0 0 0
16 13 14
17 13 14
18 13 14
21 13 15
22 11 15
23 11 15
24 12 14
25 10 14
0 0 0
17 13 16
21 13 15
22 12 15
23 12 15
25 10 14
0 0 0
16 13 14
17 13 14
18 13 14
21 15 17
24 12 14
25 10 14
0 0 0
22 11 15
23 11 15
0 0 0
16 13 14
17 13 14
18 13 14
21 15 17
22 11 15
23 11 15
24 12 14
25 10 14
0 0 0
16 16 19
21 15 18
22 11 15
23 11 15
25 12 15
0 0 0
22 11 15
23 11 15
25 9 13
0 0 0
22 11 14
23 11 14
25 9 13
0 0 0
22 10 15
23 10 15
0 0 0
17 13 16
22 12 15
23 12 15
25 12 14
0 0 0
16 10 14
17 10 14
18 11 14
21 15 17
22 11 15
23 11 15
24 10 14
25 12 14
0 0 0
22 10 15
23 10 15
0 0 0
16 10 14
17 10 14
18 11 14
21 15 17
22 11 15
23 11 15
24 10 14
25 12 14
0 0 0
16 16 19
21 15 18
22 10 15
23 10 15
25 12 15
0 0 0
22 10 15
23 10 15
25 11 13
0 0 0
22 10 14
23 10 14
25 12 13
0 0 0
22 9 9
24 12 12
0 0 0
17 12 14
18 14 14
22 9 13
0 0 0
17 11 15
22 9 13
24 9 11
0 0 0
16 12 12
17 12 15
18 12 14
22 9 14
24 10 11
0 0 0
16 9 12
17 10 15
22 9 15
24 11 12
0 0 0
16 12 12
17 12 13
18 13 14
22 10 13
24 9 12
0 0 0
16 10 14
17 11 14
21 12 15
24 11 14
25 10 13
0 0 0
17 13 16
21 11 15
22 11 15
23 11 15
25 9 14
0 0 0
17 10 14
18 12 14
21 15 17
24 11 14
25 10 13
0 0 0
16 11 14
17 11 14
18 12 14
21 13 16
22 12 14
23 12 14
25 9 13
0 0 0
16 10 14
17 11 14
18 12 14
21 15 17
24 11 14
25 10 13
0 0 0
21 15 18
0 0 0
21 11 13
22 11 15
23 11 15
0 0 0
17 12 16
21 11 13
22 10 11
23 10 11
24 12 14
25 9 11
0 0 0
16 13 14
17 13 14
21 12 15
24 12 14
25 9 13
0 0 0
17 13 16
18 13 15
21 11 15
22 11 15
23 11 15
25 9 14
0 0 0
17 13 14
18 13 14
21 15 17
24 12 14
25 9 13
0 0 0
16 13 14
17 13 14
18 13 14
21 13 16
22 12 14
23 12 14
25 9 13
0 0 0
16 13 14
17 13 14
18 13 14
21 15 17
22 11 14
23 11 14
24 12 14
25 9 13
0 0 0
21 15 18
0 0 0
21 11 13
22 11 15
23 11 15
0 0 0
17 13 16
21 11 13
22 11 11
23 11 11
24 12 14
25 9 11
0 0 0
0 0 0
22 11 13
24 11 11
0 0 0
22 11 13
0 0 0
22 11 13
0 0 0
22 11 15
24 15 15
0 0 0
22 12 13
0 0 0
22 13 13
0 0 0
22 11 12
24 13 13
0 0 0
16 14 14
17 13 13
22 11 13
23 14 14
24 12 14
0 0 0
17 13 14
22 11 14
23 13 13
24 12 14
0 0 0
17 13 14
22 11 15
24 12 15
0 0 0
17 13 14
24 12 15
0 0 0
22 12 12
23 15 15
25 9 11
0 0 0
23 13 14
25 12 12
0 0 0
22 12 12
24 13 13
0 0 0
17 14 14
22 11 13
24 13 14
0 0 0
17 13 15
21 12 16
22 11 14
23 11 14
24 13 14
25 12 12
0 0 0
17 13 16
18 14 15
21 14 16
22 11 14
23 13 15
24 12 14
25 12 14
0 0 0
16 15 15
17 14 17
18 13 15
21 13 17
23 14 16
24 12 15
0 0 0
16 15 19
17 13 18
18 14 16
21 13 17
24 12 15
25 12 14
0 0 0
17 13 18
18 14 16
21 12 17
24 12 14
25 11 14
0 0 0
16 17 17
17 13 18
18 15 20
21 11 17
22 11 15
23 12 13
24 12 15
0 0 0
16 15 15
17 13 18
18 16 17
21 13 16
25 11 12
0 0 0
0 0 0
22 11 13
0 0 0
21 12 12
22 11 14
23 11 13
24 11 14
25 9 12
0 0 0
17 13 14
21 13 14
22 11 15
23 11 13
24 11 14
25 9 13
0 0 0
17 13 14
18 14 15
21 12 13
22 11 15
23 11 14
24 11 15
25 9 13
0 0 0
17 13 15
18 13 15
21 12 14
22 11 14
23 12 15
24 11 15
25 10 14
0 0 0
17 13 15
18 15 15
21 13 14
22 15 15
23 14 14
24 11 15
25 10 12
0 0 0
17 13 13
18 14 14
21 14 15
23 15 15
24 13 15
0 0 0
0 0 0
22 11 13
0 0 0
0 0 0
22 11 13
24 12 12
0 0 0
22 12 12
24 14 14
0 0 0
24 12 13
0 0 0
24 13 13
0 0 0
22 11 11
24 11 15
0 0 0
24 12 15
0 0 0
21 14 14
22 14 14
24 11 15
0 0 0
21 16 16
22 11 11
24 13 15
0 0 0
21 14 16
24 13 16
0 0 0
21 16 16
24 14 17
0 0 0
21 17 17
24 12 15
0 0 0
0 0 0
0 0 0
0 0 0
0 0 0
16 13 14
17 13 14
18 13 14
21 13 15
22 11 15
23 11 15
24 12 14
25 10 14
0 0 0
17 13 16
21 13 15
22 12 15
23 12 15
25 10 14
0 0 0
16 13 14
17 13 14
18 13 14
21 15 17
24 12 14
25 10 14
0 0 0
22 11 15
23 11 15
0 0 0
16 13 14
17 13 14
18 13 14
21 15 17
22 11 15
23 11 15
24 12 14
25 10 14
0 0 0
16 16 19
21 15 18
22 11 15
23 11 15
25 12 15
0 0 0
22 11 15
23 11 15
25 9 13
0 0 0
22 11 14
23 11 14
25 9 13
0 0 0
0 0 0
22 14 14
0 0 0
22 12 13
0 0 0
22 12 15
23 11 15
0 0 0
17 15 15
22 13 15
23 12 15
24 12 15
0 0 0
17 15 15
0 0 0
22 11 12
23 11 12
0 0 0
22 11 13
23 11 14
0 0 0
22 11 15
23 11 15
0 0 0
17 13 14
18 14 14
22 11 14
23 11 15
25 9 13
0 0 0
17 13 14
22 11 15
23 12 15
24 14 14
0 0 0
17 13 14
22 11 11
24 13 15
0 0 0
0 0 0
0 0 0
0 0 0
0 0 0
25 11 12
0 0 0
0 0 0
22 12 14
0 0 0
22 11 15
23 12 15
0 0 0
22 11 15
23 12 15
25 10 10
0 0 0
16 13 13
22 11 15
23 12 15
24 13 15
25 12 12
0 0 0
17 14 14
18 14 14
21 16 16
22 11 16
23 11 16
24 11 15
0 0 0
16 15 16
17 14 16
18 13 15
21 15 15
22 11 15
23 14 15
24 11 16
0 0 0
16 14 16
17 14 17
18 13 16
21 14 16
22 11 16
23 13 16
24 13 16
25 12 14
0 0 0
17 14 18
18 15 17
21 13 17
22 11 16
23 13 15
24 12 15
0 0 0
16 13 20
17 13 18
18 15 16
21 13 17
22 11 16
23 14 16
24 12 15
0 0 0
16 16 20
17 14 18
18 14 19
21 15 17
22 11 16
24 14 15
25 12 14
0 0 0
17 15 17
18 15 16
21 15 17
22 14 15
23 14 15
24 13 14
25 12 13
0 0 0
0 0 0
0 0 0
22 11 13
23 11 13
25 9 10
0 0 0
22 11 15
23 11 15
24 11 15
25 10 14
0 0 0
17 14 15
21 14 15
22 11 15
23 11 16
24 11 15
25 10 13
0 0 0
17 13 15
21 14 14
22 11 15
23 11 15
24 11 15
25 10 15
0 0 0
17 13 14
21 14 14
22 11 13
23 11 16
24 11 15
25 11 14
0 0 0
17 13 13
21 13 14
22 11 12
23 15 15
24 12 15
25 14 14
0 0 0
22 11 12
0 0 0
22 11 12
0 0 0
22 12 13
0 0 0
22 11 12
0 0 0
22 11 15
0 0 0
22 11 14
24 14 14
0 0 0
22 15 15
0 0 0
0 0 0
24 13 14
0 0 0
22 11 15
24 12 15
0 0 0
18 15 15
22 11 12
24 13 15
0 0 0
21 16 17
22 11 15
24 12 15
0 0 0
17 17 17
21 16 17
24 12 15
0 0 0
17 16 18
18 16 17
21 15 18
22 11 12
24 12 15
0 0 0
21 16 17
24 13 14
0 0 0
23 12 12
0 0 0
22 11 13
0 0 0
21 13 13
22 11 13
23 11 16
25 11 13
0 0 0
21 13 14
22 11 14
23 11 16
24 12 12
25 11 14
0 0 0
22 11 14
23 14 15
24 11 11
25 13 13
0 0 0
22 10 15
23 10 15
0 0 0
17 13 16
22 12 15
23 12 15
25 12 14
0 0 0
16 10 14
17 10 14
18 11 14
21 15 17
22 11 15
23 11 15
24 10 14
25 12 14
0 0 0
22 10 15
23 10 15
0 0 0
16 10 14
17 10 14
18 11 14
21 15 17
22 11 15
23 11 15
24 10 14
25 12 14
0 0 0
16 16 19
21 15 18
22 10 15
23 10 15
25 12 15
0 0 0
22 10 15
23 10 15
25 11 13
0 0 0
22 10 14
23 10 14
25 12 13
0 0 0
22 10 11
0 0 0
16 9 9
22 10 14
24 12 12
0 0 0
22 9 14
23 14 14
24 10 14
0 0 0
16 11 14
17 14 14
22 9 14
24 10 14
0 0 0
16 9 12
22 9 14
24 9 15
0 0 0
16 15 15
17 14 14
22 14 14
24 12 12
0 0 0
17 10 11
22 9 13
23 10 10
24 9 10
0 0 0
16 10 11
17 9 12
22 9 14
23 9 13
24 9 12
0 0 0
16 9 12
17 9 14
18 13 13
22 9 14
23 10 14
24 9 13
25 9 12
0 0 0
16 9 12
17 9 13
18 12 12
22 9 14
23 10 14
24 9 15
0 0 0
16 9 12
17 9 15
18 12 13
22 9 14
23 10 15
24 9 14
25 10 10
0 0 0
22 12 14
0 0 0
22 9 12
24 10 10
0 0 0
22 9 10
24 10 10
0 0 0
22 12 13
24 9 9
0 0 0
0 0 0
0 0 0
0 0 0
17 9 11
21 13 13
22 10 10
0 0 0
17 10 10
21 13 13
22 13 13
0 0 0
16 10 12
22 9 14
24 10 13
0 0 0
16 10 13
17 10 13
18 12 12
22 9 15
23 16 16
24 9 13
0 0 0
16 9 13
17 13 15
18 12 14
21 14 14
22 9 13
23 15 15
24 10 15
25 11 13
0 0 0
16 10 13
17 11 15
18 12 14
22 10 14
23 15 15
24 10 15
0 0 0
16 10 14
17 11 14
18 11 14
21 15 16
22 9 16
24 10 15
25 13 13
0 0 0
16 9 16
17 12 14
18 12 15
21 15 17
22 10 16
24 9 15
0 0 0
16 11 13
17 12 18
18 11 16
21 16 17
22 11 16
24 9 15
25 14 14
0 0 0
17 14 17
21 14 17
22 10 15
24 10 15
25 14 14
0 0 0
17 14 16
18 13 14
21 13 17
24 11 15
0 0 0
16 20 20
18 17 17
21 17 17
24 14 14
0 0 0
17 9 10
22 9 11
24 9 11
0 0 0
22 9 12
24 9 11
0 0 0
18 11 11
21 12 12
22 9 13
23 12 12
24 9 11
0 0 0
17 9 13
18 11 12
21 13 13
22 9 13
23 9 14
24 9 12
25 9 12
0 0 0
16 9 12
17 9 13
18 11 13
21 12 15
22 9 15
23 9 16
24 9 15
25 9 14
0 0 0
16 11 12
17 9 15
18 11 14
21 12 15
22 9 14
23 9 15
24 9 15
25 10 14
0 0 0
17 12 14
18 11 14
21 11 15
22 9 15
23 13 15
24 9 15
25 12 14
0 0 0
17 12 16
18 12 12
21 14 14
22 11 12
24 11 15
0 0 0
22 9 11
24 10 10
0 0 0
22 9 13
24 10 12
0 0 0
22 9 13
24 11 11
0 0 0
22 9 13
24 12 13
0 0 0
22 9 14
24 10 12
0 0 0
22 9 14
24 10 12
0 0 0
22 9 14
24 9 9
0 0 0
17 9 13
18 11 14
22 10 12
24 9 15
0 0 0
17 11 14
18 12 13
21 17 17
22 12 12
24 9 15
0 0 0
17 9 12
18 13 14
24 10 15
0 0 0
17 13 13
18 12 13
21 16 17
24 11 15
0 0 0
17 13 13
18 11 14
21 15 18
24 10 15
0 0 0
0 0 0
22 9 12
23 12 12
24 9 9
0 0 0
22 9 13
24 9 12
0 0 0
21 13 13
22 9 14
23 15 15
24 9 14
25 12 12
0 0 0
21 14 14
22 10 15
24 11 12
0 0 0
16 10 14
17 11 14
21 12 15
24 11 14
25 10 13
0 0 0
17 13 16
21 11 15
22 11 15
23 11 15
25 9 14
0 0 0
17 10 14
18 12 14
21 15 17
24 11 14
25 10 13
0 0 0
16 11 14
17 11 14
18 12 14
21 13 16
22 12 14
23 12 14
25 9 13
0 0 0
16 10 14
17 11 14
18 12 14
21 15 17
24 11 14
25 10 13
0 0 0
21 15 18
0 0 0
21 11 13
22 11 15
23 11 15
0 0 0
17 12 16
21 11 13
22 10 11
23 10 11
24 12 14
25 9 11
0 0 0
0 0 0
23 13 13
24 12 12
0 0 0
22 11 13
23 12 12
24 12 12
0 0 0
22 12 15
23 12 12
24 12 14
0 0 0
23 10 12
0 0 0
17 10 12
18 12 12
22 11 14
23 12 12
25 10 10
0 0 0
16 10 13
17 12 15
22 12 13
0 0 0
16 12 13
17 13 14
18 12 12
22 12 14
24 11 11
25 9 9
0 0 0
17 14 14
22 10 16
23 10 14
24 11 11
0 0 0
17 12 12
0 0 0
0 0 0
24 11 11
0 0 0
24 10 12
0 0 0
0 0 0
0 0 0
21 12 12
0 0 0
0 0 0
0 0 0
25 11 11
0 0 0
16 12 13
17 13 13
18 12 13
22 13 13
24 10 12
0 0 0
16 12 14
17 15 15
18 11 14
22 9 12
24 11 14
25 11 12
0 0 0
16 10 12
17 13 13
18 12 15
22 9 14
23 14 14
24 9 14
25 12 14
0 0 0
17 14 16
18 12 15
21 16 16
22 11 15
23 15 15
24 11 15
25 11 14
0 0 0
16 13 13
17 13 17
18 12 15
21 15 16
22 11 11
23 14 14
24 12 15
0 0 0
17 14 16
18 11 15
21 15 17
22 9 15
23 14 15
24 12 15
25 10 12
0 0 0
17 14 17
18 12 17
21 16 16
24 12 15
25 11 12
0 0 0
16 14 14
17 15 17
18 13 16
21 16 16
24 12 15
0 0 0
17 15 16
18 12 15
21 14 16
24 12 13
25 11 12
0 0 0
24 12 12
0 0 0
22 9 9
24 9 12
25 9 11
0 0 0
18 12 12
22 10 14
24 9 13
25 10 12
0 0 0
17 13 13
18 12 13
21 12 12
22 10 14
23 9 15
24 9 14
25 9 13
0 0 0
16 12 12
17 12 13
18 12 14
21 12 15
22 10 16
23 9 15
24 9 14
25 9 14
0 0 0
17 11 14
18 11 14
21 12 14
22 9 14
23 10 15
24 9 15
25 9 14
0 0 0
17 12 14
18 11 15
21 12 14
22 11 13
23 12 16
24 9 15
25 10 13
0 0 0
17 13 13
18 13 14
24 12 15
25 9 11
0 0 0
22 10 10
24 11 11
0 0 0
0 0 0
22 10 13
24 9 13
0 0 0
22 9 14
24 9 13
0 0 0
22 11 13
24 11 14
0 0 0
22 11 12
24 9 13
0 0 0
22 13 13
24 11 14
0 0 0
24 10 13
0 0 0
17 12 14
18 12 14
24 9 15
0 0 0
17 13 13
18 13 14
24 11 15
0 0 0
18 13 15
21 15 17
24 12 15
0 0 0
17 11 14
18 14 14
21 16 17
24 12 15
0 0 0
17 12 12
18 12 14
21 16 17
24 12 13
0 0 0
18 13 14
21 16 17
24 12 14
0 0 0
25 9 10
0 0 0
23 9 9
25 11 11
0 0 0
24 12 12
0 0 0
21 12 12
24 9 13
25 9 13
0 0 0
21 11 11
23 12 13
24 12 13
25 12 14
0 0 0
21 13 13
23 16 16
25 12 14
0 0 0
16 9 22
17 9 20
21 13 18
22 11 16
23 11 16
0 0 0
16 13 23
17 13 19
18 14 20
21 13 18
22 11 15
24 11 16
0 0 0
16 13 23
17 13 19
18 14 20
21 13 18
22 11 15
24 11 16
0 0 0
16 11 23
17 9 19
18 12 20
21 13 18
22 9 15
24 9 16
0 0 0
16 11 23
17 10 19
18 12 20
21 13 18
22 9 15
24 9 16
0 0 0
16 11 22
17 9 20
21 12 14
22 12 16
23 12 16
24 9 12
0 0 0
0 0 0
0 0 0
0 0 0
23 12 12
24 13 13
0 0 0
23 11 11
24 12 12
0 0 0
24 12 15
0 0 0
0 0 0
0 0 0
24 12 13
0 0 0
24 12 15
0 0 0
24 13 15
0 0 0
24 12 14
0 0 0
24 13 13
0 0 0
0 0 0
23 9 10
0 0 0
17 9 9
22 10 10
23 9 11
0 0 0
17 10 10
21 13 13
22 9 12
23 9 12
24 10 10
25 9 9
0 0 0
17 10 11
22 9 11
23 9 12
24 9 11
0 0 0
16 10 10
17 10 12
21 13 13
23 9 12
24 9 9
0 0 0
17 12 12
23 9 10
0 0 0
24 15 15
0 0 0
24 14 14
0 0 0
24 14 14
0 0 0
24 14 14
0 0 0
17 11 11
24 14 14
0 0 0
21 16 18
24 14 14
0 0 0
21 15 17
24 14 15
0 0 0
21 17 17
24 13 15
0 0 0
24 12 14
#
 -999.0 # Check sum 
