 1145 -206822 -206822
 2304 206818 -206818
 1146 -191324 -191324
 2305 191321 -191321
 1142 -139054 -139054
 2301 139052 -139052
 1141 -80029.9 -80029.9
 2300 80029.6 -80029.6
 2217 73073 -73073
 1058 -73072 -73072
 2237 61596.9 -61596.9
 1078 -61596.3 -61596.3
 2236 56336.6 -56336.6
 1077 -56336.1 -56336.1
 2226 51093.3 -51093.3
 1067 -51093.1 -51093.1
 2238 50914.1 -50914.1
 1079 -50913.7 -50913.7
 2303 40393.4 -40393.4
 1144 -40393.4 -40393.4
 2277 32519.5 -32519.5
 1118 -32519.1 -32519.1
 1133 31971 -31971
 2292 -31971 -31971
 2281 31075.5 -31075.5
 1122 -31075.2 -31075.2
 2232 29860.4 -29860.4
 1073 -29860.2 -29860.2
 2219 29434.1 -29434.1
 1060 -29434 -29434
 1137 22168.4 -22168.4
 2296 -22168.3 -22168.3
 2314 21782.1 -21782.1
 1155 -21781.8 -21781.8
 1113 -20932.4 -20932.4
 2272 20932.4 -20932.4
 2252 20278.4 -20278.4
 1093 -20278.3 -20278.3
 2299 -19046.2 -19046.2
 1140 19046.2 -19046.2
 2207 18483.9 -18483.9
 1048 -18483.8 -18483.8
 2231 17546.9 -17546.9
 1072 -17546.9 -17546.9
 2315 16251.6 -16251.6
 1156 -16251.4 -16251.4
 2212 14908 -14908
 1053 -14907.9 -14907.9
 2224 14361.9 -14361.9
 1065 -14361.9 -14361.9
 2285 14258.9 -14258.9
 1126 -14258.8 -14258.8
 2209 13990.5 -13990.5
 1050 -13990.4 -13990.4
 2220 13954.6 -13954.6
 1061 -13954.5 -13954.5
 2257 13274.1 -13274.1
 1098 -13274 -13274
 2223 13267 -13267
 1064 -13267 -13267
 2229 12994.5 -12994.5
 1070 -12994.4 -12994.4
 2269 12409 -12409
 1110 -12409 -12409
 2270 11578.5 -11578.5
 1111 -11578.5 -11578.5
 2222 11327.5 -11327.5
 1063 -11327.4 -11327.4
 2274 11177.9 -11177.9
 1115 -11177.8 -11177.8
 2225 11166 -11166
 1066 -11166 -11166
 2227 10479.9 -10479.9
 1068 -10479.6 -10479.6
 2268 10012.1 -10012.1
 1109 -10012.1 -10012.1
 1835 -9589.44 -9589.44
 676 9589.39 -9589.39
 2311 9492.99 -9492.99
 1152 -9492.88 -9492.88
 2271 9424.98 -9424.98
 1112 -9424.96 -9424.96
 1834 -9158.56 -9158.56
 675 9158.52 -9158.52
 2259 9058.06 -9058.06
 1100 -9058.05 -9058.05
 2276 8840.14 -8840.14
 1117 -8840.11 -8840.11
 1235 8829.38 -8829.38
 76 -8829.34 -8829.34
 2240 8537.9 -8537.9
 1081 -8537.88 -8537.88
 2218 8447.46 -8447.46
 1059 -8447.45 -8447.45
 2275 8291.06 -8291.06
 1116 -8291.03 -8291.03
 1234 7576.34 -7576.34
 75 -7576.3 -7576.3
 2242 7467.02 -7467.02
 1083 -7467 -7467
 1119 7421.76 -7421.76
 2278 -7421.76 -7421.76
 2266 7348.95 -7348.95
 1107 -7348.94 -7348.94
 1330 6976.31 -6976.31
 171 -6976.28 -6976.28
 1836 -6722.19 -6722.19
 677 6722.16 -6722.16
 2267 6697 -6697
 1108 -6696.99 -6696.99
 1332 6519.74 -6519.74
 173 -6519.7 -6519.7
 1832 -6414.33 -6414.33
 673 6414.3 -6414.3
 1340 -6119.69 -6119.69
 181 6119.65 -6119.65
 2290 -6094.45 -6094.45
 1131 6094.45 -6094.45
 1344 6086.31 -6086.31
 185 -6086.28 -6086.28
 1328 5945.24 -5945.24
 169 -5945.21 -5945.21
 2288 5754.2 -5754.2
 1129 -5754.16 -5754.16
 2210 -5687.36 -5687.36
 1051 5687.36 -5687.36
 1845 5597.29 -5597.29
 686 -5597.25 -5597.25
 1844 5473.68 -5473.68
 685 -5473.64 -5473.64
 1737 -5261.95 -5261.95
 578 5261.93 -5261.93
 2260 5175.19 -5175.19
 1101 -5175.19 -5175.19
 1074 -5132.39 -5132.39
 2233 5132.39 -5132.39
 1846 5018 -5018
 687 -5017.97 -5017.97
 2244 4975.96 -4975.96
 1085 -4975.95 -4975.95
 1831 -4922.8 -4922.8
 672 4922.78 -4922.78
 2298 -4854.34 -4854.34
 1139 4854.34 -4854.34
 2245 4852.5 -4852.5
 1086 -4852.5 -4852.5
 1329 4612.47 -4612.47
 170 -4612.45 -4612.45
 1331 4575.38 -4575.38
 172 -4575.36 -4575.36
 1333 -4432.55 -4432.55
 174 4432.52 -4432.52
 1227 4324.71 -4324.71
 68 -4324.69 -4324.69
 2255 4258.08 -4258.08
 1096 -4258.07 -4258.07
 2228 -4228.28 -4228.28
 1069 4228.28 -4228.28
 2253 4208.82 -4208.82
 1094 -4208.82 -4208.82
 1232 4194.7 -4194.7
 73 -4194.68 -4194.68
 1327 4162.47 -4162.47
 168 -4162.45 -4162.45
 1339 -4159.95 -4159.95
 180 4159.92 -4159.92
 1843 4041.7 -4041.7
 684 -4041.67 -4041.67
 1335 -4022.87 -4022.87
 176 4022.84 -4022.84
 2254 3999.26 -3999.26
 1095 -3999.25 -3999.25
 2291 -3980.2 -3980.2
 1132 3980.19 -3980.19
 1136 3958.12 -3958.12
 2295 -3958.12 -3958.12
 1336 3862.15 -3862.15
 177 -3862.13 -3862.13
 1343 -3819.99 -3819.99
 184 3819.96 -3819.96
 2235 3740.61 -3740.61
 1076 -3740.6 -3740.6
 1233 3472.74 -3472.74
 74 -3472.72 -3472.72
 1837 -3460.16 -3460.16
 678 3460.14 -3460.14
 1736 -3429.32 -3429.32
 577 3429.31 -3429.31
 2152 -3378.57 -3378.57
 993 3378.55 -3378.55
 1225 3373.33 -3373.33
 66 -3373.32 -3373.32
 2294 -3367.53 -3367.53
 1135 3367.53 -3367.53
 2214 3328.17 -3328.17
 1055 -3328.16 -3328.16
 1229 3189.99 -3189.99
 70 -3189.98 -3189.98
 1830 -3053.72 -3053.72
 671 3053.71 -3053.71
 2101 -3023.13 -3023.13
 942 3023.11 -3023.11
 1746 2931.09 -2931.09
 587 -2931.07 -2931.07
 2170 -2912.74 -2912.74
 1011 2912.72 -2912.72
 2310 2894.29 -2894.29
 1151 -2894.26 -2894.26
 2249 2871.14 -2871.14
 1090 -2871.14 -2871.14
 2239 -2865.69 -2865.69
 1080 2865.69 -2865.69
 1237 -2731.58 -2731.58
 78 2731.57 -2731.57
 1226 2728.74 -2728.74
 67 -2728.73 -2728.73
 1488 2725.97 -2725.97
 329 -2725.96 -2725.96
 1747 2705.18 -2705.18
 588 -2705.17 -2705.17
 2262 2636.7 -2636.7
 1103 -2636.7 -2636.7
 1244 -2575.74 -2575.74
 85 2575.72 -2575.72
 1337 -2573.23 -2573.23
 178 2573.22 -2573.22
 1748 2563.04 -2563.04
 589 -2563.03 -2563.03
 1049 2466.59 -2466.59
 2208 -2466.59 -2466.59
 2211 2414.84 -2414.84
 1052 -2414.84 -2414.84
 2286 2410.48 -2410.48
 1127 -2410.48 -2410.48
 2247 2400.1 -2400.1
 1088 -2400.1 -2400.1
 1637 2399.45 -2399.45
 478 -2399.45 -2399.45
 1745 2319.28 -2319.28
 586 -2319.27 -2319.27
 1847 2309.71 -2309.71
 688 -2309.7 -2309.7
 1238 -2295.4 -2295.4
 79 2295.39 -2295.39
 2169 -2207.23 -2207.23
 1010 2207.22 -2207.22
 1243 -2154.71 -2154.71
 84 2154.7 -2154.7
 1120 2154.04 -2154.04
 2279 -2154.04 -2154.04
 2151 -2117.88 -2117.88
 992 2117.87 -2117.87
 2243 2108.44 -2108.44
 1084 -2108.44 -2108.44
 1490 2106.04 -2106.04
 331 -2106.04 -2106.04
 2250 2099.16 -2099.16
 1091 -2099.16 -2099.16
 1439 2099.04 -2099.04
 280 -2099.04 -2099.04
 1245 -2096.48 -2096.48
 86 2096.47 -2096.47
 2216 2090.21 -2090.21
 1057 -2090.21 -2090.21
 1236 -2057.15 -2057.15
 1735 -2057.14 -2057.14
 77 2057.14 -2057.14
 576 2057.14 -2057.14
 1937 -2048.9 -2048.9
 778 2048.9 -2048.9
 1741 2010.92 -2010.92
 582 -2010.91 -2010.91
 1071 2004.28 -2004.28
 2230 -2004.28 -2004.28
 1732 -1986.57 -1986.57
 573 1986.57 -1986.57
 1228 1966.94 -1966.94
 69 -1966.94 -1966.94
 2283 1936.91 -1936.91
 1124 -1936.91 -1936.91
 1326 1879.31 -1879.31
 167 -1879.31 -1879.31
 1731 -1871.9 -1871.9
 572 1871.9 -1871.9
 2293 -1849.4 -1849.4
 1134 1849.4 -1849.4
 1239 -1843.24 -1843.24
 80 1843.23 -1843.23
 1246 -1818.43 -1818.43
 87 1818.43 -1818.43
 1840 1793.57 -1793.57
 681 -1793.55 -1793.55
 1734 -1767.81 -1767.81
 575 1767.81 -1767.81
 1230 1692.27 -1692.27
 71 -1692.27 -1692.27
 2264 1670.51 -1670.51
 1105 -1670.51 -1670.51
 1733 -1651.54 -1651.54
 574 1651.54 -1651.54
 2241 -1636.72 -1636.72
 1082 1636.72 -1636.72
 2103 -1636.67 -1636.67
 944 1636.67 -1636.67
 1842 1631.01 -1631.01
 683 -1630.99 -1630.99
 1742 1616.8 -1616.8
 583 -1616.79 -1616.79
 1224 -1608.06 -1608.06
 65 1608.04 -1608.04
 2258 1595.1 -1595.1
 1099 -1595.08 -1595.08
 1829 -1590.31 -1590.31
 670 1590.3 -1590.3
 1839 1587.28 -1587.28
 680 -1587.27 -1587.27
 1879 -1584.1 -1584.1
 720 1584.1 -1584.1
 72 -1580.38 -1580.38
 1231 1580.38 -1580.38
 1880 -1578.73 -1578.73
 721 1578.72 -1578.72
 2221 -1571.05 -1571.05
 1062 1571.05 -1571.05
 2133 -1567.82 -1567.82
 974 1567.81 -1567.81
 1878 -1546.76 -1546.76
 719 1546.75 -1546.75
 1881 -1541.18 -1541.18
 722 1541.18 -1541.18
 1877 -1517.09 -1517.09
 718 1517.08 -1517.08
 1338 1508.14 -1508.14
 179 -1508.13 -1508.13
 1882 -1502.15 -1502.15
 723 1502.15 -1502.15
 2144 1501.48 -1501.48
 985 -1501.47 -1501.47
 1582 -1479.02 -1479.02
 423 1479.01 -1479.01
 1223 -1471.77 -1471.77
 64 1471.75 -1471.75
 1850 -1466.15 -1466.15
 691 1466.14 -1466.14
 1876 -1460.61 -1460.61
 717 1460.61 -1460.61
 1753 -1457.12 -1457.12
 594 1457.12 -1457.12
 1218 1453.92 -1453.92
 59 -1453.91 -1453.91
 1325 1445.77 -1445.77
 166 -1445.77 -1445.77
 2135 -1438.07 -1438.07
 976 1438.07 -1438.07
 1883 -1425.05 -1425.05
 724 1425.04 -1425.04
 2289 -1420.37 -1420.37
 1130 1420.37 -1420.37
 2234 -1404.74 -1404.74
 1075 1404.74 -1404.74
 1483 -1401.24 -1401.24
 324 1401.24 -1401.24
 2147 -1392.25 -1392.25
 988 1392.25 -1392.25
 2025 -1390.26 -1390.26
 866 1390.25 -1390.25
 571 1373.92 -1373.92
 1730 -1373.92 -1373.92
 1922 -1364.45 -1364.45
 763 1364.44 -1364.44
 1341 -1337.53 -1337.53
 182 1337.52 -1337.52
 1875 -1331.88 -1331.88
 716 1331.87 -1331.87
 1248 1318.34 -1318.34
 89 -1318.34 -1318.34
 2024 -1310.84 -1310.84
 865 1310.83 -1310.83
 1219 1308.78 -1308.78
 60 -1308.77 -1308.77
 1528 1307.56 -1307.56
 369 -1307.55 -1307.55
 1526 1306.38 -1306.38
 367 -1306.37 -1306.37
 2102 1285.98 -1285.98
 943 -1285.97 -1285.97
 1887 -1285.4 -1285.4
 728 1285.39 -1285.39
 1424 1284.76 -1284.76
 265 -1284.76 -1284.76
 1896 -1284.41 -1284.41
 737 1284.4 -1284.4
 2248 1279.69 -1279.69
 1089 -1279.69 -1279.69
 2263 1278.97 -1278.97
 1104 -1278.97 -1278.97
 1723 -1277.89 -1277.89
 564 1277.88 -1277.88
 1487 1274.64 -1274.64
 328 -1274.63 -1274.63
 1884 -1272.48 -1272.48
 725 1272.47 -1272.47
 1433 -1269.66 -1269.66
 274 1269.65 -1269.65
 2213 -1265.58 -1265.58
 1054 1265.58 -1265.58
 1932 -1247.47 -1247.47
 773 1247.47 -1247.47
 1251 1245.05 -1245.05
 92 -1245.04 -1245.04
 1525 1235.91 -1235.91
 366 -1235.9 -1235.9
 1897 -1234.6 -1234.6
 738 1234.6 -1234.6
 1895 -1232.12 -1232.12
 736 1232.12 -1232.12
 2138 -1227.44 -1227.44
 979 1227.43 -1227.43
 1874 -1226.9 -1226.9
 715 1226.89 -1226.89
 570 1225.53 -1225.53
 1729 -1225.52 -1225.52
 2280 1214.9 -1214.9
 1121 -1214.9 -1214.9
 1919 -1208.91 -1208.91
 760 1208.91 -1208.91
 1724 -1194.63 -1194.63
 565 1194.63 -1194.63
 2023 -1177.94 -1177.94
 864 1177.93 -1177.93
 1894 -1177.73 -1177.73
 735 1177.72 -1177.72
 1533 1177.47 -1177.47
 374 -1177.47 -1177.47
 1885 -1174.86 -1174.86
 726 1174.85 -1174.85
 1247 1171.26 -1171.26
 88 -1171.25 -1171.25
 1873 -1166.2 -1166.2
 714 1166.19 -1166.19
 2140 -1159.2 -1159.2
 981 1159.19 -1159.19
 1872 -1131.39 -1131.39
 713 1131.38 -1131.38
 1888 -1125.32 -1125.32
 729 1125.32 -1125.32
 1893 -1120.23 -1120.23
 734 1120.23 -1120.23
 1577 -1110.74 -1110.74
 418 1110.73 -1110.73
 1726 1104.89 -1104.89
 567 -1104.88 -1104.88
 2282 1103.3 -1103.3
 1123 -1103.3 -1103.3
 1485 1091.07 -1091.07
 326 -1091.07 -1091.07
 1744 1088.61 -1088.61
 585 -1088.61 -1088.61
 2284 1082.03 -1082.03
 1125 -1082.02 -1082.02
 1890 -1074.53 -1074.53
 731 1074.53 -1074.53
 1915 -1070.89 -1070.89
 756 1070.89 -1070.89
 1889 -1067.26 -1067.26
 730 1067.25 -1067.25
 1345 1059.99 -1059.99
 186 -1059.98 -1059.98
 1892 -1054.04 -1054.04
 733 1054.03 -1054.03
 1489 1050.36 -1050.36
 330 -1050.36 -1050.36
 2026 -1034.54 -1034.54
 867 1034.53 -1034.53
 1722 -1025.52 -1025.52
 563 1025.51 -1025.51
 1891 -1021.54 -1021.54
 732 1021.53 -1021.53
 1250 1019.9 -1019.9
 91 -1019.9 -1019.9
 1913 -1018.75 -1018.75
 754 1018.75 -1018.75
 1421 1011.43 -1011.43
 262 -1011.43 -1011.43
 1740 1007.64 -1007.64
 581 -1007.64 -1007.64
 1939 -991.995 -991.995
 780 991.992 -991.992
 2022 -988.63 -988.63
 863 988.623 -988.623
 1841 985.182 -985.182
 682 -985.173 -985.173
 2027 -983.641 -983.641
 868 983.636 -983.636
 1419 981.604 -981.604
 260 -981.603 -981.603
 1752 -968.748 -968.748
 593 968.744 -968.744
 2028 -954.632 -954.632
 869 954.628 -954.628
 1434 949.496 -949.496
 275 -949.493 -949.493
 1493 -934.976 -934.976
 334 934.971 -934.971
 1721 -927.965 -927.965
 562 927.959 -927.959
 2136 -927.118 -927.118
 977 927.117 -927.117
 1906 -926.499 -926.499
 747 926.496 -926.496
 1572 -925.086 -925.086
 413 925.081 -925.081
 1933 -914.745 -914.745
 774 914.742 -914.742
 1280 908.861 -908.861
 121 -908.858 -908.858
 2256 906.209 -906.209
 1097 -906.207 -906.207
 1910 -904.156 -904.156
 751 904.152 -904.152
 1828 -901.592 -901.592
 669 901.588 -901.588
 1527 894.806 -894.806
 368 -894.8 -894.8
 1531 876.264 -876.264
 372 -876.259 -876.259
 1583 -873.226 -873.226
 424 873.223 -873.223
 1930 -855.629 -855.629
 771 855.626 -855.626
 1580 -851.276 -851.276
 421 851.273 -851.273
 2261 -847.757 -847.757
 1102 847.757 -847.757
 1924 -831.754 -831.754
 765 831.751 -831.751
 1927 -821.365 -821.365
 768 821.362 -821.362
 1438 -820.961 -820.961
 279 820.96 -820.96
 946 808.875 -808.875
 2105 -808.875 -808.875
 1399 -807.002 -807.002
 240 806.999 -806.999
 2137 -805.46 -805.46
 978 805.457 -805.457
 1398 -802.583 -802.583
 239 802.58 -802.58
 1281 793.047 -793.047
 122 -793.044 -793.044
 1087 792.308 -792.308
 2246 -792.308 -792.308
 1524 791.671 -791.671
 365 -791.667 -791.667
 1242 -773.396 -773.396
 83 773.393 -773.393
 1491 766.7 -766.7
 332 -766.698 -766.698
 2021 -764.524 -764.524
 862 764.521 -764.521
 1534 -762.59 -762.59
 375 762.582 -762.582
 1586 -761.278 -761.278
 427 761.272 -761.272
 1417 747.881 -747.881
 258 -747.878 -747.878
 2089 -739.862 -739.862
 930 739.86 -739.86
 1849 -739.424 -739.424
 690 739.421 -739.421
 1408 738.691 -738.691
 249 -738.691 -738.691
 1480 -731.711 -731.711
 321 731.709 -731.709
 2029 -728.532 -728.532
 870 728.529 -728.529
 1486 726.832 -726.832
 327 -726.831 -726.831
 1240 -716.255 -716.255
 81 716.251 -716.251
 1221 715.292 -715.292
 62 -715.289 -715.289
 1985 -708.065 -708.065
 826 708.062 -708.062
 1441 707.597 -707.597
 282 -707.596 -707.596
 1743 702.104 -702.104
 584 -702.102 -702.102
 1750 -701.091 -701.091
 591 701.089 -701.089
 1217 700.269 -700.269
 58 -700.264 -700.264
 1282 700.202 -700.202
 123 -700.2 -700.2
 1347 699.668 -699.668
 188 -699.667 -699.667
 1903 -685.384 -685.384
 744 685.381 -685.381
 2313 684.006 -684.006
 1154 -683.997 -683.997
 1535 682.028 -682.028
 376 -682.023 -682.023
 2251 -675.055 -675.055
 1092 675.055 -675.055
 1294 674.05 -674.05
 135 -674.047 -674.047
 1422 -666.469 -666.469
 263 666.466 -666.466
 1420 -659.102 -659.102
 261 659.1 -659.1
 1530 657.134 -657.134
 371 -657.131 -657.131
 2030 -657.092 -657.092
 871 657.089 -657.089
 1720 -653.575 -653.575
 561 653.57 -653.57
 1522 648.181 -648.181
 363 -648.179 -648.179
 1412 640.548 -640.548
 253 -640.545 -640.545
 1727 635.498 -635.498
 568 -635.485 -635.485
 2020 -634.163 -634.163
 861 634.16 -634.16
 1916 -632.359 -632.359
 757 632.355 -632.355
 1296 625.492 -625.492
 137 -625.49 -625.49
 1435 622.723 -622.723
 276 -622.722 -622.722
 1415 618.236 -618.236
 256 -618.233 -618.233
 1523 618.152 -618.152
 364 -618.15 -618.15
 1865 -617.062 -617.062
 706 617.057 -617.057
 1297 616.978 -616.978
 138 -616.976 -616.976
 1578 -603.068 -603.068
 419 603.067 -603.067
 1921 -602.383 -602.383
 762 602.381 -602.381
 1851 -601.167 -601.167
 692 601.165 -601.165
 1295 592.848 -592.848
 136 -592.846 -592.846
 1941 -592.726 -592.726
 782 592.723 -592.723
 1905 -589.033 -589.033
 746 589.03 -589.03
 1986 -584.037 -584.037
 827 584.035 -584.035
 1838 572.225 -572.225
 679 -572.212 -572.212
 2182 -564.493 -564.493
 1023 564.491 -564.491
 1249 555.641 -555.641
 90 -555.64 -555.64
 1848 553.085 -553.085
 689 -553.079 -553.079
 2287 548.211 -548.211
 1128 -548.21 -548.21
 1342 -544.625 -544.625
 183 544.62 -544.62
 1431 -539.283 -539.283
 272 539.281 -539.281
 2184 -536.784 -536.784
 1025 536.782 -536.782
 1912 -534.071 -534.071
 753 534.067 -534.067
 1579 -533.185 -533.185
 420 533.185 -533.185
 1584 -532.484 -532.484
 425 532.483 -532.483
 1222 519.541 -519.541
 63 -519.54 -519.54
 1427 -516.86 -516.86
 268 516.858 -516.858
 1292 -513.444 -513.444
 133 513.44 -513.44
 1472 513.146 -513.146
 313 -513.145 -513.145
 2145 -511.179 -511.179
 986 511.175 -511.175
 1904 -504.869 -504.869
 745 504.866 -504.866
 1931 501.634 -501.634
 772 -501.634 -501.634
 1537 501.584 -501.584
 378 -501.582 -501.582
 1902 -500.879 -500.879
 743 500.877 -500.877
 1492 500.26 -500.26
 333 -500.26 -500.26
 1783 -498.531 -498.531
 624 498.529 -498.529
 1868 -497.344 -497.344
 709 497.34 -497.34
 1638 494.662 -494.662
 479 -494.659 -494.659
 1447 -492.933 -492.933
 288 492.93 -492.93
 1869 -491.402 -491.402
 710 491.399 -491.399
 1864 -488.337 -488.337
 705 488.333 -488.333
 1909 -483.257 -483.257
 750 483.254 -483.254
 1291 481.746 -481.746
 132 -481.744 -481.744
 1942 -481.561 -481.561
 783 481.559 -481.559
 1938 -481.486 -481.486
 779 481.483 -481.483
 1784 -480.962 -480.962
 625 480.961 -480.961
 1425 -480.764 -480.764
 266 480.763 -480.763
 1585 -479.914 -479.914
 426 479.913 -479.913
 1432 478.971 -478.971
 273 -478.97 -478.97
 1867 -476.881 -476.881
 708 476.878 -476.878
 1277 475.547 -475.547
 118 -475.546 -475.546
 1521 472.006 -472.006
 362 -472.001 -472.001
 2108 471.962 -471.962
 949 -471.961 -471.961
 2014 -469.362 -469.362
 855 469.36 -469.36
 1751 -467.706 -467.706
 592 467.705 -467.705
 2186 -467.228 -467.228
 1027 467.226 -467.226
 2215 462.37 -462.37
 1056 -462.37 -462.37
 1181 461.732 -461.732
 22 -461.729 -461.729
 1988 -454.652 -454.652
 829 454.651 -454.651
 1323 454.21 -454.21
 164 -454.208 -454.208
 2015 -453.801 -453.801
 856 453.8 -453.8
 2091 -449.453 -449.453
 932 449.452 -449.452
 1926 -446.885 -446.885
 767 446.882 -446.882
 2018 -437.523 -437.523
 859 437.523 -437.523
 1290 437.507 -437.507
 131 -437.506 -437.506
 1914 -437.329 -437.329
 755 437.326 -437.326
 1785 -437.245 -437.245
 626 437.244 -437.244
 246 -436.799 -436.799
 1405 436.799 -436.799
 1827 -436.455 -436.455
 668 436.453 -436.453
 1518 -430.667 -430.667
 359 430.662 -430.662
 1901 -430.347 -430.347
 742 430.345 -430.345
 1863 -428.452 -428.452
 704 428.448 -428.448
 422 427.98 -427.98
 1581 -427.979 -427.979
 2013 -427.577 -427.577
 854 427.575 -427.575
 975 421.715 -421.715
 2134 -421.714 -421.714
 2118 -419.765 -419.765
 959 419.764 -419.764
 1429 419.66 -419.66
 270 -419.66 -419.66
 1470 418.727 -418.727
 311 -418.726 -418.726
 1604 418.406 -418.406
 445 -418.405 -418.405
 1603 417.948 -417.948
 444 -417.947 -417.947
 1300 413.664 -413.664
 141 -413.663 -413.663
 1570 -413.219 -413.219
 411 413.217 -413.217
 1900 -412.64 -412.64
 741 412.638 -412.638
 1324 409.472 -409.472
 165 -409.471 -409.471
 1255 -407.165 -407.165
 96 407.163 -407.163
 1782 -406.659 -406.659
 623 406.658 -406.658
 2016 -405.619 -405.619
 857 405.619 -405.619
 1499 403.619 -403.619
 340 -403.619 -403.619
 1862 -402.59 -402.59
 703 402.586 -402.586
 1686 -400.462 -400.462
 527 400.461 -400.461
 858 399.764 -399.764
 2017 -399.764 -399.764
 1689 -395.883 -395.883
 530 395.882 -395.882
 1911 -395.187 -395.187
 752 395.184 -395.184
 1465 393.277 -393.277
 306 -393.276 -393.276
 1870 -391.082 -391.082
 711 391.081 -391.081
 2090 -389.239 -389.239
 931 389.238 -389.238
 2155 -385.669 -385.669
 996 385.669 -385.669
 1861 -383.852 -383.852
 702 383.849 -383.849
 1934 -383.319 -383.319
 775 383.317 -383.317
 2188 -382.765 -382.765
 1029 382.763 -382.763
 1690 -382.514 -382.514
 531 382.514 -382.514
 1426 380.081 -380.081
 267 -380.08 -380.08
 1935 -380.021 -380.021
 776 380.019 -380.019
 1301 377.01 -377.01
 142 -377.008 -377.008
 1984 -375.326 -375.326
 825 375.325 -375.325
 1860 -373.404 -373.404
 701 373.401 -373.401
 1704 -370.959 -370.959
 545 370.958 -370.958
 1566 -370.928 -370.928
 407 370.926 -370.926
 1688 -369.965 -369.965
 529 369.964 -369.964
 1286 364.863 -364.863
 127 -364.862 -364.862
 1687 -361.801 -361.801
 528 361.8 -361.8
 1907 -361.358 -361.358
 748 361.355 -361.355
 1700 -359.163 -359.163
 541 359.162 -359.162
 1703 -358.197 -358.197
 544 358.196 -358.196
 1691 -358.16 -358.16
 532 358.159 -358.159
 1705 -357.69 -357.69
 546 357.689 -357.689
 1859 -357.11 -357.11
 700 357.107 -357.107
 1278 357.063 -357.063
 119 -357.062 -357.062
 1565 -356.511 -356.511
 406 356.51 -356.51
 1220 356.273 -356.273
 61 -356.273 -356.273
 1299 354.808 -354.808
 140 -354.807 -354.807
 1602 351.424 -351.424
 443 -351.423 -351.423
 2012 -351.262 -351.262
 853 351.261 -351.261
 1699 -351.223 -351.223
 540 351.222 -351.222
 1366 348.001 -348.001
 207 -347.999 -347.999
 596 346.109 -346.109
 1755 -346.109 -346.109
 1719 -344.625 -344.625
 560 344.623 -344.623
 1899 -344.535 -344.535
 740 344.534 -344.534
 1568 -343.27 -343.27
 409 343.267 -343.267
 1702 -342.992 -342.992
 543 342.991 -342.991
 2176 -342.244 -342.244
 1017 342.244 -342.244
 1781 -342.057 -342.057
 622 342.056 -342.056
 1908 -341.767 -341.767
 749 341.764 -341.764
 1943 -341.503 -341.503
 784 341.502 -341.502
 2139 -341.061 -341.061
 980 341.06 -341.06
 1701 -340.502 -340.502
 542 340.502 -340.502
 2092 -340.435 -340.435
 933 340.435 -340.435
 1858 -334.968 -334.968
 699 334.965 -334.965
 1640 333.397 -333.397
 481 -333.395 -333.395
 872 330.814 -330.814
 2031 -330.813 -330.813
 1639 330.265 -330.265
 480 -330.264 -330.264
 1177 329.777 -329.777
 18 -329.776 -329.776
 1567 -326.882 -326.882
 408 326.881 -326.881
 2148 -324.518 -324.518
 989 324.517 -324.517
 1184 323.596 -323.596
 25 -323.595 -323.595
 1698 -323.576 -323.576
 539 323.575 -323.575
 1706 -323.043 -323.043
 547 323.042 -323.042
 2110 322.991 -322.991
 951 -322.99 -322.99
 323 -319.638 -319.638
 1482 319.637 -319.637
 1697 -318.89 -318.89
 538 318.889 -318.889
 1562 -315.117 -315.117
 403 315.115 -315.115
 1798 -312.633 -312.633
 639 312.633 -312.633
 1696 -309.996 -309.996
 537 309.995 -309.995
 1857 -308.655 -308.655
 698 308.652 -308.652
 1717 -305.125 -305.125
 558 305.124 -305.124
 2146 -304.594 -304.594
 987 304.592 -304.592
 2190 -304.436 -304.436
 1031 304.436 -304.436
 948 303.476 -303.476
 2107 -303.473 -303.473
 1716 -302.039 -302.039
 557 302.038 -302.038
 2011 -301.516 -301.516
 852 301.515 -301.515
 1826 -300.633 -300.633
 667 300.632 -300.632
 1786 -297.036 -297.036
 627 297.035 -297.035
 2165 -296.724 -296.724
 1006 296.721 -296.721
 1692 -296.521 -296.521
 533 296.52 -296.52
 1183 295.464 -295.464
 24 -295.463 -295.463
 82 -295.425 -295.425
 1241 295.425 -295.425
 1715 -294.807 -294.807
 556 294.806 -294.806
 1695 -294.185 -294.185
 536 294.184 -294.184
 1587 -293.416 -293.416
 428 293.416 -293.416
 1980 292.688 -292.688
 821 -292.687 -292.687
 1605 292.297 -292.297
 446 -292.296 -292.296
 1563 -291.239 -291.239
 404 291.238 -291.238
 1186 290.8 -290.8
 27 -290.798 -290.798
 873 289.625 -289.625
 2032 -289.624 -289.624
 19 -288.953 -288.953
 1178 288.953 -288.953
 1856 -288.782 -288.782
 697 288.779 -288.779
 2181 -288.294 -288.294
 1022 288.294 -288.294
 1694 -285.9 -285.9
 535 285.9 -285.9
 54 -285.707 -285.707
 1213 285.706 -285.706
 1469 284.697 -284.697
 310 -284.697 -284.697
 248 -284.333 -284.333
 1407 284.333 -284.333
 1685 -280.923 -280.923
 526 280.922 -280.922
 1477 280.18 -280.18
 318 -280.179 -280.179
 1707 -278.471 -278.471
 548 278.47 -278.47
 1940 -278.362 -278.362
 781 278.36 -278.36
 1713 -277.815 -277.815
 554 277.814 -277.814
 1474 277.808 -277.808
 315 -277.807 -277.807
 416 277.467 -277.467
 1575 -277.465 -277.465
 1712 -276.48 -276.48
 553 276.478 -276.478
 1188 276.018 -276.018
 29 -276.018 -276.018
 1855 -275.88 -275.88
 696 275.877 -275.877
 1216 -274.394 -274.394
 57 274.39 -274.39
 34 -273.743 -273.743
 1193 273.743 -273.743
 1787 -273.233 -273.233
 628 273.233 -273.233
 1561 -272.071 -272.071
 402 272.069 -272.069
 1564 -269.485 -269.485
 405 269.484 -269.484
 1711 -268.664 -268.664
 552 268.662 -268.662
 1588 -267.912 -267.912
 429 267.912 -267.912
 1494 262.965 -262.965
 335 -262.964 -262.964
 31 -261.581 -261.581
 1190 261.581 -261.581
 2183 -261.497 -261.497
 1024 261.496 -261.496
 1665 -261.004 -261.004
 506 261.002 -261.002
 1684 -260.995 -260.995
 525 260.995 -260.995
 2297 -260.735 -260.735
 1138 260.734 -260.734
 1275 257.488 -257.488
 116 -257.487 -257.487
 26 -255.765 -255.765
 1185 255.764 -255.764
 247 -255.563 -255.563
 1406 255.563 -255.563
 1714 -255.329 -255.329
 555 255.327 -255.327
 1498 253.237 -253.237
 339 -253.237 -253.237
 1283 253.137 -253.137
 124 -253.137 -253.137
 580 -252.855 -252.855
 1739 252.853 -252.853
 1677 -252.796 -252.796
 518 252.795 -252.795
 1371 -251.403 -251.403
 212 251.401 -251.401
 1194 250.489 -250.489
 35 -250.488 -250.488
 1198 250.115 -250.115
 39 -250.114 -250.114
 1532 249.828 -249.828
 373 -249.827 -249.827
 1206 -249.408 -249.408
 47 249.406 -249.406
 3 -248.869 -248.869
 1162 248.869 -248.869
 1179 247.178 -247.178
 20 -247.178 -247.178
 1928 -247.116 -247.116
 769 247.114 -247.114
 1664 -246.848 -246.848
 505 246.848 -246.848
 1854 -245.116 -245.116
 695 245.113 -245.113
 1666 -244.944 -244.944
 507 244.943 -244.943
 1708 -244.224 -244.224
 549 244.223 -244.223
 23 -241.918 -241.918
 1182 241.918 -241.918
 1191 241.475 -241.475
 32 -241.474 -241.474
 595 240.077 -240.077
 1754 -240.077 -240.077
 1197 238.394 -238.394
 38 -238.393 -238.393
 400 238.054 -238.054
 1559 -238.054 -238.054
 1430 -237.253 -237.253
 271 237.252 -237.252
 284 -235.298 -235.298
 1443 235.298 -235.298
 1479 -234.419 -234.419
 320 234.418 -234.418
 1272 -233.211 -233.211
 113 233.21 -233.21
 1574 232.533 -232.533
 415 -232.526 -232.526
 1800 -230.426 -230.426
 641 230.426 -230.426
 1409 229.308 -229.308
 250 -229.308 -229.308
 1676 -227.13 -227.13
 517 227.129 -227.129
 1799 -227.011 -227.011
 640 227.011 -227.011
 1633 226.962 -226.962
 474 -226.96 -226.96
 1289 226.943 -226.943
 130 -226.943 -226.943
 2120 -226.418 -226.418
 961 226.417 -226.417
 1634 226.241 -226.241
 475 -226.239 -226.239
 1853 -226.067 -226.067
 694 226.065 -226.065
 1635 225.867 -225.867
 476 -225.864 -225.864
 1636 225.861 -225.861
 477 -225.858 -225.858
 1667 -224.633 -224.633
 508 224.632 -224.632
 1288 224.499 -224.499
 129 -224.499 -224.499
 383 223.679 -223.679
 1542 -223.678 -223.678
 2174 -223.253 -223.253
 1015 223.252 -223.252
 2010 -223.008 -223.008
 851 223.007 -223.007
 410 222.692 -222.692
 1569 -222.692 -222.692
 1497 222.23 -222.23
 338 -222.23 -222.23
 1172 221.669 -221.669
 13 -221.669 -221.669
 1852 -220.562 -220.562
 693 220.559 -220.559
 947 -220.5 -220.5
 2106 220.499 -220.499
 1418 219.808 -219.808
 259 -219.806 -219.806
 1192 219.366 -219.366
 33 -219.366 -219.366
 1683 -218.572 -218.572
 524 218.572 -218.572
 1187 217.817 -217.817
 28 -217.816 -217.816
 2159 -217.396 -217.396
 1000 217.396 -217.396
 1446 -215.841 -215.841
 287 215.838 -215.838
 1284 214.684 -214.684
 125 -214.684 -214.684
 1560 -212.883 -212.883
 401 212.882 -212.882
 1668 -212.782 -212.782
 509 212.781 -212.781
 633 212.587 -212.587
 1792 -212.587 -212.587
 2009 -209.507 -209.507
 850 209.507 -209.507
 1196 208.995 -208.995
 37 -208.994 -208.994
 2160 208.51 -208.51
 1001 -208.51 -208.51
 1669 -208.117 -208.117
 510 208.117 -208.117
 245 -207.675 -207.675
 1404 207.674 -207.674
 1983 -206.589 -206.589
 824 206.588 -206.588
 1632 206.403 -206.403
 473 -206.401 -206.401
 16 -206.023 -206.023
 1175 206.023 -206.023
 1672 -205.304 -205.304
 513 205.303 -205.303
 1195 204.325 -204.325
 36 -204.324 -204.324
 1675 -203.886 -203.886
 516 203.885 -203.885
 2173 -201.335 -201.335
 1014 201.334 -201.334
 1199 201.149 -201.149
 40 -201.148 -201.148
 1207 -201.028 -201.028
 48 201.027 -201.027
 1673 -201.016 -201.016
 514 201.015 -201.015
 1269 200.469 -200.469
 110 -200.469 -200.469
 1678 -200.419 -200.419
 519 200.419 -200.419
 2168 200.332 -200.332
 1009 -200.332 -200.332
 1671 -199.931 -199.931
 512 199.93 -199.93
 220 -198.862 -198.862
 1379 198.862 -198.862
 1670 -198.677 -198.677
 511 198.676 -198.676
 1674 -196.935 -196.935
 515 196.935 -196.935
 621 196.166 -196.166
 1780 -196.166 -196.166
 2087 -195.578 -195.578
 928 195.577 -195.577
 963 194.361 -194.361
 2122 -194.361 -194.361
 1467 193.109 -193.109
 308 -193.109 -193.109
 1679 -193.014 -193.014
 520 193.014 -193.014
 1214 192.024 -192.024
 55 -192.024 -192.024
 638 191.653 -191.653
 1797 -191.653 -191.653
 1380 191.145 -191.145
 221 -191.145 -191.145
 2192 -190.895 -190.895
 1033 190.894 -190.894
 1388 -190.866 -190.866
 229 190.866 -190.866
 2008 -190.275 -190.275
 849 190.275 -190.275
 1268 190.235 -190.235
 109 -190.235 -190.235
 1200 190.137 -190.137
 41 -190.137 -190.137
 1718 -189.401 -189.401
 559 189.4 -189.4
 1589 -189.055 -189.055
 430 189.055 -189.055
 285 -188.618 -188.618
 1444 188.617 -188.617
 2 -186.856 -186.856
 1161 186.856 -186.856
 1771 -186.65 -186.65
 612 186.65 -186.65
 1372 186.357 -186.357
 213 -186.357 -186.357
 874 185.839 -185.839
 2309 -185.838 -185.838
 1150 185.838 -185.838
 2033 -185.837 -185.837
 1682 -185.709 -185.709
 523 185.709 -185.709
 1476 -184.95 -184.95
 317 184.949 -184.949
 2185 -184.705 -184.705
 1026 184.705 -184.705
 2064 184.629 -184.629
 905 -184.628 -184.628
 348 183.096 -183.096
 1507 -183.096 -183.096
 1174 182.221 -182.221
 15 -182.221 -182.221
 21 -181.344 -181.344
 1180 181.343 -181.343
 2063 179.829 -179.829
 904 -179.828 -179.828
 1114 179.539 -179.539
 2273 -179.431 -179.431
 2065 177.827 -177.827
 906 -177.826 -177.826
 1517 177.61 -177.61
 358 -177.607 -177.607
 2062 177.342 -177.342
 903 -177.341 -177.341
 4 -177.153 -177.153
 1163 177.153 -177.153
 1365 177.087 -177.087
 206 -177.086 -177.086
 2061 174.839 -174.839
 902 -174.838 -174.838
 1825 -173.812 -173.812
 666 173.812 -173.812
 14 -173.128 -173.128
 1173 173.127 -173.127
 619 172.283 -172.283
 1778 -172.283 -172.283
 1205 -171.738 -171.738
 46 171.738 -171.738
 1468 171.519 -171.519
 309 -171.519 -171.519
 1631 171.425 -171.425
 472 -171.423 -171.423
 1558 -170.165 -170.165
 399 170.164 -170.164
 2060 169.826 -169.826
 901 -169.825 -169.825
 1709 -167.854 -167.854
 550 167.853 -167.853
 1977 167.247 -167.247
 818 -167.247 -167.247
 2080 166.551 -166.551
 921 -166.55 -166.55
 1770 -165.386 -165.386
 611 165.386 -165.386
 1201 164.343 -164.343
 42 -164.342 -164.342
 2178 -163.807 -163.807
 1019 163.807 -163.807
 2003 -163.766 -163.766
 844 163.766 -163.766
 1801 -163.743 -163.743
 642 163.743 -163.743
 2007 -163.292 -163.292
 848 163.292 -163.292
 1378 163.179 -163.179
 219 -163.179 -163.179
 2004 -160.32 -160.32
 845 160.32 -160.32
 1680 -160.258 -160.258
 521 160.258 -160.258
 1012 -160.13 -160.13
 2171 160.129 -160.129
 227 -160.061 -160.061
 1386 160.061 -160.061
 1556 -160.016 -160.016
 397 160.015 -160.015
 1252 -159.492 -159.492
 93 159.489 -159.489
 2006 -158.97 -158.97
 847 158.97 -158.97
 1944 -158.858 -158.858
 785 158.858 -158.858
 2081 158.429 -158.429
 922 -158.428 -158.428
 1462 158.286 -158.286
 303 -158.286 -158.286
 613 157.886 -157.886
 1772 -157.886 -157.886
 2156 157.618 -157.618
 997 -157.618 -157.618
 1440 155.731 -155.731
 281 -155.731 -155.731
 349 153.137 -153.137
 1508 -153.137 -153.137
 1322 152.119 -152.119
 163 -152.118 -152.118
 1202 151.099 -151.099
 43 -151.099 -151.099
 1484 150.722 -150.722
 325 -150.722 -150.722
 2187 -149.374 -149.374
 1028 149.374 -149.374
 2195 148.782 -148.782
 1036 -148.781 -148.781
 1515 148.779 -148.779
 356 -148.777 -148.777
 1969 -148.259 -148.259
 810 148.259 -148.259
 2079 146.928 -146.928
 920 -146.927 -146.927
 2002 -146.513 -146.513
 843 146.513 -146.513
 1981 145.9 -145.9
 822 -145.899 -145.899
 1189 145.848 -145.848
 30 -145.848 -145.848
 597 145.766 -145.766
 1756 -145.764 -145.764
 1999 -145.012 -145.012
 840 145.012 -145.012
 1473 144.9 -144.9
 314 -144.9 -144.9
 1437 -144.786 -144.786
 278 144.786 -144.786
 1555 -144.696 -144.696
 396 144.696 -144.696
 1377 144.06 -144.06
 218 -144.06 -144.06
 1967 -144.015 -144.015
 808 144.015 -144.015
 52 -143.139 -143.139
 1211 143.137 -143.137
 632 143.059 -143.059
 1791 -143.058 -143.058
 1513 142.333 -142.333
 354 -142.331 -142.331
 1466 142.187 -142.187
 307 -142.187 -142.187
 244 -140.919 -140.919
 1403 140.917 -140.917
 2167 -140.762 -140.762
 1008 140.762 -140.762
 958 140.079 -140.079
 2117 -140.079 -140.079
 1509 -140.053 -140.053
 350 140.053 -140.053
 1503 139.676 -139.676
 344 -139.676 -139.676
 1346 138.808 -138.808
 187 -138.808 -138.808
 1824 -138.766 -138.766
 665 138.765 -138.765
 319 -138.717 -138.717
 1478 138.716 -138.716
 1557 -138.714 -138.714
 398 138.713 -138.713
 2088 -138.251 -138.251
 929 138.25 -138.25
 2005 -137.811 -137.811
 846 137.811 -137.811
 2082 137.314 -137.314
 923 -137.313 -137.313
 1810 -136.618 -136.618
 651 136.617 -136.617
 2163 -136.447 -136.447
 1004 136.447 -136.447
 2306 136.299 -136.299
 1147 -136.299 -136.299
 2083 134.87 -134.87
 924 -134.869 -134.869
 1822 -134.835 -134.835
 663 134.834 -134.834
 243 -134.671 -134.671
 1402 134.669 -134.669
 1811 -134.556 -134.556
 652 134.556 -134.556
 1978 133.94 -133.94
 819 -133.939 -133.939
 2059 133.782 -133.782
 900 -133.781 -133.781
 1608 133.579 -133.579
 449 -133.578 -133.578
 1816 -133.392 -133.392
 657 133.392 -133.392
 1370 -133.081 -133.081
 211 133.08 -133.08
 1817 -133.075 -133.075
 658 133.075 -133.075
 1609 132.574 -132.574
 450 -132.572 -132.572
 2094 -132.35 -132.35
 935 132.35 -132.35
 1823 -132.3 -132.3
 664 132.299 -132.299
 1496 131.88 -131.88
 337 -131.88 -131.88
 759 -131.862 -131.862
 1918 131.861 -131.861
 1807 -131.712 -131.712
 648 131.711 -131.711
 51 -131.69 -131.69
 1210 131.689 -131.689
 2149 -131.59 -131.59
 990 131.589 -131.589
 1818 -131.3 -131.3
 659 131.3 -131.3
 1607 130.884 -130.884
 448 -130.883 -130.883
 1606 130.825 -130.825
 447 -130.824 -130.824
 1348 -130.551 -130.551
 189 130.55 -130.55
 1808 -130.546 -130.546
 649 130.546 -130.546
 1352 -130.491 -130.491
 193 130.488 -130.488
 1812 -130.371 -130.371
 653 130.371 -130.371
 1963 -130.349 -130.349
 804 130.348 -130.348
 2141 -129.978 -129.978
 982 129.977 -129.977
 1215 129.564 -129.564
 56 -129.564 -129.564
 1307 129.383 -129.383
 148 -129.383 -129.383
 1203 128.71 -128.71
 44 -128.71 -128.71
 1353 -128.286 -128.286
 194 128.283 -128.283
 1809 -127.901 -127.901
 650 127.901 -127.901
 1681 -127.315 -127.315
 522 127.315 -127.315
 347 127.056 -127.056
 1506 -127.056 -127.056
 1298 -127.031 -127.031
 139 127.029 -127.029
 1813 -126.575 -126.575
 654 126.575 -126.575
 1538 126.329 -126.329
 379 -126.328 -126.328
 1819 -125.376 -125.376
 660 125.376 -125.376
 1612 124.578 -124.578
 453 -124.578 -124.578
 312 -124.371 -124.371
 1471 124.371 -124.371
 1815 -124.167 -124.167
 656 124.167 -124.167
 1034 122.856 -122.856
 2193 -122.856 -122.856
 2000 -122.798 -122.798
 841 122.798 -122.798
 1820 -122.798 -122.798
 661 122.797 -122.797
 1821 -122.508 -122.508
 662 122.507 -122.507
 2189 -122.166 -122.166
 1030 122.166 -122.166
 1554 -121.629 -121.629
 395 121.628 -121.628
 1998 -121.325 -121.325
 839 121.325 -121.325
 629 120.91 -120.91
 1788 -120.909 -120.909
 610 120.527 -120.527
 1769 -120.527 -120.527
 1814 -120.509 -120.509
 655 120.508 -120.508
 1611 120.266 -120.266
 452 -120.266 -120.266
 351 119.782 -119.782
 1510 -119.781 -119.781
 264 -119.469 -119.469
 1423 119.469 -119.469
 352 119.126 -119.126
 1511 -119.126 -119.126
 1802 -118.796 -118.796
 643 118.796 -118.796
 17 -118.222 -118.222
 1176 118.221 -118.221
 1500 118.22 -118.22
 341 -118.22 -118.22
 361 -118.016 -118.016
 1520 118.016 -118.016
 1551 -117.848 -117.848
 392 117.848 -117.848
 1962 -117.533 -117.533
 803 117.533 -117.533
 875 117.36 -117.36
 2034 -117.357 -117.357
 1436 -117.288 -117.288
 277 117.288 -117.288
 2036 117.049 -117.049
 877 -117.045 -117.045
 1459 116.455 -116.455
 300 -116.455 -116.455
 630 115.393 -115.393
 1789 -115.393 -115.393
 2001 -114.548 -114.548
 842 114.548 -114.548
 1302 114.513 -114.513
 143 -114.513 -114.513
 965 113.862 -113.862
 2124 -113.862 -113.862
 1349 -113.453 -113.453
 190 113.452 -113.452
 269 113.098 -113.098
 1428 -113.098 -113.098
 1516 112.934 -112.934
 357 -112.932 -112.932
 1758 -112.301 -112.301
 599 112.301 -112.301
 1806 -112.239 -112.239
 647 112.239 -112.239
 1458 -111.805 -111.805
 299 111.804 -111.804
 1504 111.757 -111.757
 345 -111.757 -111.757
 496 111.631 -111.631
 1655 -111.631 -111.631
 1350 -111.561 -111.561
 191 111.56 -111.56
 1381 111.329 -111.329
 222 -111.329 -111.329
 2112 111.079 -111.079
 953 -111.078 -111.078
 1519 110.306 -110.306
 360 -110.305 -110.305
 498 110.102 -110.102
 1657 -110.102 -110.102
 1548 -109.903 -109.903
 389 109.902 -109.902
 761 -109.825 -109.825
 1920 109.824 -109.824
 1805 -109.053 -109.053
 646 109.053 -109.053
 1276 -108.823 -108.823
 117 108.822 -108.822
 2172 -107.803 -107.803
 1013 107.803 -107.803
 385 -107.715 -107.715
 1544 107.715 -107.715
 838 107.098 -107.098
 1997 -107.098 -107.098
 590 107.078 -107.078
 1749 -107.078 -107.078
 2175 -107.076 -107.076
 1016 107.076 -107.076
 12 -106.268 -106.268
 1171 106.268 -106.268
 1376 105.686 -105.686
 217 -105.686 -105.686
 1306 105.265 -105.265
 147 -105.265 -105.265
 2115 -104.965 -104.965
 956 104.964 -104.964
 1392 -103.55 -103.55
 233 103.55 -103.55
 1759 -103.534 -103.534
 600 103.534 -103.534
 1966 -103.036 -103.036
 807 103.036 -103.036
 49 -102.954 -102.954
 1208 102.952 -102.952
 1982 -102.689 -102.689
 823 102.688 -102.688
 1613 102.647 -102.647
 454 -102.647 -102.647
 1968 -102.053 -102.053
 809 102.053 -102.053
 1351 -102.039 -102.039
 192 102.038 -102.038
 1287 -100.841 -100.841
 128 100.839 -100.839
 1383 99.8528 -99.8528
 224 -99.8528 -99.8528
 608 99.0816 -99.0816
 1767 -99.0816 -99.0816
 94 -99.0718 -99.0718
 1253 99.0692 -99.0692
 1514 -98.9173 -98.9173
 355 98.9168 -98.9168
 934 98.5756 -98.5756
 2093 -98.5754 -98.5754
 1971 -98.2922 -98.2922
 812 98.292 -98.292
 2111 97.2452 -97.2452
 952 -97.2429 -97.2429
 1728 97.0747 -97.0747
 569 -97.0637 -97.0637
 605 96.9603 -96.9603
 1764 -96.9603 -96.9603
 1442 -96.8923 -96.8923
 283 96.8915 -96.8915
 1766 -96.3955 -96.3955
 607 96.3955 -96.3955
 1760 -95.5512 -95.5512
 601 95.5512 -95.5512
 2197 95.4863 -95.4863
 1038 -95.4857 -95.4857
 1389 -95.4482 -95.4482
 230 95.4482 -95.4482
 2078 94.9765 -94.9765
 919 -94.9764 -94.9764
 346 -94.9484 -94.9484
 1505 94.9483 -94.9483
 2164 94.7432 -94.7432
 1005 -94.7432 -94.7432
 609 94.2926 -94.2926
 1768 -94.2925 -94.2925
 1364 94.1798 -94.1798
 205 -94.1793 -94.1793
 1501 93.7611 -93.7611
 342 -93.7611 -93.7611
 604 93.7282 -93.7282
 1763 -93.7282 -93.7282
 242 -93.6371 -93.6371
 1401 93.6344 -93.6344
 2099 -93.4753 -93.4753
 940 93.4751 -93.4751
 500 93.3371 -93.3371
 1659 -93.3371 -93.3371
 1382 93.202 -93.202
 223 -93.202 -93.202
 146 -92.6192 -92.6192
 1305 92.6192 -92.6192
 8 -92.0909 -92.0909
 1167 92.0909 -92.0909
 2077 91.6764 -91.6764
 918 -91.6762 -91.6762
 2084 91.5261 -91.5261
 925 -91.5254 -91.5254
 120 -91.3582 -91.3582
 1279 91.3576 -91.3576
 2191 -90.8892 -90.8892
 1032 90.889 -90.889
 1367 -89.9022 -89.9022
 208 89.9006 -89.9006
 2058 88.2124 -88.2124
 899 -88.2118 -88.2118
 606 87.9273 -87.9273
 1765 -87.9273 -87.9273
 495 87.656 -87.656
 1654 -87.656 -87.656
 1970 -87.2687 -87.2687
 811 87.2686 -87.2686
 1355 -86.6642 -86.6642
 196 86.6613 -86.6613
 1354 -86.209 -86.209
 195 86.2059 -86.2059
 637 86.1882 -86.1882
 1796 -86.1875 -86.1875
 1761 -86.1662 -86.1662
 602 86.1662 -86.1662
 502 85.4256 -85.4256
 1661 -85.4256 -85.4256
 501 83.88 -83.88
 1660 -83.88 -83.88
 1035 83.7548 -83.7548
 2194 -83.754 -83.754
 614 83.6024 -83.6024
 1773 -83.6019 -83.6019
 53 -83.5772 -83.5772
 1212 83.5767 -83.5767
 1159 83.5451 -83.5451
 1158 83.5451 -83.5451
 2318 -83.5451 -83.5451
 2317 -83.5451 -83.5451
 1460 83.4717 -83.4717
 301 -83.4716 -83.4716
 7 -82.9015 -82.9015
 1166 82.9015 -82.9015
 1965 -82.7542 -82.7542
 806 82.7541 -82.7541
 1925 -82.393 -82.393
 766 82.3918 -82.3918
 2143 -82.1352 -82.1352
 984 82.1351 -82.1351
 1274 -82.1197 -82.1197
 115 82.119 -82.119
 1549 -81.332 -81.332
 390 81.3318 -81.3318
 126 -81.2174 -81.2174
 1285 81.2168 -81.2168
 631 80.5699 -80.5699
 1790 -80.5692 -80.5692
 2198 80.2162 -80.2162
 1039 -80.216 -80.216
 382 79.0424 -79.0424
 1541 -79.0414 -79.0414
 5 -78.522 -78.522
 1164 78.522 -78.522
 1550 -78.4043 -78.4043
 391 78.4038 -78.4038
 11 -78.3647 -78.3647
 1170 78.3647 -78.3647
 175 -77.6046 -77.6046
 1334 77.6016 -77.6016
 2153 -77.5665 -77.5665
 994 77.5658 -77.5658
 1614 77.1767 -77.1767
 455 -77.1767 -77.1767
 962 76.9813 -76.9813
 2121 -76.981 -76.981
 1592 76.7745 -76.7745
 433 -76.7741 -76.7741
 1168 76.4064 -76.4064
 9 -76.4063 -76.4063
 1596 76.2253 -76.2253
 437 -76.2252 -76.2252
 1656 -75.8721 -75.8721
 497 75.8721 -75.8721
 1393 -75.2686 -75.2686
 234 75.2686 -75.2686
 603 74.5034 -74.5034
 1762 -74.5034 -74.5034
 2037 73.9799 -73.9799
 878 -73.9767 -73.9767
 1597 73.9123 -73.9123
 438 -73.9122 -73.9122
 149 -73.7017 -73.7017
 1308 73.7017 -73.7017
 1945 73.5756 -73.5756
 786 -73.5756 -73.5756
 111 -73.4266 -73.4266
 1270 73.4266 -73.4266
 1571 73.4167 -73.4167
 634 73.4137 -73.4137
 412 -73.4129 -73.4129
 1793 -73.4129 -73.4129
 1552 -73.2783 -73.2783
 393 73.2782 -73.2782
 1630 73.2216 -73.2216
 471 -73.2208 -73.2208
 1553 -72.0495 -72.0495
 394 72.0491 -72.0491
 1625 71.9376 -71.9376
 466 -71.9376 -71.9376
 1598 70.7825 -70.7825
 439 -70.7824 -70.7824
 1254 -70.7189 -70.7189
 95 70.716 -70.716
 960 70.3445 -70.3445
 2119 -70.3443 -70.3443
 2196 70.3259 -70.3259
 1037 -70.3258 -70.3258
 1396 -69.838 -69.838
 237 69.838 -69.838
 1387 69.7818 -69.7818
 228 -69.7818 -69.7818
 566 69.5436 -69.5436
 1725 -69.5403 -69.5403
 617 69.4052 -69.4052
 1776 -69.4044 -69.4044
 836 68.9864 -68.9864
 1995 -68.9864 -68.9864
 1321 68.8992 -68.8992
 162 -68.8991 -68.8991
 1457 68.8906 -68.8906
 298 -68.8906 -68.8906
 1375 68.5311 -68.5311
 216 -68.5311 -68.5311
 1990 68.1045 -68.1045
 831 -68.1039 -68.1039
 1991 67.8532 -67.8532
 832 -67.8527 -67.8527
 2200 67.5314 -67.5314
 1041 -67.5313 -67.5313
 967 67.3927 -67.3927
 2126 -67.3924 -67.3924
 304 -67.0797 -67.0797
 1463 67.0796 -67.0796
 1265 66.7791 -66.7791
 106 -66.7791 -66.7791
 1390 -66.1792 -66.1792
 231 66.1792 -66.1792
 1293 -66.0543 -66.0543
 134 66.0528 -66.0528
 1993 -65.833 -65.833
 834 65.833 -65.833
 107 -65.7733 -65.7733
 1266 65.7732 -65.7732
 835 65.5739 -65.5739
 1994 -65.5739 -65.5739
 1257 65.4389 -65.4389
 98 -65.4389 -65.4389
 1975 -64.9435 -64.9435
 816 64.9435 -64.9435
 1626 64.7861 -64.7861
 467 -64.786 -64.786
 1357 -64.5723 -64.5723
 198 64.5703 -64.5703
 1 -64.4777 -64.4777
 1160 64.4767 -64.4767
 1620 64.2157 -64.2157
 461 -64.2154 -64.2154
 1356 -64.052 -64.052
 197 64.0495 -64.0495
 451 -63.9805 -63.9805
 1610 63.9805 -63.9805
 305 -63.5901 -63.5901
 1464 63.59 -63.59
 1262 63.4786 -63.4786
 103 -63.4786 -63.4786
 50 -62.8957 -62.8957
 1209 62.8937 -62.8937
 1481 -62.6729 -62.6729
 322 62.6721 -62.6721
 1153 62.6588 -62.6588
 2312 -62.6588 -62.6588
 1898 61.6245 -61.6245
 739 -61.6244 -61.6244
 615 61.3577 -61.3577
 1774 -61.3571 -61.3571
 241 -61.1482 -61.1482
 1400 61.1453 -61.1453
 2150 -61.0555 -61.0555
 991 61.0551 -61.0551
 1394 -60.9832 -60.9832
 235 60.9832 -60.9832
 1369 -60.3701 -60.3701
 210 60.3689 -60.3689
 1599 60.3324 -60.3324
 440 -60.3322 -60.3322
 1258 60.3156 -60.3156
 99 -60.3156 -60.3156
 503 60.3088 -60.3088
 1662 -60.3088 -60.3088
 1757 60.2013 -60.2013
 598 -60.2011 -60.2011
 1957 -59.6295 -59.6295
 798 59.6295 -59.6295
 1529 -59.5749 -59.5749
 370 59.5659 -59.5659
 1576 59.2836 -59.2836
 417 -59.2778 -59.2778
 1256 59.1014 -59.1014
 97 -59.1014 -59.1014
 1397 -58.2866 -58.2866
 238 58.2866 -58.2866
 1960 -58.0752 -58.0752
 801 58.0752 -58.0752
 1644 57.6323 -57.6323
 485 -57.6323 -57.6323
 644 57.1917 -57.1917
 1803 -57.1916 -57.1916
 937 56.8193 -56.8193
 2096 -56.8192 -56.8192
 1601 56.6348 -56.6348
 442 -56.6347 -56.6347
 618 56.3128 -56.3128
 1777 -56.3119 -56.3119
 1627 56.186 -56.186
 468 -56.1859 -56.1859
 1600 56.1082 -56.1082
 441 -56.108 -56.108
 2202 55.9073 -55.9073
 1043 -55.9072 -55.9072
 145 -55.4839 -55.4839
 1304 55.4838 -55.4838
 1368 -55.1429 -55.1429
 209 55.1416 -55.1416
 917 -54.6924 -54.6924
 2076 54.6923 -54.6923
 2069 54.6222 -54.6222
 910 -54.6222 -54.6222
 1547 -54.3921 -54.3921
 388 54.392 -54.392
 1979 53.7326 -53.7326
 820 -53.7321 -53.7321
 1959 -53.7142 -53.7142
 800 53.7141 -53.7141
 969 53.6469 -53.6469
 2128 -53.6468 -53.6468
 114 -53.4341 -53.4341
 1273 53.4339 -53.4339
 964 53.4229 -53.4229
 2123 -53.4227 -53.4227
 2067 52.6132 -52.6132
 908 -52.6131 -52.6131
 504 51.9783 -51.9783
 1663 -51.9783 -51.9783
 150 -51.9183 -51.9183
 1309 51.9182 -51.9182
 1593 51.3128 -51.3128
 434 -51.3125 -51.3125
 636 50.8911 -50.8911
 1795 -50.8903 -50.8903
 1310 50.8207 -50.8207
 151 -50.8206 -50.8206
 257 50.5027 -50.5027
 1416 -50.5017 -50.5017
 777 -50.4041 -50.4041
 1936 50.4024 -50.4024
 837 50.2871 -50.2871
 1996 -50.2871 -50.2871
 1629 50.2382 -50.2382
 470 -50.2382 -50.2382
 1615 49.554 -49.554
 456 -49.554 -49.554
 911 -49.4335 -49.4335
 2070 49.4333 -49.4333
 1628 49.2791 -49.2791
 469 -49.2791 -49.2791
 2154 -48.4558 -48.4558
 995 48.4554 -48.4554
 10 -48.3768 -48.3768
 1169 48.3767 -48.3767
 1395 -48.0429 -48.0429
 236 48.0429 -48.0429
 1646 47.8057 -47.8057
 487 -47.8057 -47.8057
 2157 -47.5394 -47.5394
 998 47.539 -47.539
 1391 -47.1465 -47.1465
 232 47.1465 -47.1465
 254 47.1094 -47.1094
 1413 -47.1086 -47.1086
 2199 47.0535 -47.0535
 1040 -47.0531 -47.0531
 155 -46.3724 -46.3724
 1314 46.3724 -46.3724
 1165 45.577 -45.577
 6 -45.577 -45.577
 916 -45.2984 -45.2984
 2075 45.2982 -45.2982
 2038 45.0293 -45.0293
 879 -45.0272 -45.0272
 1316 44.995 -44.995
 157 -44.9949 -44.9949
 883 44.6014 -44.6014
 2042 -44.6014 -44.6014
 802 44.427 -44.427
 1961 -44.427 -44.427
 1261 44.1268 -44.1268
 102 -44.1268 -44.1268
 885 44.1205 -44.1205
 2044 -44.1205 -44.1205
 966 43.4586 -43.4586
 2125 -43.4585 -43.4585
 2177 -42.9908 -42.9908
 1018 42.9907 -42.9907
 1929 -42.9424 -42.9424
 770 42.9414 -42.9414
 381 42.6489 -42.6489
 1540 -42.6474 -42.6474
 104 -42.6157 -42.6157
 1263 42.6157 -42.6157
 2057 41.7113 -41.7113
 898 -41.7111 -41.7111
 884 41.4062 -41.4062
 2043 -41.4062 -41.4062
 2100 -41.3601 -41.3601
 941 41.3601 -41.3601
 1414 41.0791 -41.0791
 255 -41.0771 -41.0771
 1992 40.6059 -40.6059
 833 -40.6057 -40.6057
 1641 40.4397 -40.4397
 482 -40.4397 -40.4397
 1595 40.1238 -40.1238
 436 -40.1237 -40.1237
 813 40.0941 -40.0941
 1972 -40.0941 -40.0941
 2113 39.9338 -39.9338
 954 -39.9329 -39.9329
 1046 39.8954 -39.8954
 2205 -39.8953 -39.8953
 156 -39.6063 -39.6063
 1315 39.6063 -39.6063
 2131 -38.6311 -38.6311
 972 38.6311 -38.6311
 203 -38.6308 -38.6308
 1362 38.6308 -38.6308
 215 -38.3429 -38.3429
 1374 38.3429 -38.3429
 160 -38.264 -38.264
 1319 38.264 -38.264
 2085 37.9265 -37.9265
 926 -37.9261 -37.9261
 463 37.5264 -37.5264
 1622 -37.5263 -37.5263
 2161 -37.4455 -37.4455
 1002 37.4451 -37.4451
 799 37.3654 -37.3654
 1958 -37.3654 -37.3654
 1312 37.1107 -37.1107
 153 -37.1107 -37.1107
 105 -36.5083 -36.5083
 1264 36.5083 -36.5083
 2040 36.2924 -36.2924
 881 -36.2924 -36.2924
 1320 36.1141 -36.1141
 161 -36.1141 -36.1141
 1411 35.8858 -35.8858
 252 -35.8858 -35.8858
 876 35.2223 -35.2223
 2035 -35.2184 -35.2184
 968 35.1975 -35.1975
 2127 -35.1975 -35.1975
 2098 -35.1691 -35.1691
 939 35.1691 -35.1691
 1271 -34.844 -34.844
 112 34.8434 -34.8434
 2132 -34.761 -34.761
 973 34.761 -34.761
 2316 -34.4745 -34.4745
 1157 34.4745 -34.4745
 635 34.3322 -34.3322
 1794 -34.3312 -34.3312
 1384 34.1502 -34.1502
 225 -34.1502 -34.1502
 2056 33.8359 -33.8359
 897 -33.8358 -33.8358
 154 -33.2409 -33.2409
 1313 33.2409 -33.2409
 2158 -32.6402 -32.6402
 999 32.64 -32.64
 815 32.4372 -32.4372
 1974 -32.4372 -32.4372
 1647 31.4754 -31.4754
 488 -31.4754 -31.4754
 100 -31.3412 -31.3412
 1259 31.3412 -31.3412
 486 -31.181 -31.181
 1645 31.181 -31.181
 1311 31.1542 -31.1542
 152 -31.1542 -31.1542
 882 30.9858 -30.9858
 2041 -30.9858 -30.9858
 2109 30.8303 -30.8303
 950 -30.8271 -30.8271
 386 -29.7537 -29.7537
 1545 29.7537 -29.7537
 2265 29.3079 -29.3079
 1106 -29.3079 -29.3079
 1954 -28.8506 -28.8506
 795 28.8506 -28.8506
 971 28.0411 -28.0411
 2130 -28.0411 -28.0411
 1450 27.8279 -27.8279
 291 -27.8279 -27.8279
 1045 -27.2631 -27.2631
 2204 27.2631 -27.2631
 797 26.9237 -26.9237
 1956 -26.9236 -26.9236
 2086 -26.4741 -26.4741
 927 26.4741 -26.4741
 1451 26.3444 -26.3444
 292 -26.3444 -26.3444
 1461 -25.4061 -25.4061
 302 25.4058 -25.4058
 909 -24.9639 -24.9639
 2068 24.9637 -24.9637
 101 -24.6567 -24.6567
 1260 24.6567 -24.6567
 1642 24.6084 -24.6084
 483 -24.6084 -24.6084
 886 24.357 -24.357
 2045 -24.3569 -24.3569
 1385 -24.3534 -24.3534
 226 24.3534 -24.3534
 1359 -24.3243 -24.3243
 200 24.3234 -24.3234
 955 24.1946 -24.1946
 2114 -24.1946 -24.1946
 1710 -23.8983 -23.8983
 551 23.8983 -23.8983
 108 -23.5308 -23.5308
 1267 23.5304 -23.5304
 1449 23.4512 -23.4512
 290 -23.4512 -23.4512
 1594 23.1591 -23.1591
 435 -23.1589 -23.1589
 888 22.6816 -22.6816
 2047 -22.6815 -22.6815
 1923 -22.3931 -22.3931
 764 22.3913 -22.3913
 387 22.3584 -22.3584
 1546 -22.3584 -22.3584
 1648 21.7293 -21.7293
 489 -21.7293 -21.7293
 1363 21.6947 -21.6947
 204 -21.6945 -21.6945
 2166 -21.539 -21.539
 1007 21.5389 -21.5389
 1502 21.4207 -21.4207
 343 -21.4207 -21.4207
 2055 21.3959 -21.3959
 896 -21.3957 -21.3957
 2039 21.2966 -21.2966
 880 -21.2962 -21.2962
 336 21.026 -21.026
 1495 -21.026 -21.026
 945 -20.8651 -20.8651
 2104 20.8648 -20.8648
 2162 -20.6476 -20.6476
 1003 20.6475 -20.6475
 2073 -20.0449 -20.0449
 914 20.0439 -20.0439
 1454 20.0214 -20.0214
 295 -20.0214 -20.0214
 1976 18.7378 -18.7378
 817 -18.7375 -18.7375
 1317 18.7254 -18.7254
 158 -18.7253 -18.7253
 1512 18.2957 -18.2957
 353 -18.2952 -18.2952
 2129 -18.2697 -18.2697
 970 18.2697 -18.2697
 936 17.9575 -17.9575
 2095 -17.9573 -17.9573
 431 -17.6842 -17.6842
 1590 17.6842 -17.6842
 1624 17.0286 -17.0286
 465 -17.0286 -17.0286
 915 -16.9224 -16.9224
 2074 16.9219 -16.9219
 1475 -16.8281 -16.8281
 316 16.8277 -16.8277
 890 16.6917 -16.6917
 2049 -16.6916 -16.6916
 887 16.4867 -16.4867
 2046 -16.4865 -16.4865
 616 15.9245 -15.9245
 1775 -15.9235 -15.9235
 1539 -15.8908 -15.8908
 380 15.8901 -15.8901
 891 15.7084 -15.7084
 2050 -15.7083 -15.7083
 1658 -15.6752 -15.6752
 499 15.6752 -15.6752
 199 -15.6443 -15.6443
 1358 15.643 -15.643
 1448 15.5381 -15.5381
 289 -15.5381 -15.5381
 1452 15.2008 -15.2008
 293 -15.2008 -15.2008
 1953 -14.4227 -14.4227
 794 14.4227 -14.4227
 1950 -14.3263 -14.3263
 791 14.3263 -14.3263
 464 14.3069 -14.3069
 1623 -14.3068 -14.3068
 1973 14.2158 -14.2158
 814 -14.2156 -14.2156
 1952 -14.0118 -14.0118
 793 14.0118 -14.0118
 377 -13.9579 -13.9579
 1536 13.9551 -13.9551
 1949 -13.4852 -13.4852
 790 13.4852 -13.4852
 296 -13.4583 -13.4583
 1455 13.4583 -13.4583
 2180 -13.3387 -13.3387
 1021 13.3385 -13.3385
 792 13.0017 -13.0017
 1951 -13.0017 -13.0017
 1410 12.8756 -12.8756
 251 -12.8756 -12.8756
 889 12.619 -12.619
 2048 -12.6189 -12.6189
 789 11.938 -11.938
 1948 -11.938 -11.938
 2054 11.8049 -11.8049
 895 -11.8045 -11.8045
 1649 11.7639 -11.7639
 490 -11.7639 -11.7639
 1946 -11.6402 -11.6402
 787 11.6402 -11.6402
 286 -11.5606 -11.5606
 1445 11.5588 -11.5588
 297 -11.4742 -11.4742
 1456 11.4742 -11.4742
 1947 -11.4403 -11.4403
 788 11.4403 -11.4403
 1643 11.0436 -11.0436
 484 -11.0436 -11.0436
 2201 9.42196 -9.42196
 1042 -9.42178 -9.42178
 938 8.68271 -8.68271
 2097 -8.6826 -8.6826
 1616 8.28463 -8.28463
 457 -8.28463 -8.28463
 2206 -7.69075 -7.69075
 1047 7.69062 -7.69062
 1621 7.25939 -7.25939
 462 -7.25927 -7.25927
 1617 7.02599 -7.02599
 458 -7.02599 -7.02599
 2179 6.75276 -6.75276
 1020 -6.75276 -6.75276
 294 -6.74701 -6.74701
 1453 6.74701 -6.74701
 414 6.57443 -6.57443
 1573 -6.5705 -6.5705
 1653 6.43905 -6.43905
 494 -6.43905 -6.43905
 913 -6.4015 -6.4015
 2072 6.40073 -6.40073
 202 -5.37191 -5.37191
 1361 5.37172 -5.37172
 2116 -5.28379 -5.28379
 957 5.28378 -5.28378
 1618 5.28039 -5.28039
 459 -5.28039 -5.28039
 1619 4.94035 -4.94035
 460 -4.94035 -4.94035
 1652 4.80961 -4.80961
 493 -4.80961 -4.80961
 1650 4.49124 -4.49124
 491 -4.49124 -4.49124
 892 4.426 -4.426
 2051 -4.42582 -4.42582
 2052 4.14305 -4.14305
 893 -4.1429 -4.1429
 912 -3.84319 -3.84319
 2071 3.84252 -3.84252
 214 -3.53632 -3.53632
 1373 3.53631 -3.53631
 1303 2.90234 -2.90234
 144 -2.90233 -2.90233
 1651 2.67511 -2.67511
 492 -2.67511 -2.67511
 45 2.57207 -2.57207
 1204 -2.57202 -2.57202
 645 2.20847 -2.20847
 1804 -2.20845 -2.20845
 1543 2.16407 -2.16407
 384 -2.1638 -2.1638
 1955 1.72268 -1.72268
 796 -1.7225 -1.7225
 1044 1.6795 -1.6795
 2203 -1.67939 -1.67939
 201 -1.63159 -1.63159
 1360 1.63112 -1.63112
 159 0.818793 -0.818793
 1318 -0.818745 -0.818745
 983 0.519679 -0.519679
 2142 -0.5176 -0.5176
 2053 0.162146 -0.162146
 894 -0.161912 -0.161912
 1149 0.000798723 -0.000798723
 1148 -0.000705775 -0.000705775
 1143 -0.000554016 -0.000554016
 1917 4.21937e-007 -4.21937e-007
 1989 4.21937e-007 -4.21937e-007
 2019 4.21937e-007 -4.21937e-007
 2066 4.21937e-007 -4.21937e-007
 907 -4.21937e-007 -4.21937e-007
 1987 4.21937e-007 -4.21937e-007
 1964 4.21937e-007 -4.21937e-007
 1779 4.21937e-007 -4.21937e-007
 1693 4.21937e-007 -4.21937e-007
 1866 4.21937e-007 -4.21937e-007
 1871 4.21937e-007 -4.21937e-007
 1886 4.21937e-007 -4.21937e-007
 1738 4.21937e-007 -4.21937e-007
 860 -4.21937e-007 -4.21937e-007
 830 -4.21937e-007 -4.21937e-007
 674 -4.21937e-007 -4.21937e-007
 620 -4.21937e-007 -4.21937e-007
 579 -4.21937e-007 -4.21937e-007
 534 -4.21937e-007 -4.21937e-007
 1833 4.21937e-007 -4.21937e-007
 707 -4.21937e-007 -4.21937e-007
 712 -4.21937e-007 -4.21937e-007
 727 -4.21937e-007 -4.21937e-007
 828 -4.21937e-007 -4.21937e-007
 805 -4.21937e-007 -4.21937e-007
 758 -4.21937e-007 -4.21937e-007
 2307 -8.47168e-008 -8.47168e-008
 2308 -8.45231e-008 -8.45231e-008
 2302 -8.18618e-008 -8.18618e-008
 1591 -2.55864e-008 -2.55864e-008
 432 2.55864e-008 -2.55864e-008
 3865 0 -0
 3864 0 -0
 3863 0 -0
 3862 0 -0
 3861 0 -0
 3860 0 -0
 3859 0 -0
 3866 0 -0
 3867 0 -0
 3874 0 -0
 3873 0 -0
 3872 0 -0
 3871 0 -0
 3870 0 -0
 3869 0 -0
 3868 0 -0
 3858 0 -0
 3857 0 -0
 3847 0 -0
 3846 0 -0
 3845 0 -0
 3844 0 -0
 3843 0 -0
 3842 0 -0
 3841 0 -0
 3848 0 -0
 3849 0 -0
 3856 0 -0
 3855 0 -0
 3854 0 -0
 3853 0 -0
 3852 0 -0
 3851 0 -0
 3850 0 -0
 3875 0 -0
 3876 0 -0
 3901 0 -0
 3900 0 -0
 3899 0 -0
 3898 0 -0
 3897 0 -0
 3896 0 -0
 3895 0 -0
 3902 0 -0
 3903 0 -0
 3910 0 -0
 3909 0 -0
 3908 0 -0
 3907 0 -0
 3906 0 -0
 3905 0 -0
 3904 0 -0
 3894 0 -0
 3893 0 -0
 3883 0 -0
 3882 0 -0
 3881 0 -0
 3880 0 -0
 3879 0 -0
 3878 0 -0
 3877 0 -0
 3884 0 -0
 3885 0 -0
 3892 0 -0
 3891 0 -0
 3890 0 -0
 3889 0 -0
 3888 0 -0
 3887 0 -0
 3886 0 -0
 3840 0 -0
 3839 0 -0
 3793 0 -0
 3792 0 -0
 3791 0 -0
 3790 0 -0
 3789 0 -0
 3788 0 -0
 3787 0 -0
 3794 0 -0
 3795 0 -0
 3802 0 -0
 3801 0 -0
 3800 0 -0
 3799 0 -0
 3798 0 -0
 3797 0 -0
 3796 0 -0
 3786 0 -0
 3785 0 -0
 3775 0 -0
 3774 0 -0
 3773 0 -0
 3772 0 -0
 3771 0 -0
 3770 0 -0
 3769 0 -0
 3776 0 -0
 3777 0 -0
 3784 0 -0
 3783 0 -0
 3782 0 -0
 3781 0 -0
 3780 0 -0
 3779 0 -0
 3778 0 -0
 3803 0 -0
 3804 0 -0
 3829 0 -0
 3828 0 -0
 3827 0 -0
 3826 0 -0
 3825 0 -0
 3824 0 -0
 3823 0 -0
 3830 0 -0
 3831 0 -0
 3838 0 -0
 3837 0 -0
 3836 0 -0
 3835 0 -0
 3834 0 -0
 3833 0 -0
 3832 0 -0
 3822 0 -0
 3821 0 -0
 3811 0 -0
 3810 0 -0
 3809 0 -0
 3808 0 -0
 3807 0 -0
 3806 0 -0
 3805 0 -0
 3812 0 -0
 3813 0 -0
 3820 0 -0
 3819 0 -0
 3818 0 -0
 3817 0 -0
 3816 0 -0
 3815 0 -0
 3814 0 -0
 3911 0 -0
 3912 0 -0
 3913 0 -0
 4010 0 -0
 4009 0 -0
 4008 0 -0
 4007 0 -0
 4006 0 -0
 4005 0 -0
 4004 0 -0
 4011 0 -0
 4012 0 -0
 4019 0 -0
 4018 0 -0
 4017 0 -0
 4016 0 -0
 4015 0 -0
 4014 0 -0
 4013 0 -0
 4003 0 -0
 4002 0 -0
 3992 0 -0
 3991 0 -0
 3990 0 -0
 3989 0 -0
 3988 0 -0
 3987 0 -0
 3986 0 -0
 3993 0 -0
 3994 0 -0
 4001 0 -0
 4000 0 -0
 3999 0 -0
 3998 0 -0
 3997 0 -0
 3996 0 -0
 3995 0 -0
 4020 0 -0
 4021 0 -0
 4046 0 -0
 4045 0 -0
 4044 0 -0
 4043 0 -0
 4042 0 -0
 4041 0 -0
 4040 0 -0
 4047 0 -0
 4048 0 -0
 4055 0 -0
 4054 0 -0
 4053 0 -0
 4052 0 -0
 4051 0 -0
 4050 0 -0
 4049 0 -0
 4039 0 -0
 4038 0 -0
 4028 0 -0
 4027 0 -0
 4026 0 -0
 4025 0 -0
 4024 0 -0
 4023 0 -0
 4022 0 -0
 4029 0 -0
 4030 0 -0
 4037 0 -0
 4036 0 -0
 4035 0 -0
 4034 0 -0
 4033 0 -0
 4032 0 -0
 4031 0 -0
 3985 0 -0
 3984 0 -0
 3938 0 -0
 3937 0 -0
 3936 0 -0
 3935 0 -0
 3934 0 -0
 3933 0 -0
 3932 0 -0
 3939 0 -0
 3940 0 -0
 3947 0 -0
 3946 0 -0
 3945 0 -0
 3944 0 -0
 3943 0 -0
 3942 0 -0
 3941 0 -0
 3931 0 -0
 3930 0 -0
 3920 0 -0
 3919 0 -0
 3918 0 -0
 3917 0 -0
 3916 0 -0
 3915 0 -0
 3914 0 -0
 3921 0 -0
 3922 0 -0
 3929 0 -0
 3928 0 -0
 3927 0 -0
 3926 0 -0
 3925 0 -0
 3924 0 -0
 3923 0 -0
 3948 0 -0
 3949 0 -0
 3974 0 -0
 3973 0 -0
 3972 0 -0
 3971 0 -0
 3970 0 -0
 3969 0 -0
 3968 0 -0
 3975 0 -0
 3976 0 -0
 3983 0 -0
 3982 0 -0
 3981 0 -0
 3980 0 -0
 3979 0 -0
 3978 0 -0
 3977 0 -0
 3967 0 -0
 3966 0 -0
 3956 0 -0
 3955 0 -0
 3954 0 -0
 3953 0 -0
 3952 0 -0
 3951 0 -0
 3950 0 -0
 3957 0 -0
 3958 0 -0
 3965 0 -0
 3964 0 -0
 3963 0 -0
 3962 0 -0
 3961 0 -0
 3960 0 -0
 3959 0 -0
 3768 0 -0
 3767 0 -0
 3766 0 -0
 3575 0 -0
 3574 0 -0
 3573 0 -0
 3572 0 -0
 3571 0 -0
 3570 0 -0
 3569 0 -0
 3576 0 -0
 3577 0 -0
 3584 0 -0
 3583 0 -0
 3582 0 -0
 3581 0 -0
 3580 0 -0
 3579 0 -0
 3578 0 -0
 3568 0 -0
 3567 0 -0
 3557 0 -0
 3556 0 -0
 3555 0 -0
 3554 0 -0
 3553 0 -0
 3552 0 -0
 3551 0 -0
 3558 0 -0
 3559 0 -0
 3566 0 -0
 3565 0 -0
 3564 0 -0
 3563 0 -0
 3562 0 -0
 3561 0 -0
 3560 0 -0
 3585 0 -0
 3586 0 -0
 3611 0 -0
 3610 0 -0
 3609 0 -0
 3608 0 -0
 3607 0 -0
 3606 0 -0
 3605 0 -0
 3612 0 -0
 3613 0 -0
 3620 0 -0
 3619 0 -0
 3618 0 -0
 3617 0 -0
 3616 0 -0
 3615 0 -0
 3614 0 -0
 3604 0 -0
 3603 0 -0
 3593 0 -0
 3592 0 -0
 3591 0 -0
 3590 0 -0
 3589 0 -0
 3588 0 -0
 3587 0 -0
 3594 0 -0
 3595 0 -0
 3602 0 -0
 3601 0 -0
 3600 0 -0
 3599 0 -0
 3598 0 -0
 3597 0 -0
 3596 0 -0
 3550 0 -0
 3549 0 -0
 3503 0 -0
 3502 0 -0
 3501 0 -0
 3500 0 -0
 3499 0 -0
 3498 0 -0
 3497 0 -0
 3504 0 -0
 3505 0 -0
 3512 0 -0
 3511 0 -0
 3510 0 -0
 3509 0 -0
 3508 0 -0
 3507 0 -0
 3506 0 -0
 3496 0 -0
 3495 0 -0
 3485 0 -0
 3484 0 -0
 3483 0 -0
 3482 0 -0
 3481 0 -0
 3480 0 -0
 3479 0 -0
 3486 0 -0
 3487 0 -0
 3494 0 -0
 3493 0 -0
 3492 0 -0
 3491 0 -0
 3490 0 -0
 3489 0 -0
 3488 0 -0
 3513 0 -0
 3514 0 -0
 3539 0 -0
 3538 0 -0
 3537 0 -0
 3536 0 -0
 3535 0 -0
 3534 0 -0
 3533 0 -0
 3540 0 -0
 3541 0 -0
 3548 0 -0
 3547 0 -0
 3546 0 -0
 3545 0 -0
 3544 0 -0
 3543 0 -0
 3542 0 -0
 3532 0 -0
 3531 0 -0
 3521 0 -0
 3520 0 -0
 3519 0 -0
 3518 0 -0
 3517 0 -0
 3516 0 -0
 3515 0 -0
 3522 0 -0
 3523 0 -0
 3530 0 -0
 3529 0 -0
 3528 0 -0
 3527 0 -0
 3526 0 -0
 3525 0 -0
 3524 0 -0
 3621 0 -0
 3622 0 -0
 3623 0 -0
 3720 0 -0
 3719 0 -0
 3718 0 -0
 3717 0 -0
 3716 0 -0
 3715 0 -0
 3714 0 -0
 3721 0 -0
 3722 0 -0
 3729 0 -0
 3728 0 -0
 3727 0 -0
 3726 0 -0
 3725 0 -0
 3724 0 -0
 3723 0 -0
 3713 0 -0
 3712 0 -0
 3702 0 -0
 3701 0 -0
 3700 0 -0
 3699 0 -0
 3698 0 -0
 3697 0 -0
 3696 0 -0
 3703 0 -0
 3704 0 -0
 3711 0 -0
 3710 0 -0
 3709 0 -0
 3708 0 -0
 3707 0 -0
 3706 0 -0
 3705 0 -0
 3730 0 -0
 3731 0 -0
 3756 0 -0
 3755 0 -0
 3754 0 -0
 3753 0 -0
 3752 0 -0
 3751 0 -0
 3750 0 -0
 3757 0 -0
 3758 0 -0
 3765 0 -0
 3764 0 -0
 3763 0 -0
 3762 0 -0
 3761 0 -0
 3760 0 -0
 3759 0 -0
 3749 0 -0
 3748 0 -0
 3738 0 -0
 3737 0 -0
 3736 0 -0
 3735 0 -0
 3734 0 -0
 3733 0 -0
 3732 0 -0
 3739 0 -0
 3740 0 -0
 3747 0 -0
 3746 0 -0
 3745 0 -0
 3744 0 -0
 3743 0 -0
 3742 0 -0
 3741 0 -0
 3695 0 -0
 3694 0 -0
 3648 0 -0
 3647 0 -0
 3646 0 -0
 3645 0 -0
 3644 0 -0
 3643 0 -0
 3642 0 -0
 3649 0 -0
 3650 0 -0
 3657 0 -0
 3656 0 -0
 3655 0 -0
 3654 0 -0
 3653 0 -0
 3652 0 -0
 3651 0 -0
 3641 0 -0
 3640 0 -0
 3630 0 -0
 3629 0 -0
 3628 0 -0
 3627 0 -0
 3626 0 -0
 3625 0 -0
 3624 0 -0
 3631 0 -0
 3632 0 -0
 3639 0 -0
 3638 0 -0
 3637 0 -0
 3636 0 -0
 3635 0 -0
 3634 0 -0
 3633 0 -0
 3658 0 -0
 3659 0 -0
 3684 0 -0
 3683 0 -0
 3682 0 -0
 3681 0 -0
 3680 0 -0
 3679 0 -0
 3678 0 -0
 3685 0 -0
 3686 0 -0
 3693 0 -0
 3692 0 -0
 3691 0 -0
 3690 0 -0
 3689 0 -0
 3688 0 -0
 3687 0 -0
 3677 0 -0
 3676 0 -0
 3666 0 -0
 3665 0 -0
 3664 0 -0
 3663 0 -0
 3662 0 -0
 3661 0 -0
 3660 0 -0
 3667 0 -0
 3668 0 -0
 3675 0 -0
 3674 0 -0
 3673 0 -0
 3672 0 -0
 3671 0 -0
 3670 0 -0
 3669 0 -0
 4056 0 -0
 4057 0 -0
 4058 0 -0
 4445 0 -0
 4444 0 -0
 4443 0 -0
 4442 0 -0
 4441 0 -0
 4440 0 -0
 4439 0 -0
 4446 0 -0
 4447 0 -0
 4454 0 -0
 4453 0 -0
 4452 0 -0
 4451 0 -0
 4450 0 -0
 4449 0 -0
 4448 0 -0
 4438 0 -0
 4437 0 -0
 4427 0 -0
 4426 0 -0
 4425 0 -0
 4424 0 -0
 4423 0 -0
 4422 0 -0
 4421 0 -0
 4428 0 -0
 4429 0 -0
 4436 0 -0
 4435 0 -0
 4434 0 -0
 4433 0 -0
 4432 0 -0
 4431 0 -0
 4430 0 -0
 4455 0 -0
 4456 0 -0
 4481 0 -0
 4480 0 -0
 4479 0 -0
 4478 0 -0
 4477 0 -0
 4476 0 -0
 4475 0 -0
 4482 0 -0
 4483 0 -0
 4490 0 -0
 4489 0 -0
 4488 0 -0
 4487 0 -0
 4486 0 -0
 4485 0 -0
 4484 0 -0
 4474 0 -0
 4473 0 -0
 4463 0 -0
 4462 0 -0
 4461 0 -0
 4460 0 -0
 4459 0 -0
 4458 0 -0
 4457 0 -0
 4464 0 -0
 4465 0 -0
 4472 0 -0
 4471 0 -0
 4470 0 -0
 4469 0 -0
 4468 0 -0
 4467 0 -0
 4466 0 -0
 4420 0 -0
 4419 0 -0
 4373 0 -0
 4372 0 -0
 4371 0 -0
 4370 0 -0
 4369 0 -0
 4368 0 -0
 4367 0 -0
 4374 0 -0
 4375 0 -0
 4382 0 -0
 4381 0 -0
 4380 0 -0
 4379 0 -0
 4378 0 -0
 4377 0 -0
 4376 0 -0
 4366 0 -0
 4365 0 -0
 4355 0 -0
 4354 0 -0
 4353 0 -0
 4352 0 -0
 4351 0 -0
 4350 0 -0
 4349 0 -0
 4356 0 -0
 4357 0 -0
 4364 0 -0
 4363 0 -0
 4362 0 -0
 4361 0 -0
 4360 0 -0
 4359 0 -0
 4358 0 -0
 4383 0 -0
 4384 0 -0
 4409 0 -0
 4408 0 -0
 4407 0 -0
 4406 0 -0
 4405 0 -0
 4404 0 -0
 4403 0 -0
 4410 0 -0
 4411 0 -0
 4418 0 -0
 4417 0 -0
 4416 0 -0
 4415 0 -0
 4414 0 -0
 4413 0 -0
 4412 0 -0
 4402 0 -0
 4401 0 -0
 4391 0 -0
 4390 0 -0
 4389 0 -0
 4388 0 -0
 4387 0 -0
 4386 0 -0
 4385 0 -0
 4392 0 -0
 4393 0 -0
 4400 0 -0
 4399 0 -0
 4398 0 -0
 4397 0 -0
 4396 0 -0
 4395 0 -0
 4394 0 -0
 4491 0 -0
 4492 0 -0
 4493 0 -0
 4590 0 -0
 4589 0 -0
 4588 0 -0
 4587 0 -0
 4586 0 -0
 4585 0 -0
 4584 0 -0
 4591 0 -0
 4592 0 -0
 4599 0 -0
 4598 0 -0
 4597 0 -0
 4596 0 -0
 4595 0 -0
 4594 0 -0
 4593 0 -0
 4583 0 -0
 4582 0 -0
 4572 0 -0
 4571 0 -0
 4570 0 -0
 4569 0 -0
 4568 0 -0
 4567 0 -0
 4566 0 -0
 4573 0 -0
 4574 0 -0
 4581 0 -0
 4580 0 -0
 4579 0 -0
 4578 0 -0
 4577 0 -0
 4576 0 -0
 4575 0 -0
 4600 0 -0
 4601 0 -0
 4626 0 -0
 4625 0 -0
 4624 0 -0
 4623 0 -0
 4622 0 -0
 4621 0 -0
 4620 0 -0
 4627 0 -0
 4628 0 -0
 4635 0 -0
 4634 0 -0
 4633 0 -0
 4632 0 -0
 4631 0 -0
 4630 0 -0
 4629 0 -0
 4619 0 -0
 4618 0 -0
 4608 0 -0
 4607 0 -0
 4606 0 -0
 4605 0 -0
 4604 0 -0
 4603 0 -0
 4602 0 -0
 4609 0 -0
 4610 0 -0
 4617 0 -0
 4616 0 -0
 4615 0 -0
 4614 0 -0
 4613 0 -0
 4612 0 -0
 4611 0 -0
 4565 0 -0
 4564 0 -0
 4518 0 -0
 4517 0 -0
 4516 0 -0
 4515 0 -0
 4514 0 -0
 4513 0 -0
 4512 0 -0
 4519 0 -0
 4520 0 -0
 4527 0 -0
 4526 0 -0
 4525 0 -0
 4524 0 -0
 4523 0 -0
 4522 0 -0
 4521 0 -0
 4511 0 -0
 4510 0 -0
 4500 0 -0
 4499 0 -0
 4498 0 -0
 4497 0 -0
 4496 0 -0
 4495 0 -0
 4494 0 -0
 4501 0 -0
 4502 0 -0
 4509 0 -0
 4508 0 -0
 4507 0 -0
 4506 0 -0
 4505 0 -0
 4504 0 -0
 4503 0 -0
 4528 0 -0
 4529 0 -0
 4554 0 -0
 4553 0 -0
 4552 0 -0
 4551 0 -0
 4550 0 -0
 4549 0 -0
 4548 0 -0
 4555 0 -0
 4556 0 -0
 4563 0 -0
 4562 0 -0
 4561 0 -0
 4560 0 -0
 4559 0 -0
 4558 0 -0
 4557 0 -0
 4547 0 -0
 4546 0 -0
 4536 0 -0
 4535 0 -0
 4534 0 -0
 4533 0 -0
 4532 0 -0
 4531 0 -0
 4530 0 -0
 4537 0 -0
 4538 0 -0
 4545 0 -0
 4544 0 -0
 4543 0 -0
 4542 0 -0
 4541 0 -0
 4540 0 -0
 4539 0 -0
 4348 0 -0
 4347 0 -0
 4346 0 -0
 4155 0 -0
 4154 0 -0
 4153 0 -0
 4152 0 -0
 4151 0 -0
 4150 0 -0
 4149 0 -0
 4156 0 -0
 4157 0 -0
 4164 0 -0
 4163 0 -0
 4162 0 -0
 4161 0 -0
 4160 0 -0
 4159 0 -0
 4158 0 -0
 4148 0 -0
 4147 0 -0
 4137 0 -0
 4136 0 -0
 4135 0 -0
 4134 0 -0
 4133 0 -0
 4132 0 -0
 4131 0 -0
 4138 0 -0
 4139 0 -0
 4146 0 -0
 4145 0 -0
 4144 0 -0
 4143 0 -0
 4142 0 -0
 4141 0 -0
 4140 0 -0
 4165 0 -0
 4166 0 -0
 4191 0 -0
 4190 0 -0
 4189 0 -0
 4188 0 -0
 4187 0 -0
 4186 0 -0
 4185 0 -0
 4192 0 -0
 4193 0 -0
 4200 0 -0
 4199 0 -0
 4198 0 -0
 4197 0 -0
 4196 0 -0
 4195 0 -0
 4194 0 -0
 4184 0 -0
 4183 0 -0
 4173 0 -0
 4172 0 -0
 4171 0 -0
 4170 0 -0
 4169 0 -0
 4168 0 -0
 4167 0 -0
 4174 0 -0
 4175 0 -0
 4182 0 -0
 4181 0 -0
 4180 0 -0
 4179 0 -0
 4178 0 -0
 4177 0 -0
 4176 0 -0
 4130 0 -0
 4129 0 -0
 4083 0 -0
 4082 0 -0
 4081 0 -0
 4080 0 -0
 4079 0 -0
 4078 0 -0
 4077 0 -0
 4084 0 -0
 4085 0 -0
 4092 0 -0
 4091 0 -0
 4090 0 -0
 4089 0 -0
 4088 0 -0
 4087 0 -0
 4086 0 -0
 4076 0 -0
 4075 0 -0
 4065 0 -0
 4064 0 -0
 4063 0 -0
 4062 0 -0
 4061 0 -0
 4060 0 -0
 4059 0 -0
 4066 0 -0
 4067 0 -0
 4074 0 -0
 4073 0 -0
 4072 0 -0
 4071 0 -0
 4070 0 -0
 4069 0 -0
 4068 0 -0
 4093 0 -0
 4094 0 -0
 4119 0 -0
 4118 0 -0
 4117 0 -0
 4116 0 -0
 4115 0 -0
 4114 0 -0
 4113 0 -0
 4120 0 -0
 4121 0 -0
 4128 0 -0
 4127 0 -0
 4126 0 -0
 4125 0 -0
 4124 0 -0
 4123 0 -0
 4122 0 -0
 4112 0 -0
 4111 0 -0
 4101 0 -0
 4100 0 -0
 4099 0 -0
 4098 0 -0
 4097 0 -0
 4096 0 -0
 4095 0 -0
 4102 0 -0
 4103 0 -0
 4110 0 -0
 4109 0 -0
 4108 0 -0
 4107 0 -0
 4106 0 -0
 4105 0 -0
 4104 0 -0
 4201 0 -0
 4202 0 -0
 4203 0 -0
 4300 0 -0
 4299 0 -0
 4298 0 -0
 4297 0 -0
 4296 0 -0
 4295 0 -0
 4294 0 -0
 4301 0 -0
 4302 0 -0
 4309 0 -0
 4308 0 -0
 4307 0 -0
 4306 0 -0
 4305 0 -0
 4304 0 -0
 4303 0 -0
 4293 0 -0
 4292 0 -0
 4282 0 -0
 4281 0 -0
 4280 0 -0
 4279 0 -0
 4278 0 -0
 4277 0 -0
 4276 0 -0
 4283 0 -0
 4284 0 -0
 4291 0 -0
 4290 0 -0
 4289 0 -0
 4288 0 -0
 4287 0 -0
 4286 0 -0
 4285 0 -0
 4310 0 -0
 4311 0 -0
 4336 0 -0
 4335 0 -0
 4334 0 -0
 4333 0 -0
 4332 0 -0
 4331 0 -0
 4330 0 -0
 4337 0 -0
 4338 0 -0
 4345 0 -0
 4344 0 -0
 4343 0 -0
 4342 0 -0
 4341 0 -0
 4340 0 -0
 4339 0 -0
 4329 0 -0
 4328 0 -0
 4318 0 -0
 4317 0 -0
 4316 0 -0
 4315 0 -0
 4314 0 -0
 4313 0 -0
 4312 0 -0
 4319 0 -0
 4320 0 -0
 4327 0 -0
 4326 0 -0
 4325 0 -0
 4324 0 -0
 4323 0 -0
 4322 0 -0
 4321 0 -0
 4275 0 -0
 4274 0 -0
 4228 0 -0
 4227 0 -0
 4226 0 -0
 4225 0 -0
 4224 0 -0
 4223 0 -0
 4222 0 -0
 4229 0 -0
 4230 0 -0
 4237 0 -0
 4236 0 -0
 4235 0 -0
 4234 0 -0
 4233 0 -0
 4232 0 -0
 4231 0 -0
 4221 0 -0
 4220 0 -0
 4210 0 -0
 4209 0 -0
 4208 0 -0
 4207 0 -0
 4206 0 -0
 4205 0 -0
 4204 0 -0
 4211 0 -0
 4212 0 -0
 4219 0 -0
 4218 0 -0
 4217 0 -0
 4216 0 -0
 4215 0 -0
 4214 0 -0
 4213 0 -0
 4238 0 -0
 4239 0 -0
 4264 0 -0
 4263 0 -0
 4262 0 -0
 4261 0 -0
 4260 0 -0
 4259 0 -0
 4258 0 -0
 4265 0 -0
 4266 0 -0
 4273 0 -0
 4272 0 -0
 4271 0 -0
 4270 0 -0
 4269 0 -0
 4268 0 -0
 4267 0 -0
 4257 0 -0
 4256 0 -0
 4246 0 -0
 4245 0 -0
 4244 0 -0
 4243 0 -0
 4242 0 -0
 4241 0 -0
 4240 0 -0
 4247 0 -0
 4248 0 -0
 4255 0 -0
 4254 0 -0
 4253 0 -0
 4252 0 -0
 4251 0 -0
 4250 0 -0
 4249 0 -0
 3478 0 -0
 3477 0 -0
 3476 0 -0
 2705 0 -0
 2704 0 -0
 2703 0 -0
 2702 0 -0
 2701 0 -0
 2700 0 -0
 2699 0 -0
 2706 0 -0
 2707 0 -0
 2714 0 -0
 2713 0 -0
 2712 0 -0
 2711 0 -0
 2710 0 -0
 2709 0 -0
 2708 0 -0
 2698 0 -0
 2697 0 -0
 2687 0 -0
 2686 0 -0
 2685 0 -0
 2684 0 -0
 2683 0 -0
 2682 0 -0
 2681 0 -0
 2688 0 -0
 2689 0 -0
 2696 0 -0
 2695 0 -0
 2694 0 -0
 2693 0 -0
 2692 0 -0
 2691 0 -0
 2690 0 -0
 2715 0 -0
 2716 0 -0
 2741 0 -0
 2740 0 -0
 2739 0 -0
 2738 0 -0
 2737 0 -0
 2736 0 -0
 2735 0 -0
 2742 0 -0
 2743 0 -0
 2750 0 -0
 2749 0 -0
 2748 0 -0
 2747 0 -0
 2746 0 -0
 2745 0 -0
 2744 0 -0
 2734 0 -0
 2733 0 -0
 2723 0 -0
 2722 0 -0
 2721 0 -0
 2720 0 -0
 2719 0 -0
 2718 0 -0
 2717 0 -0
 2724 0 -0
 2725 0 -0
 2732 0 -0
 2731 0 -0
 2730 0 -0
 2729 0 -0
 2728 0 -0
 2727 0 -0
 2726 0 -0
 2680 0 -0
 2679 0 -0
 2633 0 -0
 2632 0 -0
 2631 0 -0
 2630 0 -0
 2629 0 -0
 2628 0 -0
 2627 0 -0
 2634 0 -0
 2635 0 -0
 2642 0 -0
 2641 0 -0
 2640 0 -0
 2639 0 -0
 2638 0 -0
 2637 0 -0
 2636 0 -0
 2626 0 -0
 2625 0 -0
 2615 0 -0
 2614 0 -0
 2613 0 -0
 2612 0 -0
 2611 0 -0
 2610 0 -0
 2609 0 -0
 2616 0 -0
 2617 0 -0
 2624 0 -0
 2623 0 -0
 2622 0 -0
 2621 0 -0
 2620 0 -0
 2619 0 -0
 2618 0 -0
 2643 0 -0
 2644 0 -0
 2669 0 -0
 2668 0 -0
 2667 0 -0
 2666 0 -0
 2665 0 -0
 2664 0 -0
 2663 0 -0
 2670 0 -0
 2671 0 -0
 2678 0 -0
 2677 0 -0
 2676 0 -0
 2675 0 -0
 2674 0 -0
 2673 0 -0
 2672 0 -0
 2662 0 -0
 2661 0 -0
 2651 0 -0
 2650 0 -0
 2649 0 -0
 2648 0 -0
 2647 0 -0
 2646 0 -0
 2645 0 -0
 2652 0 -0
 2653 0 -0
 2660 0 -0
 2659 0 -0
 2658 0 -0
 2657 0 -0
 2656 0 -0
 2655 0 -0
 2654 0 -0
 2751 0 -0
 2752 0 -0
 2753 0 -0
 2850 0 -0
 2849 0 -0
 2848 0 -0
 2847 0 -0
 2846 0 -0
 2845 0 -0
 2844 0 -0
 2851 0 -0
 2852 0 -0
 2859 0 -0
 2858 0 -0
 2857 0 -0
 2856 0 -0
 2855 0 -0
 2854 0 -0
 2853 0 -0
 2843 0 -0
 2842 0 -0
 2832 0 -0
 2831 0 -0
 2830 0 -0
 2829 0 -0
 2828 0 -0
 2827 0 -0
 2826 0 -0
 2833 0 -0
 2834 0 -0
 2841 0 -0
 2840 0 -0
 2839 0 -0
 2838 0 -0
 2837 0 -0
 2836 0 -0
 2835 0 -0
 2860 0 -0
 2861 0 -0
 2886 0 -0
 2885 0 -0
 2884 0 -0
 2883 0 -0
 2882 0 -0
 2881 0 -0
 2880 0 -0
 2887 0 -0
 2888 0 -0
 2895 0 -0
 2894 0 -0
 2893 0 -0
 2892 0 -0
 2891 0 -0
 2890 0 -0
 2889 0 -0
 2879 0 -0
 2878 0 -0
 2868 0 -0
 2867 0 -0
 2866 0 -0
 2865 0 -0
 2864 0 -0
 2863 0 -0
 2862 0 -0
 2869 0 -0
 2870 0 -0
 2877 0 -0
 2876 0 -0
 2875 0 -0
 2874 0 -0
 2873 0 -0
 2872 0 -0
 2871 0 -0
 2825 0 -0
 2824 0 -0
 2778 0 -0
 2777 0 -0
 2776 0 -0
 2775 0 -0
 2774 0 -0
 2773 0 -0
 2772 0 -0
 2779 0 -0
 2780 0 -0
 2787 0 -0
 2786 0 -0
 2785 0 -0
 2784 0 -0
 2783 0 -0
 2782 0 -0
 2781 0 -0
 2771 0 -0
 2770 0 -0
 2760 0 -0
 2759 0 -0
 2758 0 -0
 2757 0 -0
 2756 0 -0
 2755 0 -0
 2754 0 -0
 2761 0 -0
 2762 0 -0
 2769 0 -0
 2768 0 -0
 2767 0 -0
 2766 0 -0
 2765 0 -0
 2764 0 -0
 2763 0 -0
 2788 0 -0
 2789 0 -0
 2814 0 -0
 2813 0 -0
 2812 0 -0
 2811 0 -0
 2810 0 -0
 2809 0 -0
 2808 0 -0
 2815 0 -0
 2816 0 -0
 2823 0 -0
 2822 0 -0
 2821 0 -0
 2820 0 -0
 2819 0 -0
 2818 0 -0
 2817 0 -0
 2807 0 -0
 2806 0 -0
 2796 0 -0
 2795 0 -0
 2794 0 -0
 2793 0 -0
 2792 0 -0
 2791 0 -0
 2790 0 -0
 2797 0 -0
 2798 0 -0
 2805 0 -0
 2804 0 -0
 2803 0 -0
 2802 0 -0
 2801 0 -0
 2800 0 -0
 2799 0 -0
 2608 0 -0
 2607 0 -0
 2606 0 -0
 2415 0 -0
 2414 0 -0
 2413 0 -0
 2412 0 -0
 2411 0 -0
 2410 0 -0
 2409 0 -0
 2416 0 -0
 2417 0 -0
 2424 0 -0
 2423 0 -0
 2422 0 -0
 2421 0 -0
 2420 0 -0
 2419 0 -0
 2418 0 -0
 2408 0 -0
 2407 0 -0
 2397 0 -0
 2396 0 -0
 2395 0 -0
 2394 0 -0
 2393 0 -0
 2392 0 -0
 2391 0 -0
 2398 0 -0
 2399 0 -0
 2406 0 -0
 2405 0 -0
 2404 0 -0
 2403 0 -0
 2402 0 -0
 2401 0 -0
 2400 0 -0
 2425 0 -0
 2426 0 -0
 2451 0 -0
 2450 0 -0
 2449 0 -0
 2448 0 -0
 2447 0 -0
 2446 0 -0
 2445 0 -0
 2452 0 -0
 2453 0 -0
 2460 0 -0
 2459 0 -0
 2458 0 -0
 2457 0 -0
 2456 0 -0
 2455 0 -0
 2454 0 -0
 2444 0 -0
 2443 0 -0
 2433 0 -0
 2432 0 -0
 2431 0 -0
 2430 0 -0
 2429 0 -0
 2428 0 -0
 2427 0 -0
 2434 0 -0
 2435 0 -0
 2442 0 -0
 2441 0 -0
 2440 0 -0
 2439 0 -0
 2438 0 -0
 2437 0 -0
 2436 0 -0
 2390 0 -0
 2389 0 -0
 2343 0 -0
 2342 0 -0
 2341 0 -0
 2340 0 -0
 2339 0 -0
 2338 0 -0
 2337 0 -0
 2344 0 -0
 2345 0 -0
 2352 0 -0
 2351 0 -0
 2350 0 -0
 2349 0 -0
 2348 0 -0
 2347 0 -0
 2346 0 -0
 2336 0 -0
 2335 0 -0
 2325 0 -0
 2324 0 -0
 2323 0 -0
 2322 0 -0
 2321 0 -0
 2320 0 -0
 2319 0 -0
 2326 0 -0
 2327 0 -0
 2334 0 -0
 2333 0 -0
 2332 0 -0
 2331 0 -0
 2330 0 -0
 2329 0 -0
 2328 0 -0
 2353 0 -0
 2354 0 -0
 2379 0 -0
 2378 0 -0
 2377 0 -0
 2376 0 -0
 2375 0 -0
 2374 0 -0
 2373 0 -0
 2380 0 -0
 2381 0 -0
 2388 0 -0
 2387 0 -0
 2386 0 -0
 2385 0 -0
 2384 0 -0
 2383 0 -0
 2382 0 -0
 2372 0 -0
 2371 0 -0
 2361 0 -0
 2360 0 -0
 2359 0 -0
 2358 0 -0
 2357 0 -0
 2356 0 -0
 2355 0 -0
 2362 0 -0
 2363 0 -0
 2370 0 -0
 2369 0 -0
 2368 0 -0
 2367 0 -0
 2366 0 -0
 2365 0 -0
 2364 0 -0
 2461 0 -0
 2462 0 -0
 2463 0 -0
 2560 0 -0
 2559 0 -0
 2558 0 -0
 2557 0 -0
 2556 0 -0
 2555 0 -0
 2554 0 -0
 2561 0 -0
 2562 0 -0
 2569 0 -0
 2568 0 -0
 2567 0 -0
 2566 0 -0
 2565 0 -0
 2564 0 -0
 2563 0 -0
 2553 0 -0
 2552 0 -0
 2542 0 -0
 2541 0 -0
 2540 0 -0
 2539 0 -0
 2538 0 -0
 2537 0 -0
 2536 0 -0
 2543 0 -0
 2544 0 -0
 2551 0 -0
 2550 0 -0
 2549 0 -0
 2548 0 -0
 2547 0 -0
 2546 0 -0
 2545 0 -0
 2570 0 -0
 2571 0 -0
 2596 0 -0
 2595 0 -0
 2594 0 -0
 2593 0 -0
 2592 0 -0
 2591 0 -0
 2590 0 -0
 2597 0 -0
 2598 0 -0
 2605 0 -0
 2604 0 -0
 2603 0 -0
 2602 0 -0
 2601 0 -0
 2600 0 -0
 2599 0 -0
 2589 0 -0
 2588 0 -0
 2578 0 -0
 2577 0 -0
 2576 0 -0
 2575 0 -0
 2574 0 -0
 2573 0 -0
 2572 0 -0
 2579 0 -0
 2580 0 -0
 2587 0 -0
 2586 0 -0
 2585 0 -0
 2584 0 -0
 2583 0 -0
 2582 0 -0
 2581 0 -0
 2535 0 -0
 2534 0 -0
 2488 0 -0
 2487 0 -0
 2486 0 -0
 2485 0 -0
 2484 0 -0
 2483 0 -0
 2482 0 -0
 2489 0 -0
 2490 0 -0
 2497 0 -0
 2496 0 -0
 2495 0 -0
 2494 0 -0
 2493 0 -0
 2492 0 -0
 2491 0 -0
 2481 0 -0
 2480 0 -0
 2470 0 -0
 2469 0 -0
 2468 0 -0
 2467 0 -0
 2466 0 -0
 2465 0 -0
 2464 0 -0
 2471 0 -0
 2472 0 -0
 2479 0 -0
 2478 0 -0
 2477 0 -0
 2476 0 -0
 2475 0 -0
 2474 0 -0
 2473 0 -0
 2498 0 -0
 2499 0 -0
 2524 0 -0
 2523 0 -0
 2522 0 -0
 2521 0 -0
 2520 0 -0
 2519 0 -0
 2518 0 -0
 2525 0 -0
 2526 0 -0
 2533 0 -0
 2532 0 -0
 2531 0 -0
 2530 0 -0
 2529 0 -0
 2528 0 -0
 2527 0 -0
 2517 0 -0
 2516 0 -0
 2506 0 -0
 2505 0 -0
 2504 0 -0
 2503 0 -0
 2502 0 -0
 2501 0 -0
 2500 0 -0
 2507 0 -0
 2508 0 -0
 2515 0 -0
 2514 0 -0
 2513 0 -0
 2512 0 -0
 2511 0 -0
 2510 0 -0
 2509 0 -0
 2896 0 -0
 2897 0 -0
 2898 0 -0
 3285 0 -0
 3284 0 -0
 3283 0 -0
 3282 0 -0
 3281 0 -0
 3280 0 -0
 3279 0 -0
 3286 0 -0
 3287 0 -0
 3294 0 -0
 3293 0 -0
 3292 0 -0
 3291 0 -0
 3290 0 -0
 3289 0 -0
 3288 0 -0
 3278 0 -0
 3277 0 -0
 3267 0 -0
 3266 0 -0
 3265 0 -0
 3264 0 -0
 3263 0 -0
 3262 0 -0
 3261 0 -0
 3268 0 -0
 3269 0 -0
 3276 0 -0
 3275 0 -0
 3274 0 -0
 3273 0 -0
 3272 0 -0
 3271 0 -0
 3270 0 -0
 3295 0 -0
 3296 0 -0
 3321 0 -0
 3320 0 -0
 3319 0 -0
 3318 0 -0
 3317 0 -0
 3316 0 -0
 3315 0 -0
 3322 0 -0
 3323 0 -0
 3330 0 -0
 3329 0 -0
 3328 0 -0
 3327 0 -0
 3326 0 -0
 3325 0 -0
 3324 0 -0
 3314 0 -0
 3313 0 -0
 3303 0 -0
 3302 0 -0
 3301 0 -0
 3300 0 -0
 3299 0 -0
 3298 0 -0
 3297 0 -0
 3304 0 -0
 3305 0 -0
 3312 0 -0
 3311 0 -0
 3310 0 -0
 3309 0 -0
 3308 0 -0
 3307 0 -0
 3306 0 -0
 3260 0 -0
 3259 0 -0
 3213 0 -0
 3212 0 -0
 3211 0 -0
 3210 0 -0
 3209 0 -0
 3208 0 -0
 3207 0 -0
 3214 0 -0
 3215 0 -0
 3222 0 -0
 3221 0 -0
 3220 0 -0
 3219 0 -0
 3218 0 -0
 3217 0 -0
 3216 0 -0
 3206 0 -0
 3205 0 -0
 3195 0 -0
 3194 0 -0
 3193 0 -0
 3192 0 -0
 3191 0 -0
 3190 0 -0
 3189 0 -0
 3196 0 -0
 3197 0 -0
 3204 0 -0
 3203 0 -0
 3202 0 -0
 3201 0 -0
 3200 0 -0
 3199 0 -0
 3198 0 -0
 3223 0 -0
 3224 0 -0
 3249 0 -0
 3248 0 -0
 3247 0 -0
 3246 0 -0
 3245 0 -0
 3244 0 -0
 3243 0 -0
 3250 0 -0
 3251 0 -0
 3258 0 -0
 3257 0 -0
 3256 0 -0
 3255 0 -0
 3254 0 -0
 3253 0 -0
 3252 0 -0
 3242 0 -0
 3241 0 -0
 3231 0 -0
 3230 0 -0
 3229 0 -0
 3228 0 -0
 3227 0 -0
 3226 0 -0
 3225 0 -0
 3232 0 -0
 3233 0 -0
 3240 0 -0
 3239 0 -0
 3238 0 -0
 3237 0 -0
 3236 0 -0
 3235 0 -0
 3234 0 -0
 3331 0 -0
 3332 0 -0
 3333 0 -0
 3430 0 -0
 3429 0 -0
 3428 0 -0
 3427 0 -0
 3426 0 -0
 3425 0 -0
 3424 0 -0
 3431 0 -0
 3432 0 -0
 3439 0 -0
 3438 0 -0
 3437 0 -0
 3436 0 -0
 3435 0 -0
 3434 0 -0
 3433 0 -0
 3423 0 -0
 3422 0 -0
 3412 0 -0
 3411 0 -0
 3410 0 -0
 3409 0 -0
 3408 0 -0
 3407 0 -0
 3406 0 -0
 3413 0 -0
 3414 0 -0
 3421 0 -0
 3420 0 -0
 3419 0 -0
 3418 0 -0
 3417 0 -0
 3416 0 -0
 3415 0 -0
 3440 0 -0
 3441 0 -0
 3466 0 -0
 3465 0 -0
 3464 0 -0
 3463 0 -0
 3462 0 -0
 3461 0 -0
 3460 0 -0
 3467 0 -0
 3468 0 -0
 3475 0 -0
 3474 0 -0
 3473 0 -0
 3472 0 -0
 3471 0 -0
 3470 0 -0
 3469 0 -0
 3459 0 -0
 3458 0 -0
 3448 0 -0
 3447 0 -0
 3446 0 -0
 3445 0 -0
 3444 0 -0
 3443 0 -0
 3442 0 -0
 3449 0 -0
 3450 0 -0
 3457 0 -0
 3456 0 -0
 3455 0 -0
 3454 0 -0
 3453 0 -0
 3452 0 -0
 3451 0 -0
 3405 0 -0
 3404 0 -0
 3358 0 -0
 3357 0 -0
 3356 0 -0
 3355 0 -0
 3354 0 -0
 3353 0 -0
 3352 0 -0
 3359 0 -0
 3360 0 -0
 3367 0 -0
 3366 0 -0
 3365 0 -0
 3364 0 -0
 3363 0 -0
 3362 0 -0
 3361 0 -0
 3351 0 -0
 3350 0 -0
 3340 0 -0
 3339 0 -0
 3338 0 -0
 3337 0 -0
 3336 0 -0
 3335 0 -0
 3334 0 -0
 3341 0 -0
 3342 0 -0
 3349 0 -0
 3348 0 -0
 3347 0 -0
 3346 0 -0
 3345 0 -0
 3344 0 -0
 3343 0 -0
 3368 0 -0
 3369 0 -0
 3394 0 -0
 3393 0 -0
 3392 0 -0
 3391 0 -0
 3390 0 -0
 3389 0 -0
 3388 0 -0
 3395 0 -0
 3396 0 -0
 3403 0 -0
 3402 0 -0
 3401 0 -0
 3400 0 -0
 3399 0 -0
 3398 0 -0
 3397 0 -0
 3387 0 -0
 3386 0 -0
 3376 0 -0
 3375 0 -0
 3374 0 -0
 3373 0 -0
 3372 0 -0
 3371 0 -0
 3370 0 -0
 3377 0 -0
 3378 0 -0
 3385 0 -0
 3384 0 -0
 3383 0 -0
 3382 0 -0
 3381 0 -0
 3380 0 -0
 3379 0 -0
 3188 0 -0
 3187 0 -0
 3186 0 -0
 2995 0 -0
 2994 0 -0
 2993 0 -0
 2992 0 -0
 2991 0 -0
 2990 0 -0
 2989 0 -0
 2996 0 -0
 2997 0 -0
 3004 0 -0
 3003 0 -0
 3002 0 -0
 3001 0 -0
 3000 0 -0
 2999 0 -0
 2998 0 -0
 2988 0 -0
 2987 0 -0
 2977 0 -0
 2976 0 -0
 2975 0 -0
 2974 0 -0
 2973 0 -0
 2972 0 -0
 2971 0 -0
 2978 0 -0
 2979 0 -0
 2986 0 -0
 2985 0 -0
 2984 0 -0
 2983 0 -0
 2982 0 -0
 2981 0 -0
 2980 0 -0
 3005 0 -0
 3006 0 -0
 3031 0 -0
 3030 0 -0
 3029 0 -0
 3028 0 -0
 3027 0 -0
 3026 0 -0
 3025 0 -0
 3032 0 -0
 3033 0 -0
 3040 0 -0
 3039 0 -0
 3038 0 -0
 3037 0 -0
 3036 0 -0
 3035 0 -0
 3034 0 -0
 3024 0 -0
 3023 0 -0
 3013 0 -0
 3012 0 -0
 3011 0 -0
 3010 0 -0
 3009 0 -0
 3008 0 -0
 3007 0 -0
 3014 0 -0
 3015 0 -0
 3022 0 -0
 3021 0 -0
 3020 0 -0
 3019 0 -0
 3018 0 -0
 3017 0 -0
 3016 0 -0
 2970 0 -0
 2969 0 -0
 2923 0 -0
 2922 0 -0
 2921 0 -0
 2920 0 -0
 2919 0 -0
 2918 0 -0
 2917 0 -0
 2924 0 -0
 2925 0 -0
 2932 0 -0
 2931 0 -0
 2930 0 -0
 2929 0 -0
 2928 0 -0
 2927 0 -0
 2926 0 -0
 2916 0 -0
 2915 0 -0
 2905 0 -0
 2904 0 -0
 2903 0 -0
 2902 0 -0
 2901 0 -0
 2900 0 -0
 2899 0 -0
 2906 0 -0
 2907 0 -0
 2914 0 -0
 2913 0 -0
 2912 0 -0
 2911 0 -0
 2910 0 -0
 2909 0 -0
 2908 0 -0
 2933 0 -0
 2934 0 -0
 2959 0 -0
 2958 0 -0
 2957 0 -0
 2956 0 -0
 2955 0 -0
 2954 0 -0
 2953 0 -0
 2960 0 -0
 2961 0 -0
 2968 0 -0
 2967 0 -0
 2966 0 -0
 2965 0 -0
 2964 0 -0
 2963 0 -0
 2962 0 -0
 2952 0 -0
 2951 0 -0
 2941 0 -0
 2940 0 -0
 2939 0 -0
 2938 0 -0
 2937 0 -0
 2936 0 -0
 2935 0 -0
 2942 0 -0
 2943 0 -0
 2950 0 -0
 2949 0 -0
 2948 0 -0
 2947 0 -0
 2946 0 -0
 2945 0 -0
 2944 0 -0
 3041 0 -0
 3042 0 -0
 3043 0 -0
 3140 0 -0
 3139 0 -0
 3138 0 -0
 3137 0 -0
 3136 0 -0
 3135 0 -0
 3134 0 -0
 3141 0 -0
 3142 0 -0
 3149 0 -0
 3148 0 -0
 3147 0 -0
 3146 0 -0
 3145 0 -0
 3144 0 -0
 3143 0 -0
 3133 0 -0
 3132 0 -0
 3122 0 -0
 3121 0 -0
 3120 0 -0
 3119 0 -0
 3118 0 -0
 3117 0 -0
 3116 0 -0
 3123 0 -0
 3124 0 -0
 3131 0 -0
 3130 0 -0
 3129 0 -0
 3128 0 -0
 3127 0 -0
 3126 0 -0
 3125 0 -0
 3150 0 -0
 3151 0 -0
 3176 0 -0
 3175 0 -0
 3174 0 -0
 3173 0 -0
 3172 0 -0
 3171 0 -0
 3170 0 -0
 3177 0 -0
 3178 0 -0
 3185 0 -0
 3184 0 -0
 3183 0 -0
 3182 0 -0
 3181 0 -0
 3180 0 -0
 3179 0 -0
 3169 0 -0
 3168 0 -0
 3158 0 -0
 3157 0 -0
 3156 0 -0
 3155 0 -0
 3154 0 -0
 3153 0 -0
 3152 0 -0
 3159 0 -0
 3160 0 -0
 3167 0 -0
 3166 0 -0
 3165 0 -0
 3164 0 -0
 3163 0 -0
 3162 0 -0
 3161 0 -0
 3115 0 -0
 3114 0 -0
 3068 0 -0
 3067 0 -0
 3066 0 -0
 3065 0 -0
 3064 0 -0
 3063 0 -0
 3062 0 -0
 3069 0 -0
 3070 0 -0
 3077 0 -0
 3076 0 -0
 3075 0 -0
 3074 0 -0
 3073 0 -0
 3072 0 -0
 3071 0 -0
 3061 0 -0
 3060 0 -0
 3050 0 -0
 3049 0 -0
 3048 0 -0
 3047 0 -0
 3046 0 -0
 3045 0 -0
 3044 0 -0
 3051 0 -0
 3052 0 -0
 3059 0 -0
 3058 0 -0
 3057 0 -0
 3056 0 -0
 3055 0 -0
 3054 0 -0
 3053 0 -0
 3078 0 -0
 3079 0 -0
 3104 0 -0
 3103 0 -0
 3102 0 -0
 3101 0 -0
 3100 0 -0
 3099 0 -0
 3098 0 -0
 3105 0 -0
 3106 0 -0
 3113 0 -0
 3112 0 -0
 3111 0 -0
 3110 0 -0
 3109 0 -0
 3108 0 -0
 3107 0 -0
 3097 0 -0
 3096 0 -0
 3086 0 -0
 3085 0 -0
 3084 0 -0
 3083 0 -0
 3082 0 -0
 3081 0 -0
 3080 0 -0
 3087 0 -0
 3088 0 -0
 3095 0 -0
 3094 0 -0
 3093 0 -0
 3092 0 -0
 3091 0 -0
 3090 0 -0
 3089 0 -0
 4636 0 -0
