# file incl_stom.out 
# A value >=1 indicate that the stomach sample is used in SMS. Default number is no. of hauls
##############
# Predator: 1  Fulmar     
# Quarter: 1
# Year: 
#   1981  1985  1986  1987  1990  1991
0 0 0 0 0 0
0 0 0 0 0 0
0 0 0 0 0 0
0 0 0 0 0 0
0 0 0 0 0 0
0 0 0 0 0 0
0 0 0 0 0 0
0 0 0 0 0 0
0 0 0 0 0 0
0 0 0 0 0 0
0 0 0 0 0 0
0 0 0 0 0 0
0 0 0 0 0 0
0 0 0 0 0 0
0 0 0 0 0 0
0 0 0 0 0 0
0 0 0 0 0 0
# Quarter: 2
# Year: 
#   1981  1985  1986  1987  1990  1991
     0     0     0     0     0     0 # Size: 9
     0     0     0     0     0     0 # Size: 10
     0     0     0     0     0     0 # Size: 11
     0     0     0     0     0     0 # Size: 12
     0     0     0     0     0     0 # Size: 13
     0     0     0     0     0     0 # Size: 14
     0     0     0     0     0     0 # Size: 15
     0     0     0     0     0     0 # Size: 16
     0     0     0     0     0     0 # Size: 17
     0     0     0     0     0     0 # Size: 18
     0     0     0     0     0     0 # Size: 19
     0     0     0     0     0     0 # Size: 20
     0     0     0     0     0     0 # Size: 21
     0     0     0     0     0     0 # Size: 22
     0     0     0     0     0     0 # Size: 23
     0     0     0     0     0     0 # Size: 24
     0     0     0     0     0     0 # Size: 25
# Quarter: 3
# Year: 
#   1981  1985  1986  1987  1990  1991
     0     0     0     0     0     0 # Size: 9
     0     0     0     0     0     0 # Size: 10
     0     0     0     0     0     0 # Size: 11
     0     0     0     0     0     0 # Size: 12
     0     0     0     0     0     0 # Size: 13
     0     0     0     0     0     0 # Size: 14
     0     0     0     0     0     0 # Size: 15
     0     0     0     0     0     0 # Size: 16
     0     0     0     0     0     0 # Size: 17
     0     0     0     0     0     0 # Size: 18
     0     0     0     0     0     0 # Size: 19
     0     0     0     0     0     0 # Size: 20
     0     0     0     0     0     0 # Size: 21
     0     0     0     0     0     0 # Size: 22
     0     0     0     0     0     0 # Size: 23
     0     0     0     0     0     0 # Size: 24
     0     0     0     0     0     0 # Size: 25
# Quarter: 4
# Year: 
#   1981  1985  1986  1987  1990  1991
     0     0     0     0     0     0 # Size: 9
     0     0     0     0     0     0 # Size: 10
     0     0     0     0     0     0 # Size: 11
     0     0     0     0     0     0 # Size: 12
     0     0     0     0     0     0 # Size: 13
     0     0     0     0     0     0 # Size: 14
     0     0     0     0     0     0 # Size: 15
     0     0     0     0     0     0 # Size: 16
     0     0     0     0     0     0 # Size: 17
     0     0     0     0     0     0 # Size: 18
     0     0     0     0     0     0 # Size: 19
     0     0     0     0     0     0 # Size: 20
     0     0     0     0     0     0 # Size: 21
     0     0     0     0     0     0 # Size: 22
     0     0     0     0     0     0 # Size: 23
     0     0     0     0     0     0 # Size: 24
     0     0     0     0     0     0 # Size: 25
##############
# Predator: 2  Guillemot  
# Quarter: 1
# Year: 
#   1981  1985  1986  1987  1990  1991
     0     0     0     0     0     0 # Size: 9
     0     0     0     0     0     0 # Size: 10
     0     0     0     0     0     0 # Size: 11
     0     0     0     0     0     0 # Size: 12
     0     0     0     0     0     0 # Size: 13
     0     0     0     0     0     0 # Size: 14
     0     0     0     0     0     0 # Size: 15
     0     0     0     0     0     0 # Size: 16
     0     0     0     0     0     0 # Size: 17
     0     0     0     0     0     0 # Size: 18
     0     0     0     0     0     0 # Size: 19
     0     0     0     0     0     0 # Size: 20
     0     0     0     0     0     0 # Size: 21
     0     0     0     0     0     0 # Size: 22
     0     0     0     0     0     0 # Size: 23
     0     0     0     0     0     0 # Size: 24
     0     0     0     0     0     0 # Size: 25
# Quarter: 2
# Year: 
#   1981  1985  1986  1987  1990  1991
     0     0     0     0     0     0 # Size: 9
     0     0     0     0     0     0 # Size: 10
     0     0     0     0     0     0 # Size: 11
     0     0     0     0     0     0 # Size: 12
     0     0     0     0     0     0 # Size: 13
     0     0     0     0     0     0 # Size: 14
     0     0     0     0     0     0 # Size: 15
     0     0     0     0     0     0 # Size: 16
     0     0     0     0     0     0 # Size: 17
     0     0     0     0     0     0 # Size: 18
     0     0     0     0     0     0 # Size: 19
     0     0     0     0     0     0 # Size: 20
     0     0     0     0     0     0 # Size: 21
     0     0     0     0     0     0 # Size: 22
     0     0     0     0     0     0 # Size: 23
     0     0     0     0     0     0 # Size: 24
     0     0     0     0     0     0 # Size: 25
# Quarter: 3
# Year: 
#   1981  1985  1986  1987  1990  1991
     0     0     0     0     0     0 # Size: 9
     0     0     0     0     0     0 # Size: 10
     0     0     0     0     0     0 # Size: 11
     0     0     0     0     0     0 # Size: 12
     0     0     0     0     0     0 # Size: 13
     0     0     0     0     0     0 # Size: 14
     0     0     0     0     0     0 # Size: 15
     0     0     0     0     0     0 # Size: 16
     0     0     0     0     0     0 # Size: 17
     0     0     0     0     0     0 # Size: 18
     0     0     0     0     0     0 # Size: 19
     0     0     0     0     0     0 # Size: 20
     0     0     0     0     0     0 # Size: 21
     0     0     0     0     0     0 # Size: 22
     0     0     0     0     0     0 # Size: 23
     0     0     0     0     0     0 # Size: 24
     0     0     0     0     0     0 # Size: 25
# Quarter: 4
# Year: 
#   1981  1985  1986  1987  1990  1991
     0     0     0     0     0     0 # Size: 9
     0     0     0     0     0     0 # Size: 10
     0     0     0     0     0     0 # Size: 11
     0     0     0     0     0     0 # Size: 12
     0     0     0     0     0     0 # Size: 13
     0     0     0     0     0     0 # Size: 14
     0     0     0     0     0     0 # Size: 15
     0     0     0     0     0     0 # Size: 16
     0     0     0     0     0     0 # Size: 17
     0     0     0     0     0     0 # Size: 18
     0     0     0     0     0     0 # Size: 19
     0     0     0     0     0     0 # Size: 20
     0     0     0     0     0     0 # Size: 21
     0     0     0     0     0     0 # Size: 22
     0     0     0     0     0     0 # Size: 23
     0     0     0     0     0     0 # Size: 24
     0     0     0     0     0     0 # Size: 25
##############
# Predator: 3  Her. Gull  
# Quarter: 1
# Year: 
#   1981  1985  1986  1987  1990  1991
     0     0     0     0     0     0 # Size: 9
     0     0     0     0     0     0 # Size: 10
     0     0     0     0     0     0 # Size: 11
     0     0     0     0     0     0 # Size: 12
     0     0     0     0     0     0 # Size: 13
     0     0     0     0     0     0 # Size: 14
     0     0     0     0     0     0 # Size: 15
     0     0     0     0     0     0 # Size: 16
     0     0     0     0     0     0 # Size: 17
     0     0     0     0     0     0 # Size: 18
     0     0     0     0     0     0 # Size: 19
     0     0     0     0     0     0 # Size: 20
     0     0     0     0     0     0 # Size: 21
     0     0     0     0     0     0 # Size: 22
     0     0     0     0     0     0 # Size: 23
     0     0     0     0     0     0 # Size: 24
     0     0     0     0     0     0 # Size: 25
# Quarter: 2
# Year: 
#   1981  1985  1986  1987  1990  1991
     0     0     0     0     0     0 # Size: 9
     0     0     0     0     0     0 # Size: 10
     0     0     0     0     0     0 # Size: 11
     0     0     0     0     0     0 # Size: 12
     0     0     0     0     0     0 # Size: 13
     0     0     0     0     0     0 # Size: 14
     0     0     0     0     0     0 # Size: 15
     0     0     0     0     0     0 # Size: 16
     0     0     0     0     0     0 # Size: 17
     0     0     0     0     0     0 # Size: 18
     0     0     0     0     0     0 # Size: 19
     0     0     0     0     0     0 # Size: 20
     0     0     0     0     0     0 # Size: 21
     0     0     0     0     0     0 # Size: 22
     0     0     0     0     0     0 # Size: 23
     0     0     0     0     0     0 # Size: 24
     0     0     0     0     0     0 # Size: 25
# Quarter: 3
# Year: 
#   1981  1985  1986  1987  1990  1991
     0     0     0     0     0     0 # Size: 9
     0     0     0     0     0     0 # Size: 10
     0     0     0     0     0     0 # Size: 11
     0     0     0     0     0     0 # Size: 12
     0     0     0     0     0     0 # Size: 13
     0     0     0     0     0     0 # Size: 14
     0     0     0     0     0     0 # Size: 15
     0     0     0     0     0     0 # Size: 16
     0     0     0     0     0     0 # Size: 17
     0     0     0     0     0     0 # Size: 18
     0     0     0     0     0     0 # Size: 19
     0     0     0     0     0     0 # Size: 20
     0     0     0     0     0     0 # Size: 21
     0     0     0     0     0     0 # Size: 22
     0     0     0     0     0     0 # Size: 23
     0     0     0     0     0     0 # Size: 24
     0     0     0     0     0     0 # Size: 25
# Quarter: 4
# Year: 
#   1981  1985  1986  1987  1990  1991
     0     0     0     0     0     0 # Size: 9
     0     0     0     0     0     0 # Size: 10
     0     0     0     0     0     0 # Size: 11
     0     0     0     0     0     0 # Size: 12
     0     0     0     0     0     0 # Size: 13
     0     0     0     0     0     0 # Size: 14
     0     0     0     0     0     0 # Size: 15
     0     0     0     0     0     0 # Size: 16
     0     0     0     0     0     0 # Size: 17
     0     0     0     0     0     0 # Size: 18
     0     0     0     0     0     0 # Size: 19
     0     0     0     0     0     0 # Size: 20
     0     0     0     0     0     0 # Size: 21
     0     0     0     0     0     0 # Size: 22
     0     0     0     0     0     0 # Size: 23
     0     0     0     0     0     0 # Size: 24
     0     0     0     0     0     0 # Size: 25
##############
# Predator: 4  Kittiwake  
# Quarter: 1
# Year: 
#   1981  1985  1986  1987  1990  1991
     0     0     0     0     0     0 # Size: 9
     0     0     0     0     0     0 # Size: 10
     0     0     0     0     0     0 # Size: 11
     0     0     0     0     0     0 # Size: 12
     0     0     0     0     0     0 # Size: 13
     0     0     0     0     0     0 # Size: 14
     0     0     0     0     0     0 # Size: 15
     0     0     0     0     0     0 # Size: 16
     0     0     0     0     0     0 # Size: 17
     0     0     0     0     0     0 # Size: 18
     0     0     0     0     0     0 # Size: 19
     0     0     0     0     0     0 # Size: 20
     0     0     0     0     0     0 # Size: 21
     0     0     0     0     0     0 # Size: 22
     0     0     0     0     0     0 # Size: 23
     0     0     0     0     0     0 # Size: 24
     0     0     0     0     0     0 # Size: 25
# Quarter: 2
# Year: 
#   1981  1985  1986  1987  1990  1991
     0     0     0     0     0     0 # Size: 9
     0     0     0     0     0     0 # Size: 10
     0     0     0     0     0     0 # Size: 11
     0     0     0     0     0     0 # Size: 12
     0     0     0     0     0     0 # Size: 13
     0     0     0     0     0     0 # Size: 14
     0     0     0     0     0     0 # Size: 15
     0     0     0     0     0     0 # Size: 16
     0     0     0     0     0     0 # Size: 17
     0     0     0     0     0     0 # Size: 18
     0     0     0     0     0     0 # Size: 19
     0     0     0     0     0     0 # Size: 20
     0     0     0     0     0     0 # Size: 21
     0     0     0     0     0     0 # Size: 22
     0     0     0     0     0     0 # Size: 23
     0     0     0     0     0     0 # Size: 24
     0     0     0     0     0     0 # Size: 25
# Quarter: 3
# Year: 
#   1981  1985  1986  1987  1990  1991
     0     0     0     0     0     0 # Size: 9
     0     0     0     0     0     0 # Size: 10
     0     0     0     0     0     0 # Size: 11
     0     0     0     0     0     0 # Size: 12
     0     0     0     0     0     0 # Size: 13
     0     0     0     0     0     0 # Size: 14
     0     0     0     0     0     0 # Size: 15
     0     0     0     0     0     0 # Size: 16
     0     0     0     0     0     0 # Size: 17
     0     0     0     0     0     0 # Size: 18
     0     0     0     0     0     0 # Size: 19
     0     0     0     0     0     0 # Size: 20
     0     0     0     0     0     0 # Size: 21
     0     0     0     0     0     0 # Size: 22
     0     0     0     0     0     0 # Size: 23
     0     0     0     0     0     0 # Size: 24
     0     0     0     0     0     0 # Size: 25
# Quarter: 4
# Year: 
#   1981  1985  1986  1987  1990  1991
     0     0     0     0     0     0 # Size: 9
     0     0     0     0     0     0 # Size: 10
     0     0     0     0     0     0 # Size: 11
     0     0     0     0     0     0 # Size: 12
     0     0     0     0     0     0 # Size: 13
     0     0     0     0     0     0 # Size: 14
     0     0     0     0     0     0 # Size: 15
     0     0     0     0     0     0 # Size: 16
     0     0     0     0     0     0 # Size: 17
     0     0     0     0     0     0 # Size: 18
     0     0     0     0     0     0 # Size: 19
     0     0     0     0     0     0 # Size: 20
     0     0     0     0     0     0 # Size: 21
     0     0     0     0     0     0 # Size: 22
     0     0     0     0     0     0 # Size: 23
     0     0     0     0     0     0 # Size: 24
     0     0     0     0     0     0 # Size: 25
##############
# Predator: 5  GBB. Gull  
# Quarter: 1
# Year: 
#   1981  1985  1986  1987  1990  1991
     0     0     0     0     0     0 # Size: 9
     0     0     0     0     0     0 # Size: 10
     0     0     0     0     0     0 # Size: 11
     0     0     0     0     0     0 # Size: 12
     0     0     0     0     0     0 # Size: 13
     0     0     0     0     0     0 # Size: 14
     0     0     0     0     0     0 # Size: 15
     0     0     0     0     0     0 # Size: 16
     0     0     0     0     0     0 # Size: 17
     0     0     0     0     0     0 # Size: 18
     0     0     0     0     0     0 # Size: 19
     0     0     0     0     0     0 # Size: 20
     0     0     0     0     0     0 # Size: 21
     0     0     0     0     0     0 # Size: 22
     0     0     0     0     0     0 # Size: 23
     0     0     0     0     0     0 # Size: 24
     0     0     0     0     0     0 # Size: 25
# Quarter: 2
# Year: 
#   1981  1985  1986  1987  1990  1991
     0     0     0     0     0     0 # Size: 9
     0     0     0     0     0     0 # Size: 10
     0     0     0     0     0     0 # Size: 11
     0     0     0     0     0     0 # Size: 12
     0     0     0     0     0     0 # Size: 13
     0     0     0     0     0     0 # Size: 14
     0     0     0     0     0     0 # Size: 15
     0     0     0     0     0     0 # Size: 16
     0     0     0     0     0     0 # Size: 17
     0     0     0     0     0     0 # Size: 18
     0     0     0     0     0     0 # Size: 19
     0     0     0     0     0     0 # Size: 20
     0     0     0     0     0     0 # Size: 21
     0     0     0     0     0     0 # Size: 22
     0     0     0     0     0     0 # Size: 23
     0     0     0     0     0     0 # Size: 24
     0     0     0     0     0     0 # Size: 25
# Quarter: 3
# Year: 
#   1981  1985  1986  1987  1990  1991
     0     0     0     0     0     0 # Size: 9
     0     0     0     0     0     0 # Size: 10
     0     0     0     0     0     0 # Size: 11
     0     0     0     0     0     0 # Size: 12
     0     0     0     0     0     0 # Size: 13
     0     0     0     0     0     0 # Size: 14
     0     0     0     0     0     0 # Size: 15
     0     0     0     0     0     0 # Size: 16
     0     0     0     0     0     0 # Size: 17
     0     0     0     0     0     0 # Size: 18
     0     0     0     0     0     0 # Size: 19
     0     0     0     0     0     0 # Size: 20
     0     0     0     0     0     0 # Size: 21
     0     0     0     0     0     0 # Size: 22
     0     0     0     0     0     0 # Size: 23
     0     0     0     0     0     0 # Size: 24
     0     0     0     0     0     0 # Size: 25
# Quarter: 4
# Year: 
#   1981  1985  1986  1987  1990  1991
     0     0     0     0     0     0 # Size: 9
     0     0     0     0     0     0 # Size: 10
     0     0     0     0     0     0 # Size: 11
     0     0     0     0     0     0 # Size: 12
     0     0     0     0     0     0 # Size: 13
     0     0     0     0     0     0 # Size: 14
     0     0     0     0     0     0 # Size: 15
     0     0     0     0     0     0 # Size: 16
     0     0     0     0     0     0 # Size: 17
     0     0     0     0     0     0 # Size: 18
     0     0     0     0     0     0 # Size: 19
     0     0     0     0     0     0 # Size: 20
     0     0     0     0     0     0 # Size: 21
     0     0     0     0     0     0 # Size: 22
     0     0     0     0     0     0 # Size: 23
     0     0     0     0     0     0 # Size: 24
     0     0     0     0     0     0 # Size: 25
##############
# Predator: 6  Gannet     
# Quarter: 1
# Year: 
#   1981  1985  1986  1987  1990  1991
     0     0     0     0     0     0 # Size: 9
     0     0     0     0     0     0 # Size: 10
     0     0     0     0     0     0 # Size: 11
     0     0     0     0     0     0 # Size: 12
     0     0     0     0     0     0 # Size: 13
     0     0     0     0     0     0 # Size: 14
     0     0     0     0     0     0 # Size: 15
     0     0     0     0     0     0 # Size: 16
     0     0     0     0     0     0 # Size: 17
     0     0     0     0     0     0 # Size: 18
     0     0     0     0     0     0 # Size: 19
     0     0     0     0     0     0 # Size: 20
     0     0     0     0     0     0 # Size: 21
     0     0     0     0     0     0 # Size: 22
     0     0     0     0     0     0 # Size: 23
     0     0     0     0     0     0 # Size: 24
     0     0     0     0     0     0 # Size: 25
# Quarter: 2
# Year: 
#   1981  1985  1986  1987  1990  1991
     0     0     0     0     0     0 # Size: 9
     0     0     0     0     0     0 # Size: 10
     0     0     0     0     0     0 # Size: 11
     0     0     0     0     0     0 # Size: 12
     0     0     0     0     0     0 # Size: 13
     0     0     0     0     0     0 # Size: 14
     0     0     0     0     0     0 # Size: 15
     0     0     0     0     0     0 # Size: 16
     0     0     0     0     0     0 # Size: 17
     0     0     0     0     0     0 # Size: 18
     0     0     0     0     0     0 # Size: 19
     0     0     0     0     0     0 # Size: 20
     0     0     0     0     0     0 # Size: 21
     0     0     0     0     0     0 # Size: 22
     0     0     0     0     0     0 # Size: 23
     0     0     0     0     0     0 # Size: 24
     0     0     0     0     0     0 # Size: 25
# Quarter: 3
# Year: 
#   1981  1985  1986  1987  1990  1991
     0     0     0     0     0     0 # Size: 9
     0     0     0     0     0     0 # Size: 10
     0     0     0     0     0     0 # Size: 11
     0     0     0     0     0     0 # Size: 12
     0     0     0     0     0     0 # Size: 13
     0     0     0     0     0     0 # Size: 14
     0     0     0     0     0     0 # Size: 15
     0     0     0     0     0     0 # Size: 16
     0     0     0     0     0     0 # Size: 17
     0     0     0     0     0     0 # Size: 18
     0     0     0     0     0     0 # Size: 19
     0     0     0     0     0     0 # Size: 20
     0     0     0     0     0     0 # Size: 21
     0     0     0     0     0     0 # Size: 22
     0     0     0     0     0     0 # Size: 23
     0     0     0     0     0     0 # Size: 24
     0     0     0     0     0     0 # Size: 25
# Quarter: 4
# Year: 
#   1981  1985  1986  1987  1990  1991
     0     0     0     0     0     0 # Size: 9
     0     0     0     0     0     0 # Size: 10
     0     0     0     0     0     0 # Size: 11
     0     0     0     0     0     0 # Size: 12
     0     0     0     0     0     0 # Size: 13
     0     0     0     0     0     0 # Size: 14
     0     0     0     0     0     0 # Size: 15
     0     0     0     0     0     0 # Size: 16
     0     0     0     0     0     0 # Size: 17
     0     0     0     0     0     0 # Size: 18
     0     0     0     0     0     0 # Size: 19
     0     0     0     0     0     0 # Size: 20
     0     0     0     0     0     0 # Size: 21
     0     0     0     0     0     0 # Size: 22
     0     0     0     0     0     0 # Size: 23
     0     0     0     0     0     0 # Size: 24
     0     0     0     0     0     0 # Size: 25
##############
# Predator: 7  Puffin     
# Quarter: 1
# Year: 
#   1981  1985  1986  1987  1990  1991
     0     0     0     0     0     0 # Size: 9
     0     0     0     0     0     0 # Size: 10
     0     0     0     0     0     0 # Size: 11
     0     0     0     0     0     0 # Size: 12
     0     0     0     0     0     0 # Size: 13
     0     0     0     0     0     0 # Size: 14
     0     0     0     0     0     0 # Size: 15
     0     0     0     0     0     0 # Size: 16
     0     0     0     0     0     0 # Size: 17
     0     0     0     0     0     0 # Size: 18
     0     0     0     0     0     0 # Size: 19
     0     0     0     0     0     0 # Size: 20
     0     0     0     0     0     0 # Size: 21
     0     0     0     0     0     0 # Size: 22
     0     0     0     0     0     0 # Size: 23
     0     0     0     0     0     0 # Size: 24
     0     0     0     0     0     0 # Size: 25
# Quarter: 2
# Year: 
#   1981  1985  1986  1987  1990  1991
     0     0     0     0     0     0 # Size: 9
     0     0     0     0     0     0 # Size: 10
     0     0     0     0     0     0 # Size: 11
     0     0     0     0     0     0 # Size: 12
     0     0     0     0     0     0 # Size: 13
     0     0     0     0     0     0 # Size: 14
     0     0     0     0     0     0 # Size: 15
     0     0     0     0     0     0 # Size: 16
     0     0     0     0     0     0 # Size: 17
     0     0     0     0     0     0 # Size: 18
     0     0     0     0     0     0 # Size: 19
     0     0     0     0     0     0 # Size: 20
     0     0     0     0     0     0 # Size: 21
     0     0     0     0     0     0 # Size: 22
     0     0     0     0     0     0 # Size: 23
     0     0     0     0     0     0 # Size: 24
     0     0     0     0     0     0 # Size: 25
# Quarter: 3
# Year: 
#   1981  1985  1986  1987  1990  1991
     0     0     0     0     0     0 # Size: 9
     0     0     0     0     0     0 # Size: 10
     0     0     0     0     0     0 # Size: 11
     0     0     0     0     0     0 # Size: 12
     0     0     0     0     0     0 # Size: 13
     0     0     0     0     0     0 # Size: 14
     0     0     0     0     0     0 # Size: 15
     0     0     0     0     0     0 # Size: 16
     0     0     0     0     0     0 # Size: 17
     0     0     0     0     0     0 # Size: 18
     0     0     0     0     0     0 # Size: 19
     0     0     0     0     0     0 # Size: 20
     0     0     0     0     0     0 # Size: 21
     0     0     0     0     0     0 # Size: 22
     0     0     0     0     0     0 # Size: 23
     0     0     0     0     0     0 # Size: 24
     0     0     0     0     0     0 # Size: 25
# Quarter: 4
# Year: 
#   1981  1985  1986  1987  1990  1991
     0     0     0     0     0     0 # Size: 9
     0     0     0     0     0     0 # Size: 10
     0     0     0     0     0     0 # Size: 11
     0     0     0     0     0     0 # Size: 12
     0     0     0     0     0     0 # Size: 13
     0     0     0     0     0     0 # Size: 14
     0     0     0     0     0     0 # Size: 15
     0     0     0     0     0     0 # Size: 16
     0     0     0     0     0     0 # Size: 17
     0     0     0     0     0     0 # Size: 18
     0     0     0     0     0     0 # Size: 19
     0     0     0     0     0     0 # Size: 20
     0     0     0     0     0     0 # Size: 21
     0     0     0     0     0     0 # Size: 22
     0     0     0     0     0     0 # Size: 23
     0     0     0     0     0     0 # Size: 24
     0     0     0     0     0     0 # Size: 25
##############
# Predator: 8  Razorbill  
# Quarter: 1
# Year: 
#   1981  1985  1986  1987  1990  1991
     0     0     0     0     0     0 # Size: 9
     0     0     0     0     0     0 # Size: 10
     0     0     0     0     0     0 # Size: 11
     0     0     0     0     0     0 # Size: 12
     0     0     0     0     0     0 # Size: 13
     0     0     0     0     0     0 # Size: 14
     0     0     0     0     0     0 # Size: 15
     0     0     0     0     0     0 # Size: 16
     0     0     0     0     0     0 # Size: 17
     0     0     0     0     0     0 # Size: 18
     0     0     0     0     0     0 # Size: 19
     0     0     0     0     0     0 # Size: 20
     0     0     0     0     0     0 # Size: 21
     0     0     0     0     0     0 # Size: 22
     0     0     0     0     0     0 # Size: 23
     0     0     0     0     0     0 # Size: 24
     0     0     0     0     0     0 # Size: 25
# Quarter: 2
# Year: 
#   1981  1985  1986  1987  1990  1991
     0     0     0     0     0     0 # Size: 9
     0     0     0     0     0     0 # Size: 10
     0     0     0     0     0     0 # Size: 11
     0     0     0     0     0     0 # Size: 12
     0     0     0     0     0     0 # Size: 13
     0     0     0     0     0     0 # Size: 14
     0     0     0     0     0     0 # Size: 15
     0     0     0     0     0     0 # Size: 16
     0     0     0     0     0     0 # Size: 17
     0     0     0     0     0     0 # Size: 18
     0     0     0     0     0     0 # Size: 19
     0     0     0     0     0     0 # Size: 20
     0     0     0     0     0     0 # Size: 21
     0     0     0     0     0     0 # Size: 22
     0     0     0     0     0     0 # Size: 23
     0     0     0     0     0     0 # Size: 24
     0     0     0     0     0     0 # Size: 25
# Quarter: 3
# Year: 
#   1981  1985  1986  1987  1990  1991
     0     0     0     0     0     0 # Size: 9
     0     0     0     0     0     0 # Size: 10
     0     0     0     0     0     0 # Size: 11
     0     0     0     0     0     0 # Size: 12
     0     0     0     0     0     0 # Size: 13
     0     0     0     0     0     0 # Size: 14
     0     0     0     0     0     0 # Size: 15
     0     0     0     0     0     0 # Size: 16
     0     0     0     0     0     0 # Size: 17
     0     0     0     0     0     0 # Size: 18
     0     0     0     0     0     0 # Size: 19
     0     0     0     0     0     0 # Size: 20
     0     0     0     0     0     0 # Size: 21
     0     0     0     0     0     0 # Size: 22
     0     0     0     0     0     0 # Size: 23
     0     0     0     0     0     0 # Size: 24
     0     0     0     0     0     0 # Size: 25
# Quarter: 4
# Year: 
#   1981  1985  1986  1987  1990  1991
     0     0     0     0     0     0 # Size: 9
     0     0     0     0     0     0 # Size: 10
     0     0     0     0     0     0 # Size: 11
     0     0     0     0     0     0 # Size: 12
     0     0     0     0     0     0 # Size: 13
     0     0     0     0     0     0 # Size: 14
     0     0     0     0     0     0 # Size: 15
     0     0     0     0     0     0 # Size: 16
     0     0     0     0     0     0 # Size: 17
     0     0     0     0     0     0 # Size: 18
     0     0     0     0     0     0 # Size: 19
     0     0     0     0     0     0 # Size: 20
     0     0     0     0     0     0 # Size: 21
     0     0     0     0     0     0 # Size: 22
     0     0     0     0     0     0 # Size: 23
     0     0     0     0     0     0 # Size: 24
     0     0     0     0     0     0 # Size: 25
##############
# Predator: 9  R. radiata 
# Quarter: 1
# Year: 
#   1981  1985  1986  1987  1990  1991
     0     0     0     0     0     0 # Size: 9
     0     0     0     0     0     0 # Size: 10
     0     0     0     0     0     0 # Size: 11
     0     0     0     0     0     0 # Size: 12
     0     0     0     0     0     0 # Size: 13
     0     0     0     0     0     0 # Size: 14
     0     0     0     0     0     0 # Size: 15
     0     0     0     0     0     0 # Size: 16
     0     0     0     0     0     0 # Size: 17
     0     0     0     0     0     0 # Size: 18
     0     0     0     0     0     0 # Size: 19
     0     0     0     0     0     0 # Size: 20
     0     0     0     0     0     0 # Size: 21
     0     0     0     0     0     0 # Size: 22
     0     0     0     0     0     0 # Size: 23
     0     0     0     0     0     0 # Size: 24
     0     0     0     0     0     0 # Size: 25
# Quarter: 2
# Year: 
#   1981  1985  1986  1987  1990  1991
     0     0     0     0     0     0 # Size: 9
     0     0     0     0     0     0 # Size: 10
     0     0     0     0     0     0 # Size: 11
     0     0     0     0     0     0 # Size: 12
     0     0     0     0     0     0 # Size: 13
     0     0     0     0     0     0 # Size: 14
     0     0     0     0     0     0 # Size: 15
     0     0     0     0     0     0 # Size: 16
     0     0     0     0     0     0 # Size: 17
     0     0     0     0     0     0 # Size: 18
     0     0     0     0     0     0 # Size: 19
     0     0     0     0     0     0 # Size: 20
     0     0     0     0     0     0 # Size: 21
     0     0     0     0     0     0 # Size: 22
     0     0     0     0     0     0 # Size: 23
     0     0     0     0     0     0 # Size: 24
     0     0     0     0     0     0 # Size: 25
# Quarter: 3
# Year: 
#   1981  1985  1986  1987  1990  1991
     0     0     0     0     0     0 # Size: 9
     0     0     0     0     0     0 # Size: 10
     0     0     0     0     0     0 # Size: 11
     0     0     0     0     0     0 # Size: 12
     0     0     0     0     0     0 # Size: 13
     0     0     0     0     0     0 # Size: 14
     0     0     0     0     0     0 # Size: 15
     0     0     0     0     0     0 # Size: 16
     0     0     0     0     0     0 # Size: 17
     0     0     0     0     0     0 # Size: 18
     0     0     0     0     0     0 # Size: 19
     0     0     0     0     0     0 # Size: 20
     0     0     0     0     0     0 # Size: 21
     0     0     0     0     0     0 # Size: 22
     0     0     0     0     0     0 # Size: 23
     0     0     0     0     0     0 # Size: 24
     0     0     0     0     0     0 # Size: 25
# Quarter: 4
# Year: 
#   1981  1985  1986  1987  1990  1991
     0     0     0     0     0     0 # Size: 9
     0     0     0     0     0     0 # Size: 10
     0     0     0     0     0     0 # Size: 11
     0     0     0     0     0     0 # Size: 12
     0     0     0     0     0     0 # Size: 13
     0     0     0     0     0     0 # Size: 14
     0     0     0     0     0     0 # Size: 15
     0     0     0     0     0     0 # Size: 16
     0     0     0     0     0     0 # Size: 17
     0     0     0     0     0     0 # Size: 18
     0     0     0     0     0     0 # Size: 19
     0     0     0     0     0     0 # Size: 20
     0     0     0     0     0     0 # Size: 21
     0     0     0     0     0     0 # Size: 22
     0     0     0     0     0     0 # Size: 23
     0     0     0     0     0     0 # Size: 24
     0     0     0     0     0     0 # Size: 25
##############
# Predator: 10  G. gurnards
# Quarter: 1
# Year: 
#   1981  1985  1986  1987  1990  1991
     0     0     0     0     0     0 # Size: 9
     0     0     0     0     0     0 # Size: 10
     0     0     0     0     0     0 # Size: 11
     0     0     0     0     0     0 # Size: 12
     0     0     0     0     0     0 # Size: 13
     0     0     0     0     0     0 # Size: 14
     0     0     0     0     0     0 # Size: 15
     0     0     0     0     0     0 # Size: 16
     0     0     0     0     0     0 # Size: 17
     0     0     0     0     0     0 # Size: 18
     0     0     0     0     0     0 # Size: 19
     0     0     0     0     0     0 # Size: 20
     0     0     0     0     0     0 # Size: 21
     0     0     0     0     0     0 # Size: 22
     0     0     0     0     0     0 # Size: 23
     0     0     0     0     0     0 # Size: 24
     0     0     0     0     0     0 # Size: 25
# Quarter: 2
# Year: 
#   1981  1985  1986  1987  1990  1991
     0     0     0     0     0     0 # Size: 9
     0     0     0     0     0     0 # Size: 10
     0     0     0     0     0     0 # Size: 11
     0     0     0     0     0     0 # Size: 12
     0     0     0     0     0     0 # Size: 13
     0     0     0     0     0     0 # Size: 14
     0     0     0     0     0     0 # Size: 15
     0     0     0     0     0     0 # Size: 16
     0     0     0     0     0     0 # Size: 17
     0     0     0     0     0     0 # Size: 18
     0     0     0     0     0     0 # Size: 19
     0     0     0     0     0     0 # Size: 20
     0     0     0     0     0     0 # Size: 21
     0     0     0     0     0     0 # Size: 22
     0     0     0     0     0     0 # Size: 23
     0     0     0     0     0     0 # Size: 24
     0     0     0     0     0     0 # Size: 25
# Quarter: 3
# Year: 
#   1981  1985  1986  1987  1990  1991
     0     0     0     0     0     0 # Size: 9
     0     0     0     0     0     0 # Size: 10
     0     0     0     0     0     0 # Size: 11
     0     0     0     0     0     0 # Size: 12
     0     0     0     0     0     0 # Size: 13
     0     0     0     0     0     0 # Size: 14
     0     0     0     0     0     0 # Size: 15
     0     0     0     0     0     0 # Size: 16
     0     0     0     0     0     0 # Size: 17
     0     0     0     0     0     0 # Size: 18
     0     0     0     0     0     0 # Size: 19
     0     0     0     0     0     0 # Size: 20
     0     0     0     0     0     0 # Size: 21
     0     0     0     0     0     0 # Size: 22
     0     0     0     0     0     0 # Size: 23
     0     0     0     0     0     0 # Size: 24
     0     0     0     0     0     0 # Size: 25
# Quarter: 4
# Year: 
#   1981  1985  1986  1987  1990  1991
     0     0     0     0     0     0 # Size: 9
     0     0     0     0     0     0 # Size: 10
     0     0     0     0     0     0 # Size: 11
     0     0     0     0     0     0 # Size: 12
     0     0     0     0     0     0 # Size: 13
     0     0     0     0     0     0 # Size: 14
     0     0     0     0     0     0 # Size: 15
     0     0     0     0     0     0 # Size: 16
     0     0     0     0     0     0 # Size: 17
     0     0     0     0     0     0 # Size: 18
     0     0     0     0     0     0 # Size: 19
     0     0     0     0     0     0 # Size: 20
     0     0     0     0     0     0 # Size: 21
     0     0     0     0     0     0 # Size: 22
     0     0     0     0     0     0 # Size: 23
     0     0     0     0     0     0 # Size: 24
     0     0     0     0     0     0 # Size: 25
##############
# Predator: 11  W. mackerel
# Quarter: 1
# Year: 
#   1981  1985  1986  1987  1990  1991
     0     0     0     0     0     0 # Size: 9
     0     0     0     0     0     0 # Size: 10
     0     0     0     0     0     0 # Size: 11
     0     0     0     0     0     0 # Size: 12
     0     0     0     0     0     0 # Size: 13
     0     0     0     0     0     0 # Size: 14
     0     0     0     0     0     0 # Size: 15
     0     0     0     0     0     0 # Size: 16
     0     0     0     0     0     0 # Size: 17
     0     0     0     0     0     0 # Size: 18
     0     0     0     0     0     0 # Size: 19
     0     0     0     0     0     0 # Size: 20
     0     0     0     0     0     0 # Size: 21
     0     0     0     0     0     0 # Size: 22
     0     0     0     0     0     0 # Size: 23
     0     0     0     0     0     0 # Size: 24
     0     0     0     0     0     0 # Size: 25
# Quarter: 2
# Year: 
#   1981  1985  1986  1987  1990  1991
     0     0     0     0     0     0 # Size: 9
     0     0     0     0     0     0 # Size: 10
     0     0     0     0     0     0 # Size: 11
     0     0     0     0     0     0 # Size: 12
     0     0     0     0     0     0 # Size: 13
     0     0     0     0     0     0 # Size: 14
     0     0     0     0     0     0 # Size: 15
     0     0     0     0     0     0 # Size: 16
     0     0     0     0     0     0 # Size: 17
     0     0     0     0     0     0 # Size: 18
     0     0     0     0     0     0 # Size: 19
     0     0     0     0     0     0 # Size: 20
     0     0     0     0     0     0 # Size: 21
     0     0     0     0     0     0 # Size: 22
     0     0     0     0     0     0 # Size: 23
     0     0     0     0     0     0 # Size: 24
     0     0     0     0     0     0 # Size: 25
# Quarter: 3
# Year: 
#   1981  1985  1986  1987  1990  1991
     0     0     0     0     0     0 # Size: 9
     0     0     0     0     0     0 # Size: 10
     0     0     0     0     0     0 # Size: 11
     0     0     0     0     0     0 # Size: 12
     0     0     0     0     0     0 # Size: 13
     0     0     0     0     0     0 # Size: 14
     0     0     0     0     0     0 # Size: 15
     0     0     0     0     0     0 # Size: 16
     0     0     0     0     0     0 # Size: 17
     0     0     0     0     0     0 # Size: 18
     0     0     0     0     0     0 # Size: 19
     0     0     0     0     0     0 # Size: 20
     0     0     0     0     0     0 # Size: 21
     0     0     0     0     0     0 # Size: 22
     0     0     0     0     0     0 # Size: 23
     0     0     0     0     0     0 # Size: 24
     0     0     0     0     0     0 # Size: 25
# Quarter: 4
# Year: 
#   1981  1985  1986  1987  1990  1991
     0     0     0     0     0     0 # Size: 9
     0     0     0     0     0     0 # Size: 10
     0     0     0     0     0     0 # Size: 11
     0     0     0     0     0     0 # Size: 12
     0     0     0     0     0     0 # Size: 13
     0     0     0     0     0     0 # Size: 14
     0     0     0     0     0     0 # Size: 15
     0     0     0     0     0     0 # Size: 16
     0     0     0     0     0     0 # Size: 17
     0     0     0     0     0     0 # Size: 18
     0     0     0     0     0     0 # Size: 19
     0     0     0     0     0     0 # Size: 20
     0     0     0     0     0     0 # Size: 21
     0     0     0     0     0     0 # Size: 22
     0     0     0     0     0     0 # Size: 23
     0     0     0     0     0     0 # Size: 24
     0     0     0     0     0     0 # Size: 25
##############
# Predator: 12  N. mackerel
# Quarter: 1
# Year: 
#   1981  1985  1986  1987  1990  1991
     0     0     0     0     0     0 # Size: 9
     0     0     0     0     0     0 # Size: 10
     0     0     0     0     0     0 # Size: 11
     0     0     0     0     0     0 # Size: 12
     0     0     0     0     0     0 # Size: 13
     0     0     0     0     0     0 # Size: 14
     0     0     0     0     0     0 # Size: 15
     0     0     0     0     0     0 # Size: 16
     0     0     0     0     0     0 # Size: 17
     0     0     0     0     0     0 # Size: 18
     0     0     0     0     0     0 # Size: 19
     0     0     0     0     0     0 # Size: 20
     0     0     0     0     0     0 # Size: 21
     0     0     0     0     0     0 # Size: 22
     0     0     0     0     0     0 # Size: 23
     0     0     0     0     0     0 # Size: 24
     0     0     0     0     0     0 # Size: 25
# Quarter: 2
# Year: 
#   1981  1985  1986  1987  1990  1991
     0     0     0     0     0     0 # Size: 9
     0     0     0     0     0     0 # Size: 10
     0     0     0     0     0     0 # Size: 11
     0     0     0     0     0     0 # Size: 12
     0     0     0     0     0     0 # Size: 13
     0     0     0     0     0     0 # Size: 14
     0     0     0     0     0     0 # Size: 15
     0     0     0     0     0     0 # Size: 16
     0     0     0     0     0     0 # Size: 17
     0     0     0     0     0     0 # Size: 18
     0     0     0     0     0     0 # Size: 19
     0     0     0     0     0     0 # Size: 20
     0     0     0     0     0     0 # Size: 21
     0     0     0     0     0     0 # Size: 22
     0     0     0     0     0     0 # Size: 23
     0     0     0     0     0     0 # Size: 24
     0     0     0     0     0     0 # Size: 25
# Quarter: 3
# Year: 
#   1981  1985  1986  1987  1990  1991
     0     0     0     0     0     0 # Size: 9
     0     0     0     0     0     0 # Size: 10
     0     0     0     0     0     0 # Size: 11
     0     0     0     0     0     0 # Size: 12
     0     0     0     0     0     0 # Size: 13
     0     0     0     0     0     0 # Size: 14
     0     0     0     0     0     0 # Size: 15
     0     0     0     0     0     0 # Size: 16
     0     0     0     0     0     0 # Size: 17
     0     0     0     0     0     0 # Size: 18
     0     0     0     0     0     0 # Size: 19
     0     0     0     0     0     0 # Size: 20
     0     0     0     0     0     0 # Size: 21
     0     0     0     0     0     0 # Size: 22
     0     0     0     0     0     0 # Size: 23
     0     0     0     0     0     0 # Size: 24
     0     0     0     0     0     0 # Size: 25
# Quarter: 4
# Year: 
#   1981  1985  1986  1987  1990  1991
     0     0     0     0     0     0 # Size: 9
     0     0     0     0     0     0 # Size: 10
     0     0     0     0     0     0 # Size: 11
     0     0     0     0     0     0 # Size: 12
     0     0     0     0     0     0 # Size: 13
     0     0     0     0     0     0 # Size: 14
     0     0     0     0     0     0 # Size: 15
     0     0     0     0     0     0 # Size: 16
     0     0     0     0     0     0 # Size: 17
     0     0     0     0     0     0 # Size: 18
     0     0     0     0     0     0 # Size: 19
     0     0     0     0     0     0 # Size: 20
     0     0     0     0     0     0 # Size: 21
     0     0     0     0     0     0 # Size: 22
     0     0     0     0     0     0 # Size: 23
     0     0     0     0     0     0 # Size: 24
     0     0     0     0     0     0 # Size: 25
##############
# Predator: 13  W.horse mac
# Quarter: 1
# Year: 
#   1981  1985  1986  1987  1990  1991
     0     0     0     0     0     0 # Size: 9
     0     0     0     0     0     0 # Size: 10
     0     0     0     0     0     0 # Size: 11
     0     0     0     0     0     0 # Size: 12
     0     0     0     0     0     0 # Size: 13
     0     0     0     0     0     0 # Size: 14
     0     0     0     0     0     0 # Size: 15
     0     0     0     0     0     0 # Size: 16
     0     0     0     0     0     0 # Size: 17
     0     0     0     0     0     0 # Size: 18
     0     0     0     0     0     0 # Size: 19
     0     0     0     0     0     0 # Size: 20
     0     0     0     0     0     0 # Size: 21
     0     0     0     0     0     0 # Size: 22
     0     0     0     0     0     0 # Size: 23
     0     0     0     0     0     0 # Size: 24
     0     0     0     0     0     0 # Size: 25
# Quarter: 2
# Year: 
#   1981  1985  1986  1987  1990  1991
     0     0     0     0     0     0 # Size: 9
     0     0     0     0     0     0 # Size: 10
     0     0     0     0     0     0 # Size: 11
     0     0     0     0     0     0 # Size: 12
     0     0     0     0     0     0 # Size: 13
     0     0     0     0     0     0 # Size: 14
     0     0     0     0     0     0 # Size: 15
     0     0     0     0     0     0 # Size: 16
     0     0     0     0     0     0 # Size: 17
     0     0     0     0     0     0 # Size: 18
     0     0     0     0     0     0 # Size: 19
     0     0     0     0     0     0 # Size: 20
     0     0     0     0     0     0 # Size: 21
     0     0     0     0     0     0 # Size: 22
     0     0     0     0     0     0 # Size: 23
     0     0     0     0     0     0 # Size: 24
     0     0     0     0     0     0 # Size: 25
# Quarter: 3
# Year: 
#   1981  1985  1986  1987  1990  1991
     0     0     0     0     0     0 # Size: 9
     0     0     0     0     0     0 # Size: 10
     0     0     0     0     0     0 # Size: 11
     0     0     0     0     0     0 # Size: 12
     0     0     0     0     0     0 # Size: 13
     0     0     0     0     0     0 # Size: 14
     0     0     0     0     0     0 # Size: 15
     0     0     0     0     0     0 # Size: 16
     0     0     0     0     0     0 # Size: 17
     0     0     0     0     0     0 # Size: 18
     0     0     0     0     0     0 # Size: 19
     0     0     0     0     0     0 # Size: 20
     0     0     0     0     0     0 # Size: 21
     0     0     0     0     0     0 # Size: 22
     0     0     0     0     0     0 # Size: 23
     0     0     0     0     0     0 # Size: 24
     0     0     0     0     0     0 # Size: 25
# Quarter: 4
# Year: 
#   1981  1985  1986  1987  1990  1991
     0     0     0     0     0     0 # Size: 9
     0     0     0     0     0     0 # Size: 10
     0     0     0     0     0     0 # Size: 11
     0     0     0     0     0     0 # Size: 12
     0     0     0     0     0     0 # Size: 13
     0     0     0     0     0     0 # Size: 14
     0     0     0     0     0     0 # Size: 15
     0     0     0     0     0     0 # Size: 16
     0     0     0     0     0     0 # Size: 17
     0     0     0     0     0     0 # Size: 18
     0     0     0     0     0     0 # Size: 19
     0     0     0     0     0     0 # Size: 20
     0     0     0     0     0     0 # Size: 21
     0     0     0     0     0     0 # Size: 22
     0     0     0     0     0     0 # Size: 23
     0     0     0     0     0     0 # Size: 24
     0     0     0     0     0     0 # Size: 25
##############
# Predator: 14  N.horse mac
# Quarter: 1
# Year: 
#   1981  1985  1986  1987  1990  1991
     0     0     0     0     0     0 # Size: 9
     0     0     0     0     0     0 # Size: 10
     0     0     0     0     0     0 # Size: 11
     0     0     0     0     0     0 # Size: 12
     0     0     0     0     0     0 # Size: 13
     0     0     0     0     0     0 # Size: 14
     0     0     0     0     0     0 # Size: 15
     0     0     0     0     0     0 # Size: 16
     0     0     0     0     0     0 # Size: 17
     0     0     0     0     0     0 # Size: 18
     0     0     0     0     0     0 # Size: 19
     0     0     0     0     0     0 # Size: 20
     0     0     0     0     0     0 # Size: 21
     0     0     0     0     0     0 # Size: 22
     0     0     0     0     0     0 # Size: 23
     0     0     0     0     0     0 # Size: 24
     0     0     0     0     0     0 # Size: 25
# Quarter: 2
# Year: 
#   1981  1985  1986  1987  1990  1991
     0     0     0     0     0     0 # Size: 9
     0     0     0     0     0     0 # Size: 10
     0     0     0     0     0     0 # Size: 11
     0     0     0     0     0     0 # Size: 12
     0     0     0     0     0     0 # Size: 13
     0     0     0     0     0     0 # Size: 14
     0     0     0     0     0     0 # Size: 15
     0     0     0     0     0     0 # Size: 16
     0     0     0     0     0     0 # Size: 17
     0     0     0     0     0     0 # Size: 18
     0     0     0     0     0     0 # Size: 19
     0     0     0     0     0     0 # Size: 20
     0     0     0     0     0     0 # Size: 21
     0     0     0     0     0     0 # Size: 22
     0     0     0     0     0     0 # Size: 23
     0     0     0     0     0     0 # Size: 24
     0     0     0     0     0     0 # Size: 25
# Quarter: 3
# Year: 
#   1981  1985  1986  1987  1990  1991
     0     0     0     0     0     0 # Size: 9
     0     0     0     0     0     0 # Size: 10
     0     0     0     0     0     0 # Size: 11
     0     0     0     0     0     0 # Size: 12
     0     0     0     0     0     0 # Size: 13
     0     0     0     0     0     0 # Size: 14
     0     0     0     0     0     0 # Size: 15
     0     0     0     0     0     0 # Size: 16
     0     0     0     0     0     0 # Size: 17
     0     0     0     0     0     0 # Size: 18
     0     0     0     0     0     0 # Size: 19
     0     0     0     0     0     0 # Size: 20
     0     0     0     0     0     0 # Size: 21
     0     0     0     0     0     0 # Size: 22
     0     0     0     0     0     0 # Size: 23
     0     0     0     0     0     0 # Size: 24
     0     0     0     0     0     0 # Size: 25
# Quarter: 4
# Year: 
#   1981  1985  1986  1987  1990  1991
     0     0     0     0     0     0 # Size: 9
     0     0     0     0     0     0 # Size: 10
     0     0     0     0     0     0 # Size: 11
     0     0     0     0     0     0 # Size: 12
     0     0     0     0     0     0 # Size: 13
     0     0     0     0     0     0 # Size: 14
     0     0     0     0     0     0 # Size: 15
     0     0     0     0     0     0 # Size: 16
     0     0     0     0     0     0 # Size: 17
     0     0     0     0     0     0 # Size: 18
     0     0     0     0     0     0 # Size: 19
     0     0     0     0     0     0 # Size: 20
     0     0     0     0     0     0 # Size: 21
     0     0     0     0     0     0 # Size: 22
     0     0     0     0     0     0 # Size: 23
     0     0     0     0     0     0 # Size: 24
     0     0     0     0     0     0 # Size: 25
##############
# Predator: 15  Cod        
# Quarter: 1
# Year: 
#   1981  1985  1986  1987  1990  1991
0 0 0 0 0 0
47 0 0 0 0 0
68 0 0 0 0 0
75 0 0 0 0 0
95 0 0 0 0 0
68 27 62 45 0 0
89 61 47 62 0 51
94 67 42 74 0 56
40 85 34 77 0 29
0 73 41 63 0 51
0 75 56 59 0 77
0 49 59 30 0 122
0 43 42 21 0 169
0 58 44 29 0 128
0 44 38 38 0 88
0 20 22 14 0 150
0 0 0 0 0 59
# Quarter: 2
# Year: 
#   1981  1985  1986  1987  1990  1991
     0     0     0     0     0     0 # Size: 9
     0     0     0     0     0     0 # Size: 10
     0     0     0     0     0     0 # Size: 11
     0     0     0     0     0     0 # Size: 12
     0     0     0     0     0     0 # Size: 13
     0     0     0     0     0     0 # Size: 14
     0     0     0     0     0     0 # Size: 15
     0     0     0     0     0     0 # Size: 16
     0     0     0     0     0     0 # Size: 17
     0     0     0     0     0     0 # Size: 18
     0     0     0     0     0     0 # Size: 19
     0     0     0     0     0     0 # Size: 20
     0     0     0     0     0     0 # Size: 21
     0     0     0     0     0     0 # Size: 22
     0     0     0     0     0     0 # Size: 23
     0     0     0     0     0     0 # Size: 24
     0     0     0     0     0     0 # Size: 25
# Quarter: 3
# Year: 
#   1981  1985  1986  1987  1990  1991
     0     0     0     0     0     0 # Size: 9
     0     0     0     0     0     0 # Size: 10
     0     0     0     0     0     0 # Size: 11
     0     0     0     0     0     0 # Size: 12
     0     0     0     0     0     0 # Size: 13
     0     0     0     0     0     0 # Size: 14
     0     0     0     0     0     0 # Size: 15
     0     0     0     0     0     0 # Size: 16
     0     0     0     0     0     0 # Size: 17
     0     0     0     0     0     0 # Size: 18
     0     0     0     0     0     0 # Size: 19
     0     0     0     0     0     0 # Size: 20
     0     0     0     0     0     0 # Size: 21
     0     0     0     0     0     0 # Size: 22
     0     0     0     0     0     0 # Size: 23
     0     0     0     0     0     0 # Size: 24
     0     0     0     0     0     0 # Size: 25
# Quarter: 4
# Year: 
#   1981  1985  1986  1987  1990  1991
     0     0     0     0     0     0 # Size: 9
     0     0     0     0     0     0 # Size: 10
     0     0     0     0     0     0 # Size: 11
     0     0     0     0     0     0 # Size: 12
     0     0     0     0     0     0 # Size: 13
     0     0     0     0     0     0 # Size: 14
     0     0     0     0     0     0 # Size: 15
     0     0     0     0     0     0 # Size: 16
     0     0     0     0     0     0 # Size: 17
     0     0     0     0     0     0 # Size: 18
     0     0     0     0     0     0 # Size: 19
     0     0     0     0     0     0 # Size: 20
     0     0     0     0     0     0 # Size: 21
     0     0     0     0     0     0 # Size: 22
     0     0     0     0     0     0 # Size: 23
     0     0     0     0     0     0 # Size: 24
     0     0     0     0     0     0 # Size: 25
##############
# Predator: 16  Whiting    
# Quarter: 1
# Year: 
#   1981  1985  1986  1987  1990  1991
     0     0     0     0     0     0 # Size: 9
     0     0     0     0     0     0 # Size: 10
     0     0     0     0     0     0 # Size: 11
     0     0     0     0     0     0 # Size: 12
     0     0     0     0     0     0 # Size: 13
     0     0     0     0     0     0 # Size: 14
     0     0     0     0     0     0 # Size: 15
     0     0     0     0     0     0 # Size: 16
     0     0     0     0     0     0 # Size: 17
     0     0     0     0     0     0 # Size: 18
     0     0     0     0     0     0 # Size: 19
     0     0     0     0     0     0 # Size: 20
     0     0     0     0     0     0 # Size: 21
     0     0     0     0     0     0 # Size: 22
     0     0     0     0     0     0 # Size: 23
     0     0     0     0     0     0 # Size: 24
     0     0     0     0     0     0 # Size: 25
# Quarter: 2
# Year: 
#   1981  1985  1986  1987  1990  1991
     0     0     0     0     0     0 # Size: 9
     0     0     0     0     0     0 # Size: 10
     0     0     0     0     0     0 # Size: 11
     0     0     0     0     0     0 # Size: 12
     0     0     0     0     0     0 # Size: 13
     0     0     0     0     0     0 # Size: 14
     0     0     0     0     0     0 # Size: 15
     0     0     0     0     0     0 # Size: 16
     0     0     0     0     0     0 # Size: 17
     0     0     0     0     0     0 # Size: 18
     0     0     0     0     0     0 # Size: 19
     0     0     0     0     0     0 # Size: 20
     0     0     0     0     0     0 # Size: 21
     0     0     0     0     0     0 # Size: 22
     0     0     0     0     0     0 # Size: 23
     0     0     0     0     0     0 # Size: 24
     0     0     0     0     0     0 # Size: 25
# Quarter: 3
# Year: 
#   1981  1985  1986  1987  1990  1991
     0     0     0     0     0     0 # Size: 9
     0     0     0     0     0     0 # Size: 10
     0     0     0     0     0     0 # Size: 11
     0     0     0     0     0     0 # Size: 12
     0     0     0     0     0     0 # Size: 13
     0     0     0     0     0     0 # Size: 14
     0     0     0     0     0     0 # Size: 15
     0     0     0     0     0     0 # Size: 16
     0     0     0     0     0     0 # Size: 17
     0     0     0     0     0     0 # Size: 18
     0     0     0     0     0     0 # Size: 19
     0     0     0     0     0     0 # Size: 20
     0     0     0     0     0     0 # Size: 21
     0     0     0     0     0     0 # Size: 22
     0     0     0     0     0     0 # Size: 23
     0     0     0     0     0     0 # Size: 24
     0     0     0     0     0     0 # Size: 25
# Quarter: 4
# Year: 
#   1981  1985  1986  1987  1990  1991
     0     0     0     0     0     0 # Size: 9
     0     0     0     0     0     0 # Size: 10
     0     0     0     0     0     0 # Size: 11
     0     0     0     0     0     0 # Size: 12
     0     0     0     0     0     0 # Size: 13
     0     0     0     0     0     0 # Size: 14
     0     0     0     0     0     0 # Size: 15
     0     0     0     0     0     0 # Size: 16
     0     0     0     0     0     0 # Size: 17
     0     0     0     0     0     0 # Size: 18
     0     0     0     0     0     0 # Size: 19
     0     0     0     0     0     0 # Size: 20
     0     0     0     0     0     0 # Size: 21
     0     0     0     0     0     0 # Size: 22
     0     0     0     0     0     0 # Size: 23
     0     0     0     0     0     0 # Size: 24
     0     0     0     0     0     0 # Size: 25
##############
# Predator: 17  Haddock    
# Quarter: 1
# Year: 
#   1981  1985  1986  1987  1990  1991
     0     0     0     0     0     0 # Size: 9
     0     0     0     0     0     0 # Size: 10
     0     0     0     0     0     0 # Size: 11
     0     0     0     0     0     0 # Size: 12
     0     0     0     0     0     0 # Size: 13
     0     0     0     0     0     0 # Size: 14
     0     0     0     0     0     0 # Size: 15
     0     0     0     0     0     0 # Size: 16
     0     0     0     0     0     0 # Size: 17
     0     0     0     0     0     0 # Size: 18
     0     0     0     0     0     0 # Size: 19
     0     0     0     0     0     0 # Size: 20
     0     0     0     0     0     0 # Size: 21
     0     0     0     0     0     0 # Size: 22
     0     0     0     0     0     0 # Size: 23
     0     0     0     0     0     0 # Size: 24
     0     0     0     0     0     0 # Size: 25
# Quarter: 2
# Year: 
#   1981  1985  1986  1987  1990  1991
     0     0     0     0     0     0 # Size: 9
     0     0     0     0     0     0 # Size: 10
     0     0     0     0     0     0 # Size: 11
     0     0     0     0     0     0 # Size: 12
     0     0     0     0     0     0 # Size: 13
     0     0     0     0     0     0 # Size: 14
     0     0     0     0     0     0 # Size: 15
     0     0     0     0     0     0 # Size: 16
     0     0     0     0     0     0 # Size: 17
     0     0     0     0     0     0 # Size: 18
     0     0     0     0     0     0 # Size: 19
     0     0     0     0     0     0 # Size: 20
     0     0     0     0     0     0 # Size: 21
     0     0     0     0     0     0 # Size: 22
     0     0     0     0     0     0 # Size: 23
     0     0     0     0     0     0 # Size: 24
     0     0     0     0     0     0 # Size: 25
# Quarter: 3
# Year: 
#   1981  1985  1986  1987  1990  1991
     0     0     0     0     0     0 # Size: 9
     0     0     0     0     0     0 # Size: 10
     0     0     0     0     0     0 # Size: 11
     0     0     0     0     0     0 # Size: 12
     0     0     0     0     0     0 # Size: 13
     0     0     0     0     0     0 # Size: 14
     0     0     0     0     0     0 # Size: 15
     0     0     0     0     0     0 # Size: 16
     0     0     0     0     0     0 # Size: 17
     0     0     0     0     0     0 # Size: 18
     0     0     0     0     0     0 # Size: 19
     0     0     0     0     0     0 # Size: 20
     0     0     0     0     0     0 # Size: 21
     0     0     0     0     0     0 # Size: 22
     0     0     0     0     0     0 # Size: 23
     0     0     0     0     0     0 # Size: 24
     0     0     0     0     0     0 # Size: 25
# Quarter: 4
# Year: 
#   1981  1985  1986  1987  1990  1991
     0     0     0     0     0     0 # Size: 9
     0     0     0     0     0     0 # Size: 10
     0     0     0     0     0     0 # Size: 11
     0     0     0     0     0     0 # Size: 12
     0     0     0     0     0     0 # Size: 13
     0     0     0     0     0     0 # Size: 14
     0     0     0     0     0     0 # Size: 15
     0     0     0     0     0     0 # Size: 16
     0     0     0     0     0     0 # Size: 17
     0     0     0     0     0     0 # Size: 18
     0     0     0     0     0     0 # Size: 19
     0     0     0     0     0     0 # Size: 20
     0     0     0     0     0     0 # Size: 21
     0     0     0     0     0     0 # Size: 22
     0     0     0     0     0     0 # Size: 23
     0     0     0     0     0     0 # Size: 24
     0     0     0     0     0     0 # Size: 25
##############
# Predator: 18  Saithe     
# Quarter: 1
# Year: 
#   1981  1985  1986  1987  1990  1991
     0     0     0     0     0     0 # Size: 9
     0     0     0     0     0     0 # Size: 10
     0     0     0     0     0     0 # Size: 11
     0     0     0     0     0     0 # Size: 12
     0     0     0     0     0     0 # Size: 13
     0     0     0     0     0     0 # Size: 14
     0     0     0     0     0     0 # Size: 15
     0     0     0     0     0     0 # Size: 16
     0     0     0     0     0     0 # Size: 17
     0     0     0     0     0     0 # Size: 18
     0     0     0     0     0     0 # Size: 19
     0     0     0     0     0     0 # Size: 20
     0     0     0     0     0     0 # Size: 21
     0     0     0     0     0     0 # Size: 22
     0     0     0     0     0     0 # Size: 23
     0     0     0     0     0     0 # Size: 24
     0     0     0     0     0     0 # Size: 25
# Quarter: 2
# Year: 
#   1981  1985  1986  1987  1990  1991
     0     0     0     0     0     0 # Size: 9
     0     0     0     0     0     0 # Size: 10
     0     0     0     0     0     0 # Size: 11
     0     0     0     0     0     0 # Size: 12
     0     0     0     0     0     0 # Size: 13
     0     0     0     0     0     0 # Size: 14
     0     0     0     0     0     0 # Size: 15
     0     0     0     0     0     0 # Size: 16
     0     0     0     0     0     0 # Size: 17
     0     0     0     0     0     0 # Size: 18
     0     0     0     0     0     0 # Size: 19
     0     0     0     0     0     0 # Size: 20
     0     0     0     0     0     0 # Size: 21
     0     0     0     0     0     0 # Size: 22
     0     0     0     0     0     0 # Size: 23
     0     0     0     0     0     0 # Size: 24
     0     0     0     0     0     0 # Size: 25
# Quarter: 3
# Year: 
#   1981  1985  1986  1987  1990  1991
     0     0     0     0     0     0 # Size: 9
     0     0     0     0     0     0 # Size: 10
     0     0     0     0     0     0 # Size: 11
     0     0     0     0     0     0 # Size: 12
     0     0     0     0     0     0 # Size: 13
     0     0     0     0     0     0 # Size: 14
     0     0     0     0     0     0 # Size: 15
     0     0     0     0     0     0 # Size: 16
     0     0     0     0     0     0 # Size: 17
     0     0     0     0     0     0 # Size: 18
     0     0     0     0     0     0 # Size: 19
     0     0     0     0     0     0 # Size: 20
     0     0     0     0     0     0 # Size: 21
     0     0     0     0     0     0 # Size: 22
     0     0     0     0     0     0 # Size: 23
     0     0     0     0     0     0 # Size: 24
     0     0     0     0     0     0 # Size: 25
# Quarter: 4
# Year: 
#   1981  1985  1986  1987  1990  1991
     0     0     0     0     0     0 # Size: 9
     0     0     0     0     0     0 # Size: 10
     0     0     0     0     0     0 # Size: 11
     0     0     0     0     0     0 # Size: 12
     0     0     0     0     0     0 # Size: 13
     0     0     0     0     0     0 # Size: 14
     0     0     0     0     0     0 # Size: 15
     0     0     0     0     0     0 # Size: 16
     0     0     0     0     0     0 # Size: 17
     0     0     0     0     0     0 # Size: 18
     0     0     0     0     0     0 # Size: 19
     0     0     0     0     0     0 # Size: 20
     0     0     0     0     0     0 # Size: 21
     0     0     0     0     0     0 # Size: 22
     0     0     0     0     0     0 # Size: 23
     0     0     0     0     0     0 # Size: 24
     0     0     0     0     0     0 # Size: 25
