# Table for inclusion of stomach data in likelihood. 0=no use, >=1 use data
#  Fulmar  quarter: 1 
#  1981 1985 1986 1987 1990 1991 
0 0 0 0 0 0
0 0 0 0 0 0
0 0 0 0 0 0
0 0 0 0 0 0
0 0 0 0 0 0
0 0 0 0 0 0
10 0 0 0 0 0
0 0 0 0 0 0
0 0 0 0 0 0
0 0 0 0 0 0
0 0 0 0 0 0
0 10 10 10 0 0
0 0 0 0 0 10
0 0 0 0 0 0
0 0 0 0 0 0
0 0 0 0 0 0
0 0 0 0 0 0
#  Fulmar  quarter: 2 
#  1981 1985 1986 1987 1990 1991 
0 0 0 0 0 0
0 0 0 0 0 0
0 0 0 0 0 0
0 0 0 0 0 0
0 0 0 0 0 0
0 0 0 0 0 0
10 0 0 0 0 0
0 0 0 0 0 0
0 0 0 0 0 0
0 0 0 0 0 0
0 0 0 0 0 0
0 10 10 10 0 0
0 0 0 0 0 10
0 0 0 0 0 0
0 0 0 0 0 0
0 0 0 0 0 0
0 0 0 0 0 0
#  Fulmar  quarter: 3 
#  1981 1985 1986 1987 1990 1991 
0 0 0 0 0 0
0 0 0 0 0 0
0 0 0 0 0 0
0 0 0 0 0 0
0 0 0 0 0 0
0 0 0 0 0 0
10 0 0 0 0 0
0 0 0 0 0 0
0 0 0 0 0 0
0 0 0 0 0 0
0 0 0 0 0 0
0 10 10 10 0 0
0 0 0 0 0 10
0 0 0 0 0 0
0 0 0 0 0 0
0 0 0 0 0 0
0 0 0 0 0 0
#  Fulmar  quarter: 4 
#  1981 1985 1986 1987 1990 1991 
0 0 0 0 0 0
0 0 0 0 0 0
0 0 0 0 0 0
0 0 0 0 0 0
0 0 0 0 0 0
0 0 0 0 0 0
10 0 0 0 0 0
0 0 0 0 0 0
0 0 0 0 0 0
0 0 0 0 0 0
0 0 0 0 0 0
0 10 10 10 0 0
0 0 0 0 0 10
0 0 0 0 0 0
0 0 0 0 0 0
0 0 0 0 0 0
0 0 0 0 0 0
#  Guillemot  quarter: 1 
#  1981 1985 1986 1987 1990 1991 
0 0 0 0 0 0
0 0 0 0 0 0
0 0 0 0 0 0
0 0 0 0 0 0
0 0 0 0 0 0
0 0 0 0 0 0
10 0 0 0 0 0
0 0 0 0 0 0
0 0 0 0 0 0
0 0 0 0 0 0
0 0 0 0 0 0
0 10 10 10 0 0
0 0 0 0 0 10
0 0 0 0 0 0
0 0 0 0 0 0
0 0 0 0 0 0
0 0 0 0 0 0
#  Guillemot  quarter: 2 
#  1981 1985 1986 1987 1990 1991 
0 0 0 0 0 0
0 0 0 0 0 0
0 0 0 0 0 0
0 0 0 0 0 0
0 0 0 0 0 0
0 0 0 0 0 0
10 0 0 0 0 0
0 0 0 0 0 0
0 0 0 0 0 0
0 0 0 0 0 0
0 0 0 0 0 0
0 10 10 10 0 0
0 0 0 0 0 10
0 0 0 0 0 0
0 0 0 0 0 0
0 0 0 0 0 0
0 0 0 0 0 0
#  Guillemot  quarter: 3 
#  1981 1985 1986 1987 1990 1991 
0 0 0 0 0 0
0 0 0 0 0 0
0 0 0 0 0 0
0 0 0 0 0 0
0 0 0 0 0 0
0 0 0 0 0 0
10 0 0 0 0 0
0 0 0 0 0 0
0 0 0 0 0 0
0 0 0 0 0 0
0 0 0 0 0 0
0 10 10 10 0 0
0 0 0 0 0 10
0 0 0 0 0 0
0 0 0 0 0 0
0 0 0 0 0 0
0 0 0 0 0 0
#  Guillemot  quarter: 4 
#  1981 1985 1986 1987 1990 1991 
0 0 0 0 0 0
0 0 0 0 0 0
0 0 0 0 0 0
0 0 0 0 0 0
0 0 0 0 0 0
0 0 0 0 0 0
10 0 0 0 0 0
0 0 0 0 0 0
0 0 0 0 0 0
0 0 0 0 0 0
0 0 0 0 0 0
0 10 10 10 0 0
0 0 0 0 0 10
0 0 0 0 0 0
0 0 0 0 0 0
0 0 0 0 0 0
0 0 0 0 0 0
#  Her. Gull  quarter: 1 
#  1981 1985 1986 1987 1990 1991 
0 0 0 0 0 0
0 0 0 0 0 0
0 0 0 0 0 0
0 0 0 0 0 0
0 0 0 0 0 0
0 0 0 0 0 0
10 0 0 0 0 0
0 0 0 0 0 0
0 0 0 0 0 0
0 0 0 0 0 0
0 0 0 0 0 0
0 10 10 10 0 0
0 0 0 0 0 10
0 0 0 0 0 0
0 0 0 0 0 0
0 0 0 0 0 0
0 0 0 0 0 0
#  Her. Gull  quarter: 2 
#  1981 1985 1986 1987 1990 1991 
0 0 0 0 0 0
0 0 0 0 0 0
0 0 0 0 0 0
0 0 0 0 0 0
0 0 0 0 0 0
0 0 0 0 0 0
10 0 0 0 0 0
0 0 0 0 0 0
0 0 0 0 0 0
0 0 0 0 0 0
0 0 0 0 0 0
0 10 10 10 0 0
0 0 0 0 0 10
0 0 0 0 0 0
0 0 0 0 0 0
0 0 0 0 0 0
0 0 0 0 0 0
#  Her. Gull  quarter: 3 
#  1981 1985 1986 1987 1990 1991 
0 0 0 0 0 0
0 0 0 0 0 0
0 0 0 0 0 0
0 0 0 0 0 0
0 0 0 0 0 0
0 0 0 0 0 0
10 0 0 0 0 0
0 0 0 0 0 0
0 0 0 0 0 0
0 0 0 0 0 0
0 0 0 0 0 0
0 10 10 10 0 0
0 0 0 0 0 10
0 0 0 0 0 0
0 0 0 0 0 0
0 0 0 0 0 0
0 0 0 0 0 0
#  Her. Gull  quarter: 4 
#  1981 1985 1986 1987 1990 1991 
0 0 0 0 0 0
0 0 0 0 0 0
0 0 0 0 0 0
0 0 0 0 0 0
0 0 0 0 0 0
0 0 0 0 0 0
10 0 0 0 0 0
0 0 0 0 0 0
0 0 0 0 0 0
0 0 0 0 0 0
0 0 0 0 0 0
0 10 10 10 0 0
0 0 0 0 0 10
0 0 0 0 0 0
0 0 0 0 0 0
0 0 0 0 0 0
0 0 0 0 0 0
#  Kittiwake  quarter: 1 
#  1981 1985 1986 1987 1990 1991 
0 0 0 0 0 0
0 0 0 0 0 0
0 0 0 0 0 0
0 0 0 0 0 0
0 0 0 0 0 0
0 0 0 0 0 0
10 0 0 0 0 0
0 0 0 0 0 0
0 0 0 0 0 0
0 0 0 0 0 0
0 0 0 0 0 0
0 10 10 10 0 0
0 0 0 0 0 10
0 0 0 0 0 0
0 0 0 0 0 0
0 0 0 0 0 0
0 0 0 0 0 0
#  Kittiwake  quarter: 2 
#  1981 1985 1986 1987 1990 1991 
0 0 0 0 0 0
0 0 0 0 0 0
0 0 0 0 0 0
0 0 0 0 0 0
0 0 0 0 0 0
0 0 0 0 0 0
10 0 0 0 0 0
0 0 0 0 0 0
0 0 0 0 0 0
0 0 0 0 0 0
0 0 0 0 0 0
0 10 10 10 0 0
0 0 0 0 0 10
0 0 0 0 0 0
0 0 0 0 0 0
0 0 0 0 0 0
0 0 0 0 0 0
#  Kittiwake  quarter: 3 
#  1981 1985 1986 1987 1990 1991 
0 0 0 0 0 0
0 0 0 0 0 0
0 0 0 0 0 0
0 0 0 0 0 0
0 0 0 0 0 0
0 0 0 0 0 0
10 0 0 0 0 0
0 0 0 0 0 0
0 0 0 0 0 0
0 0 0 0 0 0
0 0 0 0 0 0
0 10 10 10 0 0
0 0 0 0 0 10
0 0 0 0 0 0
0 0 0 0 0 0
0 0 0 0 0 0
0 0 0 0 0 0
#  Kittiwake  quarter: 4 
#  1981 1985 1986 1987 1990 1991 
0 0 0 0 0 0
0 0 0 0 0 0
0 0 0 0 0 0
0 0 0 0 0 0
0 0 0 0 0 0
0 0 0 0 0 0
10 0 0 0 0 0
0 0 0 0 0 0
0 0 0 0 0 0
0 0 0 0 0 0
0 0 0 0 0 0
0 10 10 10 0 0
0 0 0 0 0 10
0 0 0 0 0 0
0 0 0 0 0 0
0 0 0 0 0 0
0 0 0 0 0 0
#  GBB. Gull  quarter: 1 
#  1981 1985 1986 1987 1990 1991 
0 0 0 0 0 0
0 0 0 0 0 0
0 0 0 0 0 0
0 0 0 0 0 0
0 0 0 0 0 0
0 0 0 0 0 0
10 0 0 0 0 0
0 0 0 0 0 0
0 0 0 0 0 0
0 0 0 0 0 0
0 0 0 0 0 0
0 10 10 10 0 0
0 0 0 0 0 10
0 0 0 0 0 0
0 0 0 0 0 0
0 0 0 0 0 0
0 0 0 0 0 0
#  GBB. Gull  quarter: 2 
#  1981 1985 1986 1987 1990 1991 
0 0 0 0 0 0
0 0 0 0 0 0
0 0 0 0 0 0
0 0 0 0 0 0
0 0 0 0 0 0
0 0 0 0 0 0
10 0 0 0 0 0
0 0 0 0 0 0
0 0 0 0 0 0
0 0 0 0 0 0
0 0 0 0 0 0
0 10 10 10 0 0
0 0 0 0 0 10
0 0 0 0 0 0
0 0 0 0 0 0
0 0 0 0 0 0
0 0 0 0 0 0
#  GBB. Gull  quarter: 3 
#  1981 1985 1986 1987 1990 1991 
0 0 0 0 0 0
0 0 0 0 0 0
0 0 0 0 0 0
0 0 0 0 0 0
0 0 0 0 0 0
0 0 0 0 0 0
10 0 0 0 0 0
0 0 0 0 0 0
0 0 0 0 0 0
0 0 0 0 0 0
0 0 0 0 0 0
0 10 10 10 0 0
0 0 0 0 0 10
0 0 0 0 0 0
0 0 0 0 0 0
0 0 0 0 0 0
0 0 0 0 0 0
#  GBB. Gull  quarter: 4 
#  1981 1985 1986 1987 1990 1991 
0 0 0 0 0 0
0 0 0 0 0 0
0 0 0 0 0 0
0 0 0 0 0 0
0 0 0 0 0 0
0 0 0 0 0 0
10 0 0 0 0 0
0 0 0 0 0 0
0 0 0 0 0 0
0 0 0 0 0 0
0 0 0 0 0 0
0 10 10 10 0 0
0 0 0 0 0 10
0 0 0 0 0 0
0 0 0 0 0 0
0 0 0 0 0 0
0 0 0 0 0 0
#  Gannet  quarter: 1 
#  1981 1985 1986 1987 1990 1991 
0 0 0 0 0 0
0 0 0 0 0 0
0 0 0 0 0 0
0 0 0 0 0 0
0 0 0 0 0 0
0 0 0 0 0 0
10 0 0 0 0 0
0 0 0 0 0 0
0 0 0 0 0 0
0 0 0 0 0 0
0 0 0 0 0 0
0 10 10 10 0 0
0 0 0 0 0 10
0 0 0 0 0 0
0 0 0 0 0 0
0 0 0 0 0 0
0 0 0 0 0 0
#  Gannet  quarter: 2 
#  1981 1985 1986 1987 1990 1991 
0 0 0 0 0 0
0 0 0 0 0 0
0 0 0 0 0 0
0 0 0 0 0 0
0 0 0 0 0 0
0 0 0 0 0 0
10 0 0 0 0 0
0 0 0 0 0 0
0 0 0 0 0 0
0 0 0 0 0 0
0 0 0 0 0 0
0 10 10 10 0 0
0 0 0 0 0 10
0 0 0 0 0 0
0 0 0 0 0 0
0 0 0 0 0 0
0 0 0 0 0 0
#  Gannet  quarter: 3 
#  1981 1985 1986 1987 1990 1991 
0 0 0 0 0 0
0 0 0 0 0 0
0 0 0 0 0 0
0 0 0 0 0 0
0 0 0 0 0 0
0 0 0 0 0 0
10 0 0 0 0 0
0 0 0 0 0 0
0 0 0 0 0 0
0 0 0 0 0 0
0 0 0 0 0 0
0 10 10 10 0 0
0 0 0 0 0 10
0 0 0 0 0 0
0 0 0 0 0 0
0 0 0 0 0 0
0 0 0 0 0 0
#  Gannet  quarter: 4 
#  1981 1985 1986 1987 1990 1991 
0 0 0 0 0 0
0 0 0 0 0 0
0 0 0 0 0 0
0 0 0 0 0 0
0 0 0 0 0 0
0 0 0 0 0 0
10 0 0 0 0 0
0 0 0 0 0 0
0 0 0 0 0 0
0 0 0 0 0 0
0 0 0 0 0 0
0 10 10 10 0 0
0 0 0 0 0 10
0 0 0 0 0 0
0 0 0 0 0 0
0 0 0 0 0 0
0 0 0 0 0 0
#  Puffin  quarter: 1 
#  1981 1985 1986 1987 1990 1991 
0 0 0 0 0 0
0 0 0 0 0 0
0 0 0 0 0 0
0 0 0 0 0 0
0 0 0 0 0 0
0 0 0 0 0 0
10 0 0 0 0 0
0 0 0 0 0 0
0 0 0 0 0 0
0 0 0 0 0 0
0 0 0 0 0 0
0 10 10 10 0 0
0 0 0 0 0 10
0 0 0 0 0 0
0 0 0 0 0 0
0 0 0 0 0 0
0 0 0 0 0 0
#  Puffin  quarter: 2 
#  1981 1985 1986 1987 1990 1991 
0 0 0 0 0 0
0 0 0 0 0 0
0 0 0 0 0 0
0 0 0 0 0 0
0 0 0 0 0 0
0 0 0 0 0 0
10 0 0 0 0 0
0 0 0 0 0 0
0 0 0 0 0 0
0 0 0 0 0 0
0 0 0 0 0 0
0 10 10 10 0 0
0 0 0 0 0 10
0 0 0 0 0 0
0 0 0 0 0 0
0 0 0 0 0 0
0 0 0 0 0 0
#  Puffin  quarter: 3 
#  1981 1985 1986 1987 1990 1991 
0 0 0 0 0 0
0 0 0 0 0 0
0 0 0 0 0 0
0 0 0 0 0 0
0 0 0 0 0 0
0 0 0 0 0 0
10 0 0 0 0 0
0 0 0 0 0 0
0 0 0 0 0 0
0 0 0 0 0 0
0 0 0 0 0 0
0 10 10 10 0 0
0 0 0 0 0 10
0 0 0 0 0 0
0 0 0 0 0 0
0 0 0 0 0 0
0 0 0 0 0 0
#  Puffin  quarter: 4 
#  1981 1985 1986 1987 1990 1991 
0 0 0 0 0 0
0 0 0 0 0 0
0 0 0 0 0 0
0 0 0 0 0 0
0 0 0 0 0 0
0 0 0 0 0 0
10 0 0 0 0 0
0 0 0 0 0 0
0 0 0 0 0 0
0 0 0 0 0 0
0 0 0 0 0 0
0 10 10 10 0 0
0 0 0 0 0 10
0 0 0 0 0 0
0 0 0 0 0 0
0 0 0 0 0 0
0 0 0 0 0 0
#  Razorbill  quarter: 1 
#  1981 1985 1986 1987 1990 1991 
0 0 0 0 0 0
0 0 0 0 0 0
0 0 0 0 0 0
0 0 0 0 0 0
0 0 0 0 0 0
0 0 0 0 0 0
10 0 0 0 0 0
0 0 0 0 0 0
0 0 0 0 0 0
0 0 0 0 0 0
0 0 0 0 0 0
0 10 10 10 0 0
0 0 0 0 0 10
0 0 0 0 0 0
0 0 0 0 0 0
0 0 0 0 0 0
0 0 0 0 0 0
#  Razorbill  quarter: 2 
#  1981 1985 1986 1987 1990 1991 
0 0 0 0 0 0
0 0 0 0 0 0
0 0 0 0 0 0
0 0 0 0 0 0
0 0 0 0 0 0
0 0 0 0 0 0
10 0 0 0 0 0
0 0 0 0 0 0
0 0 0 0 0 0
0 0 0 0 0 0
0 0 0 0 0 0
0 10 10 10 0 0
0 0 0 0 0 10
0 0 0 0 0 0
0 0 0 0 0 0
0 0 0 0 0 0
0 0 0 0 0 0
#  Razorbill  quarter: 3 
#  1981 1985 1986 1987 1990 1991 
0 0 0 0 0 0
0 0 0 0 0 0
0 0 0 0 0 0
0 0 0 0 0 0
0 0 0 0 0 0
0 0 0 0 0 0
10 0 0 0 0 0
0 0 0 0 0 0
0 0 0 0 0 0
0 0 0 0 0 0
0 0 0 0 0 0
0 10 10 10 0 0
0 0 0 0 0 10
0 0 0 0 0 0
0 0 0 0 0 0
0 0 0 0 0 0
0 0 0 0 0 0
#  Razorbill  quarter: 4 
#  1981 1985 1986 1987 1990 1991 
0 0 0 0 0 0
0 0 0 0 0 0
0 0 0 0 0 0
0 0 0 0 0 0
0 0 0 0 0 0
0 0 0 0 0 0
10 0 0 0 0 0
0 0 0 0 0 0
0 0 0 0 0 0
0 0 0 0 0 0
0 0 0 0 0 0
0 10 10 10 0 0
0 0 0 0 0 10
0 0 0 0 0 0
0 0 0 0 0 0
0 0 0 0 0 0
0 0 0 0 0 0
#  R. radiata  quarter: 1 
#  1981 1985 1986 1987 1990 1991 
0 0 0 0 0 0
0 0 0 0 0 0
0 0 0 0 0 0
0 0 0 0 0 0
0 0 0 0 0 0
0 0 0 0 0 0
0 0 0 0 0 0
0 0 0 0 0 7
0 0 0 0 0 28
0 0 0 0 0 21
0 0 0 0 0 31
0 0 0 0 0 28
0 0 0 0 0 16
0 0 0 0 0 0
0 0 0 0 0 0
0 0 0 0 0 0
0 0 0 0 0 0
#  R. radiata  quarter: 2 
#  1981 1985 1986 1987 1990 1991 
0 0 0 0 0 0
0 0 0 0 0 0
0 0 0 0 0 0
0 0 0 0 0 0
0 0 0 0 0 0
0 0 0 0 0 0
0 0 0 0 0 0
0 0 0 0 0 20
0 0 0 0 0 28
0 0 0 0 0 37
0 0 0 0 0 37
0 0 0 0 0 58
0 0 0 0 0 13
0 0 0 0 0 0
0 0 0 0 0 0
0 0 0 0 0 0
0 0 0 0 0 0
#  R. radiata  quarter: 3 
#  1981 1985 1986 1987 1990 1991 
0 0 0 0 0 0
0 0 0 0 0 0
0 0 0 0 0 0
0 0 0 0 0 0
0 0 0 0 0 0
0 0 0 0 0 0
0 0 0 0 0 0
0 0 0 0 0 29
0 0 0 0 0 39
0 0 0 0 0 45
0 0 0 0 0 47
0 0 0 0 0 56
0 0 0 0 0 12
0 0 0 0 0 0
0 0 0 0 0 0
0 0 0 0 0 0
0 0 0 0 0 0
#  R. radiata  quarter: 4 
#  1981 1985 1986 1987 1990 1991 
0 0 0 0 0 0
0 0 0 0 0 0
0 0 0 0 0 0
0 0 0 0 0 0
0 0 0 0 0 0
0 0 0 0 0 0
0 0 0 0 0 0
0 0 0 0 0 9
0 0 0 0 0 22
0 0 0 0 0 24
0 0 0 0 0 30
0 0 0 0 0 0
0 0 0 0 0 0
0 0 0 0 0 0
0 0 0 0 0 0
0 0 0 0 0 0
0 0 0 0 0 0
#  G. gurnards  quarter: 1 
#  1981 1985 1986 1987 1990 1991 
0 0 0 0 0 0
0 0 0 0 0 0
0 0 0 0 0 0
0 0 0 0 0 0
0 0 0 0 0 0
0 0 0 0 0 0
0 0 0 0 0 71
0 0 0 0 0 77
0 0 0 0 0 61
0 0 0 0 0 46
0 0 0 0 0 28
0 0 0 0 0 9
0 0 0 0 0 0
0 0 0 0 0 0
0 0 0 0 0 0
0 0 0 0 0 0
0 0 0 0 0 0
#  G. gurnards  quarter: 2 
#  1981 1985 1986 1987 1990 1991 
0 0 0 0 0 0
0 0 0 0 0 0
0 0 0 0 0 0
0 0 0 0 0 0
0 0 0 0 0 0
0 0 0 0 0 0
0 0 0 0 0 188
0 0 0 0 0 196
0 0 0 0 0 134
0 0 0 0 0 84
0 0 0 0 0 46
0 0 0 0 0 7
0 0 0 0 0 0
0 0 0 0 0 0
0 0 0 0 0 0
0 0 0 0 0 0
0 0 0 0 0 0
#  G. gurnards  quarter: 3 
#  1981 1985 1986 1987 1990 1991 
0 0 0 0 0 0
0 0 0 0 0 0
0 0 0 0 0 0
0 0 0 0 0 0
0 0 0 0 0 0
0 0 0 0 0 0
0 0 0 0 0 135
0 0 0 0 0 149
0 0 0 0 0 125
0 0 0 0 0 78
0 0 0 0 0 44
0 0 0 0 0 7
0 0 0 0 0 0
0 0 0 0 0 0
0 0 0 0 0 0
0 0 0 0 0 0
0 0 0 0 0 0
#  G. gurnards  quarter: 4 
#  1981 1985 1986 1987 1990 1991 
0 0 0 0 0 0
0 0 0 0 0 0
0 0 0 0 0 0
0 0 0 0 0 0
0 0 0 0 0 0
0 0 0 0 0 0
0 0 0 0 0 51
0 0 0 0 0 51
0 0 0 0 0 44
0 0 0 0 0 27
0 0 0 0 0 15
0 0 0 0 0 7
0 0 0 0 0 0
0 0 0 0 0 0
0 0 0 0 0 0
0 0 0 0 0 0
0 0 0 0 0 0
#  W. mackerel  quarter: 1 
#  1981 1985 1986 1987 1990 1991 
0 0 0 0 0 0
0 0 0 0 0 0
0 0 0 0 0 0
0 0 0 0 0 0
0 0 0 0 0 0
0 0 0 0 0 0
0 0 0 0 0 69
0 0 0 0 0 100
0 0 0 0 0 47
0 0 0 0 0 32
0 0 0 0 0 0
0 0 0 0 0 0
0 0 0 0 0 0
0 0 0 0 0 0
0 0 0 0 0 0
0 0 0 0 0 0
0 0 0 0 0 0
#  W. mackerel  quarter: 2 
#  1981 1985 1986 1987 1990 1991 
0 0 0 0 0 0
0 0 0 0 0 0
12 0 0 0 0 0
26 0 0 0 0 0
10 0 0 0 0 0
19 0 0 0 0 0
0 0 0 0 0 0
0 0 0 0 0 100
0 0 0 0 0 100
0 0 0 0 0 100
0 0 0 0 0 60
0 0 0 0 0 13
0 0 0 0 0 0
0 0 0 0 0 0
0 0 0 0 0 0
0 0 0 0 0 0
0 0 0 0 0 0
#  W. mackerel  quarter: 3 
#  1981 1985 1986 1987 1990 1991 
0 0 0 0 0 0
0 0 0 0 0 0
12 0 0 0 0 0
78 0 0 0 0 0
49 0 0 0 0 0
19 0 0 0 0 0
0 0 0 0 0 0
0 0 0 0 0 61
0 0 0 0 0 100
0 0 0 0 0 100
0 0 0 0 0 100
0 0 0 0 0 66
0 0 0 0 0 0
0 0 0 0 0 0
0 0 0 0 0 0
0 0 0 0 0 0
0 0 0 0 0 0
#  W. mackerel  quarter: 4 
#  1981 1985 1986 1987 1990 1991 
0 0 0 0 0 0
0 0 0 0 0 0
0 0 0 0 0 0
15 0 0 0 0 0
17 0 0 0 0 0
15 0 0 0 0 0
0 0 0 0 0 18
0 0 0 0 0 21
0 0 0 0 0 100
0 0 0 0 0 100
0 0 0 0 0 100
0 0 0 0 0 11
0 0 0 0 0 0
0 0 0 0 0 0
0 0 0 0 0 0
0 0 0 0 0 0
0 0 0 0 0 0
#  N. mackerel  quarter: 1 
#  1981 1985 1986 1987 1990 1991 
0 0 0 0 0 0
0 0 0 0 0 0
0 0 0 0 0 0
0 0 0 0 0 0
0 0 0 0 0 0
0 0 0 0 0 0
0 0 0 0 0 69
0 0 0 0 0 100
0 0 0 0 0 47
0 0 0 0 0 32
0 0 0 0 0 0
0 0 0 0 0 0
0 0 0 0 0 0
0 0 0 0 0 0
0 0 0 0 0 0
0 0 0 0 0 0
0 0 0 0 0 0
#  N. mackerel  quarter: 2 
#  1981 1985 1986 1987 1990 1991 
0 0 0 0 0 0
0 0 0 0 0 0
12 0 0 0 0 0
29 0 0 0 0 0
65 0 0 0 0 0
59 0 0 0 0 0
0 0 0 0 0 0
0 0 0 0 0 100
0 0 0 0 0 100
0 0 0 0 0 100
0 0 0 0 0 100
0 0 0 0 0 98
0 0 0 0 0 0
0 0 0 0 0 0
0 0 0 0 0 0
0 0 0 0 0 0
0 0 0 0 0 0
#  N. mackerel  quarter: 3 
#  1981 1985 1986 1987 1990 1991 
0 0 0 0 0 0
0 0 0 0 0 0
12 0 0 0 0 0
89 0 0 0 0 0
100 0 0 0 0 0
76 0 0 0 0 0
0 0 0 0 0 0
0 0 0 0 0 65
0 0 0 0 0 100
0 0 0 0 0 100
0 0 0 0 0 100
0 0 0 0 0 100
0 0 0 0 0 0
0 0 0 0 0 0
0 0 0 0 0 0
0 0 0 0 0 0
0 0 0 0 0 0
#  N. mackerel  quarter: 4 
#  1981 1985 1986 1987 1990 1991 
0 0 0 0 0 0
0 0 0 0 0 0
0 0 0 0 0 0
14 0 0 0 0 0
22 0 0 0 0 0
8 0 0 0 0 0
0 0 0 0 0 13
0 0 0 0 0 20
0 0 0 0 0 96
0 0 0 0 0 100
0 0 0 0 0 100
0 0 0 0 0 23
0 0 0 0 0 0
0 0 0 0 0 0
0 0 0 0 0 0
0 0 0 0 0 0
0 0 0 0 0 0
#  W.horse mac  quarter: 1 
#  1981 1985 1986 1987 1990 1991 
0 0 0 0 0 0
0 0 0 0 0 0
0 0 0 0 0 0
0 0 0 0 0 0
0 0 0 0 0 0
0 0 0 0 0 0
0 0 0 0 0 0
0 0 0 0 0 0
0 0 0 0 0 0
0 0 0 0 0 0
0 0 0 0 0 0
0 0 0 0 0 0
0 0 0 0 0 0
0 0 0 0 0 0
0 0 0 0 0 0
0 0 0 0 0 0
0 0 0 0 0 0
#  W.horse mac  quarter: 2 
#  1981 1985 1986 1987 1990 1991 
0 0 0 0 0 0
0 0 0 0 0 0
0 0 0 0 0 0
0 0 0 0 0 0
0 0 0 0 0 0
0 0 0 0 0 0
0 0 0 0 0 0
0 0 0 0 0 0
0 0 0 0 0 0
0 0 0 0 0 0
0 0 0 0 0 0
0 0 0 0 0 0
0 0 0 0 0 0
0 0 0 0 0 0
0 0 0 0 0 0
0 0 0 0 0 0
0 0 0 0 0 0
#  W.horse mac  quarter: 3 
#  1981 1985 1986 1987 1990 1991 
0 0 0 0 0 0
0 0 0 0 0 0
0 0 0 0 0 0
0 0 0 0 0 0
0 0 0 0 0 0
0 0 0 0 0 0
0 0 0 0 0 0
0 0 0 0 0 0
0 0 0 0 0 22
0 0 0 0 0 32
0 0 0 0 0 19
0 0 0 0 0 0
0 0 0 0 0 0
0 0 0 0 0 0
0 0 0 0 0 0
0 0 0 0 0 0
0 0 0 0 0 0
#  W.horse mac  quarter: 4 
#  1981 1985 1986 1987 1990 1991 
0 0 0 0 0 0
0 0 0 0 0 0
0 0 0 0 0 0
0 0 0 0 0 0
0 0 0 0 0 0
0 0 0 0 0 0
0 0 0 0 0 0
0 0 0 0 0 0
0 0 0 0 0 21
0 0 0 0 0 28
0 0 0 0 0 14
0 0 0 0 0 0
0 0 0 0 0 0
0 0 0 0 0 0
0 0 0 0 0 0
0 0 0 0 0 0
0 0 0 0 0 0
#  N.horse mac  quarter: 1 
#  1981 1985 1986 1987 1990 1991 
0 0 0 0 0 0
0 0 0 0 0 0
0 0 0 0 0 0
0 0 0 0 0 0
0 0 0 0 0 0
0 0 0 0 0 0
0 0 0 0 0 0
0 0 0 0 0 0
0 0 0 0 0 0
0 0 0 0 0 0
0 0 0 0 0 0
0 0 0 0 0 0
0 0 0 0 0 0
0 0 0 0 0 0
0 0 0 0 0 0
0 0 0 0 0 0
0 0 0 0 0 0
#  N.horse mac  quarter: 2 
#  1981 1985 1986 1987 1990 1991 
0 0 0 0 0 0
0 0 0 0 0 0
0 0 0 0 0 0
0 0 0 0 0 0
0 0 0 0 0 5
0 0 0 0 0 0
0 0 0 0 0 12
0 0 0 0 0 31
0 0 0 0 0 43
0 0 0 0 0 46
0 0 0 0 0 26
0 0 0 0 0 0
0 0 0 0 0 0
0 0 0 0 0 0
0 0 0 0 0 0
0 0 0 0 0 0
0 0 0 0 0 0
#  N.horse mac  quarter: 3 
#  1981 1985 1986 1987 1990 1991 
0 0 0 0 0 0
0 0 0 0 0 0
0 0 0 0 0 0
0 0 0 0 0 0
0 0 0 0 0 0
0 0 0 0 0 0
0 0 0 11 0 15
0 0 0 32 0 24
0 0 0 30 0 45
0 0 0 5 0 51
0 0 0 0 0 14
0 0 0 0 0 0
0 0 0 0 0 0
0 0 0 0 0 0
0 0 0 0 0 0
0 0 0 0 0 0
0 0 0 0 0 0
#  N.horse mac  quarter: 4 
#  1981 1985 1986 1987 1990 1991 
0 0 0 0 0 0
0 0 0 0 0 0
0 0 0 0 0 0
0 0 0 0 0 0
0 0 0 0 0 0
0 0 0 0 0 0
0 0 0 0 0 0
0 0 0 0 0 8
0 0 0 0 0 32
0 0 0 0 0 41
0 0 0 0 0 11
0 0 0 0 0 0
0 0 0 0 0 0
0 0 0 0 0 0
0 0 0 0 0 0
0 0 0 0 0 0
0 0 0 0 0 0
#  Cod  quarter: 1 
#  1981 1985 1986 1987 1990 1991 
0 0 0 0 0 0
47 0 0 0 0 0
68 0 0 0 0 0
75 0 0 0 0 0
95 0 0 0 0 0
68 27 62 45 0 0
89 61 47 62 0 51
94 67 42 74 0 56
40 85 34 77 0 29
0 73 41 63 0 51
0 75 56 59 0 77
0 49 59 30 0 122
0 43 42 21 0 169
0 58 44 29 0 128
0 44 38 38 0 88
0 20 22 14 0 150
0 0 0 0 0 59
#  Cod  quarter: 2 
#  1981 1985 1986 1987 1990 1991 
0 0 0 0 0 0
25 0 0 0 0 0
43 0 0 0 0 0
50 0 0 0 0 0
74 0 0 0 0 0
58 0 0 0 0 0
64 0 0 0 8 107
44 0 0 0 9 213
13 0 0 0 5 115
0 0 0 0 0 117
0 0 0 0 6 124
0 0 0 0 0 181
0 0 0 0 0 146
0 0 0 0 0 96
0 0 0 0 0 70
0 0 0 0 0 65
0 0 0 0 0 23
#  Cod  quarter: 3 
#  1981 1985 1986 1987 1990 1991 
0 0 0 0 0 0
0 0 0 0 0 0
20 0 0 0 0 0
38 0 0 0 0 0
57 0 0 0 0 0
59 5 38 31 0 0
48 21 79 69 0 0
37 42 83 78 10 68
13 61 75 85 13 178
0 49 61 79 16 172
0 62 53 91 11 91
0 38 48 53 9 122
0 28 39 37 9 84
0 24 22 26 0 60
0 25 24 31 0 28
0 8 9 10 0 24
0 0 0 0 0 8
#  Cod  quarter: 4 
#  1981 1985 1986 1987 1990 1991 
0 0 0 0 0 0
33 0 0 0 0 0
37 0 0 0 0 0
40 0 0 0 0 0
59 0 0 0 0 0
59 0 0 0 0 0
53 0 0 0 0 88
45 0 0 0 0 47
10 0 0 0 0 44
0 0 0 0 0 107
0 0 0 0 0 92
0 0 0 0 0 85
0 0 0 0 0 60
0 0 0 0 0 55
0 0 0 0 0 45
0 0 0 0 0 28
0 0 0 0 0 8
#  Whiting  quarter: 1 
#  1981 1985 1986 1987 1990 1991 
152 0 0 0 0 0
186 0 0 0 0 0
176 0 0 0 0 0
171 0 0 0 0 0
135 87 68 91 0 45
29 94 74 104 0 109
0 104 82 85 0 137
0 93 74 71 0 146
0 74 50 52 0 145
0 42 27 29 0 121
0 22 11 7 0 50
0 0 0 0 0 22
0 0 0 0 0 0
0 0 0 0 0 0
0 0 0 0 0 0
0 0 0 0 0 0
0 0 0 0 0 0
#  Whiting  quarter: 2 
#  1981 1985 1986 1987 1990 1991 
45 0 0 0 0 0
78 0 0 0 0 0
92 0 0 0 0 0
96 0 0 0 0 0
91 0 0 0 0 26
21 0 0 0 0 71
0 0 0 0 0 221
0 0 0 0 0 279
0 0 0 0 0 273
0 0 0 0 0 223
0 0 0 0 0 92
0 0 0 0 0 33
0 0 0 0 0 0
0 0 0 0 0 0
0 0 0 0 0 0
0 0 0 0 0 0
0 0 0 0 0 0
#  Whiting  quarter: 3 
#  1981 1985 1986 1987 1990 1991 
27 0 0 0 0 0
49 0 0 0 0 0
91 0 0 0 0 0
120 0 0 0 0 0
108 25 72 33 0 104
28 59 70 75 0 100
0 94 90 96 0 129
0 107 106 106 0 202
0 90 96 80 0 225
0 43 63 50 0 179
0 16 15 14 0 82
0 0 0 0 0 15
0 0 0 0 0 0
0 0 0 0 0 0
0 0 0 0 0 0
0 0 0 0 0 0
0 0 0 0 0 0
#  Whiting  quarter: 4 
#  1981 1985 1986 1987 1990 1991 
62 0 0 0 0 0
73 0 0 0 0 0
78 0 0 0 0 0
89 0 0 0 0 0
84 0 0 0 0 103
24 0 0 0 0 115
0 0 0 0 0 165
0 0 0 0 0 165
0 0 0 0 0 184
0 0 0 0 0 165
0 0 0 0 0 95
0 0 0 0 0 26
0 0 0 0 0 0
0 0 0 0 0 0
0 0 0 0 0 0
0 0 0 0 0 0
0 0 0 0 0 0
#  Haddock  quarter: 1 
#  1981 1985 1986 1987 1990 1991 
0 0 0 0 0 0
52 0 0 0 0 0
66 0 0 0 0 0
59 0 0 0 0 0
86 0 0 0 0 0
40 0 0 0 0 0
21 0 0 0 0 113
0 0 0 0 0 79
0 0 0 0 0 76
0 0 0 0 0 86
0 0 0 0 0 82
0 0 0 0 0 58
0 0 0 0 0 17
0 0 0 0 0 0
0 0 0 0 0 0
0 0 0 0 0 0
0 0 0 0 0 0
#  Haddock  quarter: 2 
#  1981 1985 1986 1987 1990 1991 
0 0 0 0 0 0
52 0 0 0 0 0
63 0 0 0 0 0
68 0 0 0 0 0
70 0 0 0 0 0
47 0 0 0 0 0
16 0 0 0 0 102
0 0 0 0 0 134
0 0 0 0 0 119
0 0 0 0 0 122
0 0 0 0 0 128
0 0 0 0 0 89
0 0 0 0 0 29
0 0 0 0 0 0
0 0 0 0 0 0
0 0 0 0 0 0
0 0 0 0 0 0
#  Haddock  quarter: 3 
#  1981 1985 1986 1987 1990 1991 
0 0 0 0 0 0
62 0 0 0 0 0
73 0 0 0 0 0
88 0 0 0 0 0
90 0 0 0 0 0
53 0 0 0 0 0
19 0 0 0 0 117
0 0 0 0 0 176
0 0 0 0 0 199
0 0 0 0 0 189
0 0 0 0 0 125
0 0 0 0 0 101
0 0 0 0 0 30
0 0 0 0 0 0
0 0 0 0 0 0
0 0 0 0 0 0
0 0 0 0 0 0
#  Haddock  quarter: 4 
#  1981 1985 1986 1987 1990 1991 
0 0 0 0 0 0
93 0 0 0 0 0
83 0 0 0 0 0
77 0 0 0 0 0
86 0 0 0 0 0
63 0 0 0 0 0
19 0 0 0 0 157
0 0 0 0 0 77
0 0 0 0 0 93
0 0 0 0 0 83
0 0 0 0 0 64
0 0 0 0 0 58
0 0 0 0 0 27
0 0 0 0 0 0
0 0 0 0 0 0
0 0 0 0 0 0
0 0 0 0 0 0
#  Saithe  quarter: 1 
#  1981 1985 1986 1987 1990 1991 
0 0 0 0 0 0
0 0 0 0 0 0
0 0 0 0 0 0
0 0 0 0 0 0
0 0 0 0 0 0
14 0 0 0 0 0
64 0 0 0 0 0
65 0 0 0 0 0
17 0 0 0 0 0
0 0 0 0 0 21
0 0 0 0 0 24
0 0 0 0 0 56
0 0 0 0 0 29
0 0 0 0 0 17
0 0 0 0 0 13
0 0 0 0 0 8
0 0 0 0 0 0
#  Saithe  quarter: 2 
#  1981 1985 1986 1987 1990 1991 
0 0 0 0 0 0
0 0 0 0 0 0
0 0 0 0 0 0
0 0 0 0 0 0
6 0 0 0 0 0
6 0 0 0 0 0
10 0 0 0 0 0
18 0 0 0 0 0
6 0 0 0 0 0
0 0 0 0 0 9
0 0 0 0 0 32
0 0 0 0 0 45
0 0 0 0 0 38
0 0 0 0 0 30
0 0 0 0 0 21
0 0 0 0 0 24
0 0 0 0 0 10
#  Saithe  quarter: 3 
#  1981 1985 1986 1987 1990 1991 
0 0 0 0 0 0
0 0 0 0 0 0
0 0 0 0 0 0
0 0 0 0 0 0
15 0 0 0 0 0
37 0 0 0 0 0
39 0 0 0 0 0
37 0 0 0 0 0
0 0 76 16 0 0
0 0 0 0 0 0
0 0 60 40 0 0
0 0 73 66 0 25
0 0 0 0 0 18
0 0 42 25 0 9
0 0 0 0 0 6
0 0 0 0 0 10
0 0 0 0 0 0
#  Saithe  quarter: 4 
#  1981 1985 1986 1987 1990 1991 
0 0 0 0 0 0
0 0 0 0 0 0
0 0 0 0 0 0
0 0 0 0 0 0
0 0 0 0 0 0
7 0 0 0 0 0
20 0 0 0 0 0
24 0 0 0 0 0
0 0 0 0 0 0
0 0 0 0 0 0
0 0 0 0 0 17
0 0 0 0 0 45
0 0 0 0 0 30
0 0 0 0 0 15
0 0 0 0 0 8
0 0 0 0 0 8
0 0 0 0 0 5
