# Number of parameters = 1286  Objective function value = -2865.36  Maximum gradient component = 55.8387
# log_rec:
 0.979036 1.06957 1.36696 1.30451 0.473454 0.491495 1.59724 1.90262 0.535236 0.867303 0.767245 1.42199 0.926128 1.82973 1.27705 1.32256 1.81871 0.883633 1.48656 0.969080 1.53264 0.269582 1.67402 0.839111 0.543622 1.02713 0.211654 0.291364 0.935948 0.387475 1.07627 0.643564 0.358439 1.16252 -0.441138 0.188322 0.820142 -0.189750 -0.0718649 -0.680771 -0.253842 -0.635330 0.246130 -0.576526 -0.454262 -0.424541 0.117670 -0.460990
 0.549287 1.06186 0.926220 1.28961 2.35583 -0.503237 0.515262 0.882524 1.56731 1.78785 0.960311 1.81480 1.73665 1.40944 1.58052 1.71282 1.82477 0.654699 0.496021 0.345432 1.02937 0.656869 1.42486 1.45741 0.892337 1.78926 0.858325 0.895211 0.775482 1.04524 0.970926 0.758707 0.364145 -0.0350271 0.349061 0.891519 0.991703 0.675835 0.419975 -0.850397 -0.845178 -0.474449 -0.534075 -0.506746 0.396171 0.285456 0.141359 -0.00929965
 -0.915935 -1.02648 -0.411224 1.76528 3.95694 0.728757 0.0598693 1.99912 2.34917 0.658459 1.76758 2.72114 0.104949 0.331191 0.912921 1.51956 2.18643 0.750503 1.37005 0.866317 2.01509 0.453624 0.758178 1.64906 -0.696383 -0.364518 -0.233592 1.07837 1.11646 1.66149 0.503554 2.10081 0.806488 0.966567 0.388052 -0.0562866 2.83086 1.06392 -1.29052 -0.923786 -0.788058 -0.925598 1.57880 -0.0725300 -0.590561 -0.661876 1.27531 -1.49680
 -0.313825 -0.289940 -0.553539 0.431336 0.637034 0.652861 -0.139816 -0.311667 -0.527425 -0.241404 0.322421 -0.305158 -0.793845 -0.443839 -0.703352 0.113550 -0.123743 -0.253248 -0.378368 -0.172525 0.370356 -0.135186 -0.289988 -0.860281 -0.947100 -0.565691 -0.705653 -0.456891 -0.670420 0.396462 -0.363249 -0.0418934 -0.893528 -0.140926 -0.526129 0.270964 0.315306 -0.190702 -0.357502 0.123896 -1.18923 -0.272451 -0.738258 -1.07216 -0.617019 -0.260217 -0.260014 -0.259737
 0.870811 1.22678 0.581583 0.308006 0.919635 0.884860 0.341377 0.584412 0.567990 0.0818989 -0.803185 -0.164750 -1.45133 -1.86875 -1.28313 -1.35309 -0.559146 0.00634855 0.499199 0.987211 0.958733 0.924150 1.56727 1.77630 1.32949 0.742075 0.573150 0.626916 0.679769 1.11573 1.09235 0.799444 0.740899 0.973192 0.305481 0.217529 1.30742 0.666280 1.61979 0.549423 -0.00500110 0.233905 -0.132018 0.111961 0.442270 0.358954 0.845941 0.692106
 -0.476723 -0.431555 -0.329761 -0.262238 -0.299546 -0.232304 -0.369644 0.811230 -0.343322 0.386584 0.399360 0.789852 0.345616 0.867634 1.04979 0.727148 0.807529 0.143294 1.32336 -0.122897 1.46594 0.516235 1.71495 0.792635 0.0757636 1.08126 0.580356 1.11044 1.18788 0.476597 1.08991 1.27281 0.509130 2.18168 0.314235 0.208770 0.760475 0.660044 1.19118 -1.12698 0.284420 -0.205749 0.458341 0.0512060 0.834454 -0.0715691 1.66056 -0.123877
 -0.341842 -0.229293 0.272724 0.898366 1.03666 0.712290 0.979660 1.23227 1.35577 0.807151 3.21622 1.60306 1.62672 1.65530 0.740573 1.10906 1.48957 0.397936 1.39135 1.03630 1.46202 0.823054 0.715108 1.09159 -1.60955 0.811303 0.452747 0.972888 1.70610 1.03077 0.729984 1.86804 0.257938 2.13940 0.0927289 1.23509 1.98838 0.352878 0.603545 0.218745 -0.209749 -0.273109 1.07147 0.340310 0.910884 1.74230 1.56499 -0.571264
 -0.00271631 -0.00271631 -0.00271631 -0.00271631 -0.00271631 -0.00271631 -0.00271631 0.415429 0.495411 1.46066 1.79907 1.09759 1.71007 0.674315 0.733359 1.09512 0.468825 0.228723 -0.411196 -1.05731 -0.409659 -1.43654 -1.88649 -0.450110 -1.43188 -0.698218 -1.23482 -0.632410 0.0682011 0.176145 1.05585 0.168391 -0.918004 -0.147939 -0.0389920 0.424392 0.0857305 -0.275617 -0.135954 -0.205401 -0.445988 0.528875 -0.416175 -0.450377 -0.443685 0.570808 -0.251945 -0.330035
 0.155991 -1.06268 -1.22211 -1.59027 -1.65238 -1.23026 -1.26525 -1.65555 -1.75098 -0.433803 -0.692203 -1.07428 -1.30801 -0.954309 -1.11832 -1.09467 -0.828348 -0.902037 -0.192382 -0.578342 -0.616733 -0.349273 0.530417 -0.246250 -0.240084 -0.567998 -0.668259 -0.730721 -0.853249 -1.37241 -1.43040 -0.867469 -0.953809 0.308543 -0.688357 -0.895995 -0.713474 -1.21666 -0.160388 -1.51618 -0.732120 -1.18452 -1.14555 -0.759818 -0.862088 -0.804199 -1.00798 -1.01683
 0.824493 -0.690691 -1.75556 -1.30394 -1.02339 -1.45050 -0.643299 -1.77589 -1.08633 -0.686208 -0.819818 -1.58228 -0.759553 -0.551990 -1.53521 -2.76341 -0.460595 -0.387042 -0.478406 -0.446033 -1.09520 -0.899714 -0.468973 -1.18273 0.794240 -0.698170 -0.0383446 -1.06116 0.512044 -1.15674 -1.48496 -0.916408 -1.35161 0.0755235 -0.690598 -1.10519 -0.765567 -1.38881 -0.251866 -1.07986 -1.57874 -1.49799 0.0971682 -1.14590 -0.854554 -0.649472 -0.207848 -0.839684
# log_rec_older:
 -1.05000 -1.68354 -3.34988 -4.18533 -4.58697 -5.52405 -7.27132 -6.51463 -9.39185 -10.1941
 1.08069 -0.912442 -2.91058 -3.96270 -5.27665 -6.97010 -12.3995 -9.33439
 2.40937 -1.72917 -4.05433 -4.72706 -5.77343 -7.68576 -7.84466 -8.26920 -10.2934 -11.3662
 -0.228478 -1.65820 -1.70187 -2.81370 -3.55482 -4.40858 -5.29264 -5.92355 -6.64795 -7.55829
 -0.0753840 -0.384658 -3.19818 -3.14004 -3.65640 -2.39434 -2.53440
 -1.35779 -2.86880 -4.15560 -5.01585
 -0.907430 -3.07477 -5.90433
 -0.172148 -1.26466 -2.62567
 -1.25923 -1.55078 -1.56734 -2.17411 -2.50414 -3.16951 -3.96263 -4.47107 -4.34071 -3.40359
 -3.16050 -3.14799 -1.52715 -2.42162 -0.533456 -2.42345 -2.56773 -3.40600 -3.11047 -2.39517
# F_y_ini:
 1.03566 1.12794 1.28421 1.26974 1.42349 1.20296 1.28053 1.60079 1.78312 1.61381 1.59439 1.61459 1.79310 1.81576 1.94533 1.53646 1.77549 1.85552 2.08637 2.05738 1.88844 1.94321 2.01486 2.01414 2.08329 2.03842 2.03881 1.87610 1.71666 1.01179 0.983579 1.10813 1.13455 1.03367 1.24673 1.18531 1.10174 1.24100 0.973438 1.14875 1.02614 0.936058 0.825745 0.818327 0.814922 0.732416 0.671507
 0.742214 0.693172 1.33000 0.925613 0.912381 0.861012 1.00932 0.612631 1.03268 1.09599 0.981501 1.04480 1.13018 1.04528 0.930982 0.788922 0.988024 0.983808 0.780753 0.883418 1.01090 0.954512 1.05512 1.09591 0.864962 1.05704 0.940158 1.01179 0.776200 1.09840 1.05715 0.935906 0.998583 0.793380 0.665376 0.757010 1.02414 0.918324 0.723499 0.560401 0.541111 0.485569 0.580816 0.579849 0.506567 0.323013 0.260727
 1.09632 0.973047 0.974488 0.933968 0.722084 1.30308 1.27392 1.02904 1.30779 1.08239 1.05652 1.36475 1.24181 1.27024 1.35568 1.20288 1.16496 0.977290 0.908416 1.20241 1.19745 1.01179 1.24629 1.25028 1.20028 1.02566 1.24668 1.22708 1.04780 1.17835 1.17444 0.923372 1.09210 0.895094 0.886845 1.22912 1.32435 0.926648 0.592320 0.407820 0.441812 0.532862 0.940249 0.740302 0.382604 0.303915 0.282012
 2.04911 0.895466 1.23500 1.18598 0.619550 1.05181 0.912165 1.09500 1.22847 1.16173 1.45621 1.77138 1.77099 2.28975 1.34463 1.37979 1.65519 1.76843 1.64725 2.43870 1.95638 1.88386 2.39313 2.22901 2.37798 2.19844 1.95917 1.91568 1.01179 1.64306 1.15841 1.57346 1.35484 0.985692 0.958485 1.32261 0.985928 0.712314 1.03788 0.933687 0.820419 0.847776 1.03127 0.790249 0.932010 1.42761 1.11754
 1.62034 2.94803 2.70747 3.48077 5.34957 3.97893 4.27592 5.35516 2.81300 4.42040 4.25102 6.44745 4.88582 2.09099 1.01179 1.44299 3.62183 7.22001 4.79038 1.01179 1.23268 1.66296 1.56788 1.54989 1.69137 1.52415 1.26666 1.30530 1.61670 2.31378 2.22818 2.32477 1.14010 0.889635 1.01179 0.737634 0.786098 0.668459 0.576500 0.655677 0.704567 0.946518 0.786527 0.719772 0.494282 0.251347 0.250350
 0.801317 0.760261 0.750419 0.942609 1.02798 0.559094 0.880177 0.514725 0.276050 0.328760 0.572365 0.635931 0.736903 0.992603 0.968859 1.10090 1.20221 1.20994 1.01179 0.618777 0.890384 1.58806 0.415149 0.342909 0.933375 0.829704 0.818162 0.733402 0.477348 0.523012 0.665919 0.450826 0.661531 0.501845 0.678633 0.697420 0.812216 1.14790 0.597622 1.11122 0.967413 1.01179 0.918494 0.542224 0.596056 0.578573 0.252944
 0.580525 0.297807 0.200232 0.422177 1.10752 0.361471 0.512740 0.549004 0.805609 0.713232 1.65645 0.916643 0.664798 0.430460 0.486847 0.487637 0.564300 0.658725 1.01179 0.764013 0.974207 1.32897 1.31047 1.24420 0.501473 0.364238 0.616200 0.584202 0.543150 0.577465 0.512069 0.246494 0.229862 0.224774 0.216304 0.179230 0.213278 0.140314 0.151034 0.0985846 0.0533433 1.01179 0.131324 1.01179 0.0288597 0.0406774 0.131397
 0.733343 0.594501 0.692024 0.414110 0.453238 0.369784 0.272253 0.499706 0.671550 1.01179 0.961777 2.06514 2.99294 1.78977 2.70960 3.43835 3.71083 3.49789 3.61234 4.10016 4.63489 2.09358 1.17878 2.94764 1.83075 4.28239 1.01179 1.42781 1.46237 2.02532 1.74799 2.42151 2.11627 1.26132 2.23038 1.80800 2.37541 3.90888 2.76823 4.36310 4.16865 1.38682 3.43868 1.71885 2.37894 0.584155 2.49224
 1.01409 0.927744 0.977150 0.926839 0.807610 0.868344 1.06714 1.00560 1.05412 1.12816 1.19793 1.36644 1.09830 1.20022 1.09734 1.61703 1.28186 1.30537 1.44993 1.41778 1.44142 1.31241 1.59469 1.57690 1.66993 1.56625 1.01179 1.23185 1.32067 1.28179 1.32881 1.18171 1.36842 1.51527 1.46745 1.45736 1.11904 1.54322 1.47405 1.46289 1.07038 1.14409 0.981451 0.740451 0.549289 0.410503 0.363463
 0.582944 0.630640 0.569349 0.770851 0.824435 1.02803 0.868681 1.06037 0.881909 1.09085 1.09784 1.06423 0.970058 0.869897 1.10020 1.06291 1.07947 1.07061 1.20988 1.13549 1.29116 1.23169 1.38646 1.11368 1.12036 0.936648 1.01179 1.11203 1.10239 1.21360 1.27027 1.17897 1.66916 1.40564 1.48685 1.35880 1.55725 1.34188 1.21918 1.16943 1.10370 1.22310 0.936604 0.875581 0.670291 0.675943 0.573631
# F_y_spline:










# log_F_a_ini:
 -0.501738 -0.107535
 -1.10826 -0.287526
 -1.50844 -0.612371
 -1.67671 -0.713346
 -1.83864 -0.775101
 -1.82546 -0.923496
 -1.97639 -0.978185
 -3.06424 -5.12645
 -1.23699 -1.24729
 -0.665751 -0.642782
 -0.379528 -0.551567
 -0.245197 -0.279890
 -0.170019 -0.147524
 0.0283053 -0.0940448
 0.0340440 0.00510153
 -3.50658 -4.69013
 -1.74434 -1.89302
 -0.787614 -0.766679
 -0.450711 -0.263855
 -0.461784 -0.245077
 -0.458463 -0.326057
 -0.499604 -0.409569
 -0.618556 -0.546427
 -1.86826 -2.13288
 -1.58234 -1.68044
 -1.60809 -1.18750
 -1.70963 -1.37157
 -1.81695 -1.29707
 -1.96427 -1.28124
 -5.60052 -4.54063 -3.33763 -3.70607
 -2.13120 -2.10631 -1.43955 -2.04801
 -1.38652 -2.42217 -1.08348 -1.12296
 -1.12586 -2.21510 -0.941481 -0.688832
 -1.32954 -2.38271 -0.865526 -0.444569
 -1.35963 -2.99491 -0.781078 -0.0398035
 -3.26005 -3.59998 -6.98160
 -1.86731 -1.36802 -1.53036
 -1.13469 -0.790294 -1.13673
 -1.28377 -0.584097 -1.47370
 -1.72737 -2.31993
 -0.306326 -0.464278
 0.140218 0.412152
 -0.846144 -1.18082 -0.595565
 -0.577687 -0.0977991 0.0211375
 -1.26731 -1.24669
 -1.20571 -0.903427
 -1.08225 -0.825656
 -1.03662 -0.739132
 -1.07592 -0.752628
 -1.17014 -0.803981
 -1.40134 -0.979127
 -1.77485 -1.94377
 -0.718525 -1.02005
 -0.695897 -0.773976
 -0.819132 -0.737484
 -0.968390 -0.810273
 -1.22902 -0.946898
# qq_ini:
 0.711625
 0.226423 0.827715 1.42020
 0.318886
 0.676277
 0.811767
 0.399693 1.95130
 2.94006 6.99551 7.12812
 0.0714726 1.46608 2.83537
 0.854260
 2.67001 7.37912 6.41845
 0.0477537 0.274835
 0.0674331 0.579719
 1.85912 7.36819
 0.280152 2.57054 3.75811
 1.07955 5.58931 7.77342
 0.503102 4.16244
 2.39295
 6.29636
 1.46956
 0.257451 0.365564
 0.472106 0.687015
 3.93793 2.37257
 1.61110 1.83952 1.86468 1.78465
 1.18190 0.741986
 0.275707
 0.235935
 0.451161
 0.855616
 0.175914 0.522062 0.628732
 0.594010 0.729254 0.782458
 0.984434 0.785596
 0.134896 1.12757 3.13100 2.65766
 0.406916 1.41426 1.15596
 0.608513 1.34902 1.63217
 1.84599 5.84401 7.53714
 0.287233 0.913811
 2.07719 2.69120
 1.47292 3.15805
 2.93068 1.90194 1.05433 0.366279
 0.0888111 0.334198 0.606724 1.12244
 2.84087 2.46271 0.722074
 3.54043 1.85289 0.623270
 1.85140 0.436301 0.153080
 2.71351 0.735107
 0.676385 1.35256 1.37382
 1.34457 1.23005 0.621166 0.317455
 2.19116 0.800014 0.291830
# SSB_R_alfa:
 2.75602 3.62544 15.4727 1.08344 4.14798 6.86181 905.162 17.3612 13.7977 11.5318
# SSB_R_beta_ini:
 3.41137
# SSB_R_s2_ini:
 0.183435 0.419661 1.11144 0.189398 0.280490 0.288810 0.555968 0.394292 0.243456 0.438740
# inserted dummy parameter values 
1
1
1
1
1
1
1
1
1
1
1
1
1
1
1
1
1
1
1
1
1
1
1
1
1
1
1
1
1
1
1
1
1
1
1
1
1
1
1
1
1
1
1
1
1
1
1
1
1
1
1
1
1
1
1
1
1
1
1
1
1
1
1
1
1
1
1
1
1
1
1
1
1
1
1
1
1
1
1
1
1
1
1
1
1
1
1
1
1
1
1
1
1
1
1
1
1
1
1
1
1
1
1
1
1
1
1
1
1
1
1
1
1
1
1
1
1
1
1
1
1
1
1
1
1
1
1
1
1
1
1
1
1
1
1
1
1
1
1
1
1
1
1
1
1
1
1
1
1
1
1
1
1
1
1
1
1
1
1
1
1
1
1
1
1
1
1
1
1
1
1
1
1
1
1
1
1
1
1
1
1
1
1
1
1
1
1
1
1
1
1
1
1
1
1
1
1
1
1
1
1
1
1
1
1
1
1
1
1
1
1
1
1
1
1
1
1
1
1
1
1
1
1
1
1
1
1
1
1
1
1
1
1
1
1
1
1
1
1
1
1
1
1
1
1
1
1
1
1
1
1
1
1
1
1
1
1
1
1
1
1
1
1
1
1
1
1
1
1
1
1
1
1
1
1
1
1
1
1
1
1
1
1
1
1
1
1
1
1
1
1
1
1
1
1
1
1
1
1
1
1
1
1
1
1
1
1
1
1
1
1
1
1
1
1
1
1
1
1
1
1
1
1
1
1
1
1
1
1
1
1
1
1
1
1
1
1
1
1
1
1
1
1
1
1
1
1
1
1
1
1
1
1
1
1
1
1
1
1
1
1
1
1
1
1
1
1
1
1
1
1
1
1
1
1
1
1
1
1
1
1
1
1
1
1
1
1
1
1
1
1
1
1
1
1
1
1
1
1
