# Number of parameters = 1399  Objective function value = -6569.25  Maximum gradient component = 0.00171558
# log_rec:
 1.91373 2.69748 3.36417 2.92122 1.04452 1.77912 2.83401 2.85180 1.45520 1.90488 1.92521 1.84269 1.88050 2.87891 2.63173 2.55206 2.49600 2.39092 3.00310 2.48852 2.29376 2.10119 2.41066 1.95716 1.90254 1.87624 1.61976 1.67475 2.02032 1.64291 2.12761 1.73368 1.77412 2.14594 1.03297 1.38697 1.68587 0.815353 1.07993 0.888294 1.33323 0.676680 0.979659 0.520703 0.441593 0.343742 0.927885 0.711839
 2.19756 2.22240 2.07136 1.84000 2.52726 1.68194 1.87775 1.89071 2.11746 2.72104 2.21821 2.19495 2.60410 2.69256 2.55040 2.64243 2.51644 2.34674 2.32503 1.53095 1.81534 2.06431 2.03677 2.28666 2.09152 2.45878 2.52587 2.22154 1.84874 2.08127 2.10978 2.02859 2.06721 1.55330 1.97320 2.43033 2.62008 2.48317 2.51061 1.94031 1.94133 1.78548 1.59111 1.63976 2.14388 1.91421 1.75312 1.90444
 -0.154511 0.490593 1.05224 2.63632 3.56396 1.99031 1.85218 3.10224 3.43708 2.02041 2.75003 3.12505 0.937103 1.41867 2.19896 2.51920 2.79856 2.53483 2.46852 1.75531 2.03310 1.48185 1.18511 2.15457 0.286037 0.0462911 0.721647 1.53587 1.44448 2.00097 0.833342 2.28008 1.43906 1.29712 1.01607 0.202404 2.60541 1.39269 -0.826471 0.0385752 0.312148 -0.0813228 1.99883 0.680452 -0.229500 -0.570285 1.18400 -1.02382
 -0.302477 -0.294114 -0.564551 0.421312 0.617006 0.615158 -0.161010 -0.326876 -0.536269 -0.266272 0.274167 -0.324874 -0.803441 -0.471104 -0.743403 0.0526111 -0.144760 -0.242941 -0.331375 -0.141402 0.335704 -0.158364 -0.320066 -0.885871 -0.938018 -0.512042 -0.658847 -0.389170 -0.626966 0.448277 -0.326922 0.0214122 -0.850453 -0.113802 -0.503363 0.269572 0.304589 -0.196466 -0.358143 0.108662 -1.17234 -0.218547 -0.671816 -1.03676 -0.536016 -0.252373 -0.252373 -0.252373
 1.45551 1.66395 0.963721 0.433224 1.08232 1.01207 0.482841 0.402005 0.309845 0.119974 -0.801328 -0.412436 -0.677019 -1.14348 -0.536194 -0.864480 -0.143376 0.692797 0.833504 1.00993 0.844759 0.891589 1.25661 1.45744 1.25802 0.891991 0.879498 0.773365 0.652562 1.04955 1.04281 0.707521 0.805594 0.879012 0.337852 0.309047 1.28390 0.883310 1.84599 0.965671 0.462257 0.624271 0.170521 0.408719 0.613427 0.467117 0.794550 0.747536
 1.17591 0.941772 0.783346 0.892975 1.32644 0.827943 0.411388 1.44279 0.389172 0.629639 0.492697 0.901488 0.262825 0.613747 0.825063 0.587544 0.945947 0.461712 1.36240 -0.284298 1.24673 0.534306 1.35498 0.906137 0.288354 1.28510 0.700206 1.13220 1.26782 0.870417 1.30453 1.45155 0.661777 1.88037 0.303130 0.210387 1.00901 0.916309 1.19575 -1.05431 0.459573 -0.0310157 0.749632 0.318022 0.978835 0.0926352 1.54956 -0.0123652
 1.17006 1.13400 1.33935 1.39642 1.80844 2.75154 2.58760 2.15557 2.20106 2.18443 2.79605 1.80334 2.61836 2.39109 1.47040 1.79709 2.06158 1.31545 1.66474 1.79849 1.80244 1.33874 1.16612 1.51883 0.603016 1.57921 1.41329 1.22586 1.41687 1.07593 1.09392 1.92252 1.47165 1.72380 0.754041 1.43253 1.65729 1.41779 1.53559 0.898078 0.258045 0.558045 0.904383 1.02934 1.48662 1.98240 1.69131 -0.0763114
 -0.00628827 -0.00628827 -0.00628827 -0.00628827 -0.00628827 -0.00628827 -0.00628827 0.550548 0.986616 2.23579 2.25391 2.08561 2.75977 1.91925 2.00888 2.35871 1.82429 1.49687 0.766192 0.431403 1.09481 1.04537 0.807973 1.58371 0.894007 1.49342 1.09981 1.36214 1.15850 1.54519 2.14455 1.37545 0.618526 1.13557 1.25594 1.71988 1.46204 1.10578 1.27621 1.06544 0.984304 1.85833 0.986710 1.15699 1.23531 2.00051 1.19287 1.24130
 0.155991 -1.06268 -1.22211 -1.59026 -1.65237 -1.23025 -1.26524 -1.65555 -1.75097 -0.433796 -0.692201 -1.07429 -1.30800 -0.954311 -1.11831 -1.09467 -0.828343 -0.902042 -0.192380 -0.578345 -0.616734 -0.349275 0.530408 -0.246280 -0.240104 -0.568026 -0.668259 -0.730703 -0.853235 -1.37239 -1.43038 -0.867439 -0.953778 0.308579 -0.688314 -0.895964 -0.713347 -1.21659 -0.160349 -1.51618 -0.732114 -1.18460 -1.14555 -0.760019 -0.862237 -0.804438 -1.00828 -1.01684
 0.824482 -0.690702 -1.75558 -1.30394 -1.02340 -1.45050 -0.643315 -1.77590 -1.08633 -0.686207 -0.819821 -1.58228 -0.759558 -0.551998 -1.53521 -2.76341 -0.460602 -0.387038 -0.478406 -0.446036 -1.09519 -0.899717 -0.468980 -1.18276 0.794221 -0.698178 -0.0383367 -1.06115 0.512059 -1.15674 -1.48495 -0.916390 -1.35159 0.0755918 -0.690581 -1.10507 -0.765538 -1.38883 -0.251871 -1.07983 -1.57882 -1.49804 0.0971378 -1.14591 -0.854580 -0.649478 -0.207775 -0.839724
# log_rec_older:
 -0.751387 -1.54105 -3.34335 -4.18540 -4.58350 -5.51858 -7.28243 -6.51601 -9.42255 -10.2262
 1.30866 -0.736733 -2.73579 -3.73880 -5.03623 -6.74166 -12.3109 -9.20932
 1.90614 -1.63554 -3.87639 -4.56623 -5.59248 -7.52747 -7.72378 -8.12412 -10.2088 -11.3185
 -0.199225 -1.65190 -1.70341 -2.82716 -3.56662 -4.42029 -5.30573 -5.94092 -6.66728 -7.58118
 -0.0373495 -0.166553 -2.90656 -2.76061 -3.29801 -2.05398 -2.19272
 0.547223 -0.655247 -1.88293 -2.72796
 -0.993776 -3.30484 -6.24387
 0.421617 -1.09604 -2.57337
 -1.25921 -1.55074 -1.56732 -2.17408 -2.50412 -3.16949 -3.96263 -4.47108 -4.34074 -3.40361
 -3.16049 -3.14799 -1.52713 -2.42161 -0.533446 -2.42346 -2.56774 -3.40599 -3.11046 -2.39518
# F_y_ini:
 1.05310 1.11722 1.21544 1.17793 1.36920 1.19617 1.17894 1.49000 1.72950 1.51842 1.56213 1.59169 1.65263 1.78775 1.89589 1.48287 1.78538 1.81118 1.88285 1.82184 1.75273 1.80213 2.04279 1.98081 1.98904 2.04795 1.86139 1.85324 1.74179 1.02728 0.996845 1.05905 1.14441 1.03610 1.20115 1.20640 1.10527 1.24969 1.00773 1.13075 0.991269 0.928343 0.797887 0.758101 0.814415 0.762531 0.683633
 0.649519 0.607615 1.14859 0.834208 0.848639 0.743770 0.900006 0.555093 0.897107 0.949762 0.883458 0.985555 1.03863 0.888655 0.762425 0.695714 0.850929 0.744055 0.554933 0.708675 0.876022 0.824224 1.04822 1.05319 0.796225 0.955051 0.796535 1.02728 0.827883 1.19196 1.10288 0.925182 0.871681 0.651793 0.556060 0.720465 0.964531 0.635704 0.429040 0.319125 0.294052 0.294623 0.385312 0.405328 0.392632 0.285214 0.252320
 1.00910 0.866208 0.871576 0.859051 0.668485 1.16097 1.13208 0.936494 1.10369 0.871849 0.911965 1.23664 1.10161 1.11192 1.22125 1.11579 1.11146 0.930215 0.845216 1.15496 1.22485 1.02728 1.25584 1.31752 1.22328 1.02362 1.28977 1.27166 1.09792 1.25377 1.19248 0.916227 1.08625 0.892274 0.884631 1.25963 1.43458 0.989035 0.577665 0.382153 0.404639 0.504416 0.927567 0.691485 0.347195 0.289624 0.280785
 2.05329 0.898460 1.24486 1.20735 0.623596 1.04928 0.906964 1.09682 1.22816 1.15550 1.45833 1.79561 1.79401 2.29348 1.36151 1.39843 1.68115 1.77579 1.62573 2.34365 1.90982 1.86933 2.49091 2.19943 2.33251 2.15005 1.90448 1.86908 1.02728 1.67402 1.18590 1.62486 1.37522 0.990852 0.971541 1.37474 1.02512 0.734698 1.06454 0.967864 0.856934 0.875611 1.06476 0.818915 0.956755 1.46484 1.17477
 1.60338 2.92509 2.88032 4.07673 5.80367 3.83612 4.12276 5.23188 2.82209 4.57137 4.38848 5.68546 2.67207 0.873642 1.02728 1.71507 4.62013 11.6073 8.34536 1.02728 1.30582 1.83319 1.66331 1.57821 1.67251 1.56786 1.35800 1.52277 1.99418 2.83360 2.58002 2.40656 1.09389 0.864732 1.02728 0.761596 0.759492 0.585696 0.493764 0.555313 0.609908 0.848592 0.697583 0.661212 0.496696 0.277714 0.284921
 0.953928 1.12150 1.22029 1.39808 1.54921 1.24795 2.50752 1.58606 1.01722 1.63452 3.33231 3.95185 5.65232 7.95193 7.57079 7.92878 7.81692 9.59245 1.02728 0.578626 0.777296 1.48250 0.309175 0.264861 0.761717 0.751145 0.802311 0.614068 0.391039 0.437148 0.547103 0.369897 0.569082 0.435339 0.544609 0.543204 0.594946 0.836997 0.447883 0.818530 0.640570 1.02728 0.766404 0.424804 0.522218 0.526783 0.251272
 0.445595 0.229990 0.207478 0.444734 0.698195 0.143408 0.276120 0.412942 0.549817 0.552783 1.14063 0.660841 0.503228 0.380235 0.504763 0.536011 0.519882 0.464058 1.02728 0.860764 1.18994 1.43862 1.26538 1.13788 0.757624 0.483716 0.763659 1.02590 0.889712 0.895377 0.921890 0.378432 0.313575 0.314088 0.277433 0.353631 0.330484 0.184638 0.198590 0.176334 0.109280 1.02728 0.265944 1.02728 0.0491501 0.0584965 0.143947
 1.18119 1.36234 1.97287 1.18518 1.15090 0.914012 0.558322 0.748206 0.770797 1.02728 0.926073 1.42894 2.14531 1.24257 1.87825 2.27925 2.39145 2.32750 2.40039 2.63802 2.57470 0.628275 0.284373 1.57167 0.667468 2.03835 1.02728 1.84970 2.07406 2.87264 2.93647 3.71410 3.73568 2.06231 3.66299 2.99742 3.72905 6.20796 4.33542 6.57243 6.13494 1.85040 4.54926 2.36187 2.97427 0.803175 3.42028
 1.01401 0.927669 0.977060 0.926756 0.807536 0.868272 1.06706 1.00551 1.05402 1.12807 1.19783 1.36632 1.09820 1.20011 1.09723 1.61689 1.28175 1.30527 1.44980 1.41765 1.44129 1.31229 1.59455 1.57675 1.66979 1.56613 1.02728 1.23201 1.32083 1.28193 1.32896 1.18184 1.36858 1.51546 1.46764 1.45752 1.11916 1.54343 1.47427 1.46309 1.07054 1.14428 0.981617 0.740610 0.549423 0.410619 0.363587
 0.582945 0.630638 0.569344 0.770849 0.824415 1.02802 0.868668 1.06036 0.881895 1.09083 1.09783 1.06422 0.970041 0.869893 1.10019 1.06289 1.07946 1.07061 1.20987 1.13548 1.29114 1.23167 1.38646 1.11367 1.12036 0.936647 1.02728 1.11212 1.10247 1.21370 1.27036 1.17907 1.66930 1.40576 1.48697 1.35894 1.55742 1.34198 1.21928 1.16951 1.10385 1.22319 0.936682 0.875694 0.670367 0.676000 0.573705
# F_y_spline:










# log_F_a_ini:
 -0.659781 -0.391818
 -1.26184 -0.487484
 -1.48079 -0.653206
 -1.63610 -0.706453
 -1.81328 -0.758448
 -1.79738 -0.895042
 -1.93681 -0.969398
 -4.03068 -6.63500
 -1.81910 -2.06466
 -0.966673 -1.09773
 -0.576217 -0.914068
 -0.429331 -0.603067
 -0.330744 -0.446610
 -0.107141 -0.397617
 -0.0734958 -0.376881
 -4.18152 -4.93425
 -1.93986 -1.76982
 -1.08034 -0.935599
 -0.685444 -0.440463
 -0.618671 -0.398512
 -0.557473 -0.458550
 -0.544588 -0.514098
 -0.644067 -0.636812
 -1.86042 -2.18942
 -1.58365 -1.70611
 -1.61230 -1.14813
 -1.70213 -1.38539
 -1.80577 -1.31022
 -1.93489 -1.28350
 -5.65890 -4.92499 -3.33083 -3.76944
 -2.19256 -2.80631 -1.64354 -2.36285
 -1.63854 -3.53086 -1.53774 -1.65334
 -1.50831 -3.44690 -1.40022 -1.24159
 -1.71104 -3.64259 -1.29760 -0.935727
 -1.70510 -4.15291 -1.24050 -0.452779
 -5.03496 -3.43205 -6.99355
 -3.88364 -1.27542 -1.79980
 -3.39523 -0.870228 -1.81485
 -3.65059 -0.605527 -2.11882
 -2.09112 -2.92508
 -0.373893 -0.564101
 0.359639 0.508950
 -1.26747 -1.39767 -1.59746
 -0.359092 0.220790 -0.508215
 -1.26724 -1.24672
 -1.20561 -0.903525
 -1.08216 -0.825768
 -1.03653 -0.739242
 -1.07584 -0.752746
 -1.17005 -0.804090
 -1.40126 -0.979238
 -1.77484 -1.94380
 -0.718516 -1.02013
 -0.695883 -0.774051
 -0.819128 -0.737564
 -0.968381 -0.810354
 -1.22901 -0.946980
# qq_ini:
 0.648385
 0.132860 0.615612 1.37190
 0.116810
 0.250485
 0.312379
 0.128686 1.29788
 0.812186 3.41120 4.40046
 0.0238619 0.741205 1.91090
 0.514486
 0.483089 3.28781 3.73699
 0.0253228 0.230714
 0.0493675 0.510378
 1.86953 6.10617
 0.188944 2.55013 3.17115
 0.781402 5.59110 6.56309
 0.497266 4.11234
 2.44120
 6.39158
 1.49258
 0.249695 0.363355
 0.455323 0.672449
 3.73651 2.29537
 0.994045 1.14060 1.22828 1.22298
 0.733830 0.457493
 0.242146
 0.218617
 0.328640
 0.838470
 0.166064 0.405715 0.542027
 0.432660 0.433689 0.466742
 0.848154 0.459199
 0.0750111 1.22279 3.62388 3.09193
 0.291414 2.25306 2.13374
 0.621636 1.70029 2.60702
 2.94712 11.5596 15.5741
 0.0980612 0.691194
 1.19886 2.20146
 0.932766 2.81803
 2.93082 1.90200 1.05436 0.366299
 0.0887970 0.334200 0.606751 1.12254
 2.84090 2.46231 0.722034
 3.54039 1.85287 0.623256
 1.85152 0.436347 0.153092
 2.71368 0.735058
 0.676398 1.35258 1.37380
 1.34447 1.23006 0.621161 0.317457
 2.19114 0.800021 0.291839
# SSB_R_alfa:
 3.89547 4.79450 16.0806 1.09085 4.07771 6.92052 2517.84 18.9417 13.7976 11.5318
# SSB_R_beta_ini:
 5.77515
# SSB_R_s2_ini:
 0.179642 0.0968402 1.03595 0.179871 0.181536 0.269455 0.228528 0.138331 0.243461 0.438673
# vulnera:
 2.36602 0.518408 14.6052 0.0321718 0.00967648 0.0508902 0.0499604 1.55900 2.52679 1.81146 0.783278 1.11763 0.0738925 0.0669410 0.0359359 0.00120928 0.00100000 0.00600664 0.00353038 43.2403 9.29474 13.8714 0.742135 0.487836 3.62180 11.2555 3.46605 4.29705 0.113456 0.386995 0.463720 0.410579 17.3677 1.40378 0.226234 3.21605 1.61643 0.317794 0.279457 0.0484182 1.95000 0.132203 0.0296895 0.596204 13.7592 3.39345 0.331579 0.674836 1.80626 1.60030 1.58286 0.0926769 0.250428 0.0965171 0.497381 0.174959 0.371935 0.517010 3.21471 0.660961 0.905956 0.969257 0.201709 4.04873 2.18717 0.0919870 0.0388022 0.0725295 1.80889 0.242240 0.511387 0.00930444 0.839050 0.0459415 4.56809 4.15812 0.0840186 0.0448046 0.125861 2.64477 0.764635 1.80514 0.201921 0.0421703 0.427535 0.183875 3.06789 1.46990 2.49008 0.465939 0.0849479 0.607240 0.367894 1.26114 2.84017 1.06399 2.09836 0.437097 0.126455 1.93798
# init_stl_other_suit_slope:
 -0.676189 -0.978860 -0.0742908 -0.248254 -0.129979 -0.231343
# init_pref_size_ratio[1]:
1.00000000000
# init_season_overlap:
 1.41921719791 1.88707207114 1.97864092121 2.93907708223 2.22187300351 1.91298296985 1.57671228136
# Stom_var[1]:
0.999999959217
# Stom_var[2]:
0.185529852754
# Stom_var[3]:
0.999999911962
# Stom_var[4]:
0.401384241290
# Stom_var[5]:
0.999999983419
# Stom_var[6]:
0.930426800928
# Stom_var[7]:
0.516296049121
# Stom_var[8]:
0.350672312546
# Stom_var[9]:
0.150691167910
# Stom_var[10]:
0.275162356406
# Stom_var[11]:
0.159960506963
# Stom_var[12]:
0.185218035089
# Stom_var[13]:
0.222770035114
# Stom_var[14]:
0.410328057246
# Stom_var[15]:
0.499999896891
# Stom_var[16]:
0.211853882611
# Stom_var[17]:
0.372240388513
# Stom_var[18]:
0.167125170688
# Stom_var[19]:
0.176932252820
# Stom_var[20]:
0.388180428043
