# Number of parameters = 1419  Objective function value = -6588.09  Maximum gradient component = 0.00637637
# log_rec:
 1.88183 2.65931 3.32706 2.88043 1.00752 1.75336 2.81104 2.82994 1.42565 1.88466 1.90357 1.82286 1.85797 2.85298 2.60389 2.52607 2.47727 2.36484 2.97968 2.46468 2.27512 2.07247 2.39012 1.94902 1.89530 1.85651 1.60326 1.66084 2.01245 1.64273 2.12161 1.72414 1.76005 2.13179 1.02318 1.36978 1.67250 0.802181 1.06102 0.863583 1.30106 0.650183 0.965127 0.503326 0.430187 0.329442 0.911963 0.692006
 2.15766 2.19959 2.04514 1.81156 2.50948 1.65647 1.85878 1.86592 2.09662 2.70464 2.19655 2.17791 2.59162 2.67917 2.53931 2.63339 2.51015 2.33321 2.31494 1.51830 1.80285 2.04430 2.02437 2.27666 2.07751 2.45639 2.52087 2.21737 1.84592 2.07727 2.10574 2.02241 2.05392 1.54126 1.96530 2.41727 2.60786 2.46561 2.48917 1.91130 1.90645 1.75854 1.56435 1.61441 2.12413 1.89548 1.73748 1.88884
 -0.202492 0.451607 1.02737 2.62093 3.57457 1.99052 1.86138 3.11408 3.45931 2.04315 2.76913 3.14070 0.944135 1.42094 2.19302 2.51385 2.79219 2.51693 2.46114 1.74305 2.02093 1.46358 1.17956 2.14802 0.269571 0.0324991 0.701345 1.51865 1.43598 1.99651 0.827762 2.27721 1.42832 1.28794 1.01068 0.194727 2.60173 1.38189 -0.836352 0.0214830 0.300481 -0.0837596 2.00195 0.681760 -0.224868 -0.576708 1.17512 -1.03101
 -0.302971 -0.294274 -0.565001 0.420221 0.616041 0.614351 -0.162355 -0.327803 -0.536697 -0.266448 0.273037 -0.325097 -0.803777 -0.471711 -0.743575 0.0525848 -0.143554 -0.240653 -0.329898 -0.142931 0.328261 -0.165613 -0.325613 -0.888140 -0.936985 -0.507095 -0.655375 -0.386426 -0.625382 0.448959 -0.326237 0.0231288 -0.849095 -0.112796 -0.501890 0.270909 0.305258 -0.195991 -0.357317 0.109110 -1.17124 -0.216049 -0.669933 -1.03636 -0.535474 -0.252379 -0.252379 -0.252379
 1.36827 1.57783 0.866535 0.340341 1.00107 0.976147 0.437897 0.366293 0.273303 0.105640 -0.777367 -0.427813 -0.706836 -1.20025 -0.643333 -0.956115 -0.227637 0.662928 0.754539 0.969930 0.701488 0.802363 1.11245 1.33322 1.16992 0.763828 0.790723 0.695482 0.598378 0.984006 0.966541 0.631043 0.734877 0.746925 0.257681 0.227897 1.19741 0.772359 1.75944 0.982647 0.354097 0.555401 0.0884936 0.327375 0.502718 0.398399 0.710683 0.658543
 1.26801 1.05651 0.908192 1.01944 1.44023 0.971750 0.570079 1.48730 0.532122 0.695475 0.560815 0.941284 0.692077 0.953600 1.14830 0.961527 1.25020 0.883628 1.49891 0.321767 1.47386 0.913039 1.50800 1.13659 0.696421 1.40774 0.975520 1.29493 1.35901 1.07766 1.42688 1.56492 0.955510 1.96531 0.711775 0.674810 1.24767 1.19700 1.40072 -0.295555 0.856941 0.498418 1.05342 0.738630 1.23160 0.578489 1.68163 0.428996
 0.943692 0.937964 1.19373 1.29128 1.70502 2.65675 2.51516 2.10011 2.13982 2.12901 2.76231 1.76759 2.58813 2.36956 1.44909 1.78514 2.04355 1.28864 1.66089 1.78430 1.79871 1.32476 1.16825 1.52508 0.602130 1.57182 1.39793 1.21897 1.42156 1.07594 1.09801 1.92099 1.46418 1.72470 0.758171 1.43312 1.65551 1.39335 1.51687 0.891119 0.244485 0.553753 0.903782 1.02490 1.48248 1.98690 1.69642 -0.0814444
 -0.00641636 -0.00641636 -0.00641636 -0.00641636 -0.00641636 -0.00641636 -0.00641636 0.530816 0.951695 2.18423 2.20812 2.04460 2.75214 1.91434 2.00241 2.34054 1.83835 1.47115 0.800673 0.519687 1.12771 1.10680 0.932989 1.60334 0.955097 1.47625 1.11191 1.37532 1.13728 1.55090 2.10039 1.38773 0.681750 1.17614 1.27852 1.70990 1.46702 1.15318 1.33195 1.10341 1.02243 1.83159 1.02053 1.16689 1.25054 1.95418 1.22409 1.26545
 0.155991 -1.06268 -1.22211 -1.59026 -1.65237 -1.23025 -1.26524 -1.65555 -1.75097 -0.433796 -0.692201 -1.07429 -1.30800 -0.954311 -1.11831 -1.09467 -0.828343 -0.902042 -0.192380 -0.578345 -0.616734 -0.349275 0.530408 -0.246280 -0.240104 -0.568026 -0.668259 -0.730704 -0.853235 -1.37239 -1.43038 -0.867439 -0.953778 0.308579 -0.688314 -0.895964 -0.713347 -1.21659 -0.160349 -1.51618 -0.732114 -1.18460 -1.14555 -0.760019 -0.862237 -0.804438 -1.00828 -1.01684
 0.824482 -0.690702 -1.75558 -1.30394 -1.02340 -1.45050 -0.643315 -1.77590 -1.08633 -0.686207 -0.819821 -1.58228 -0.759558 -0.551998 -1.53521 -2.76341 -0.460602 -0.387038 -0.478406 -0.446036 -1.09519 -0.899717 -0.468980 -1.18276 0.794221 -0.698178 -0.0383367 -1.06115 0.512059 -1.15674 -1.48495 -0.916390 -1.35159 0.0755918 -0.690581 -1.10507 -0.765538 -1.38883 -0.251871 -1.07983 -1.57882 -1.49804 0.0971379 -1.14591 -0.854580 -0.649478 -0.207775 -0.839724
# log_rec_older:
 -0.760495 -1.54355 -3.34264 -4.18489 -4.58313 -5.51852 -7.28238 -6.51600 -9.42243 -10.2260
 1.30321 -0.734201 -2.73525 -3.73883 -5.03640 -6.74186 -12.3104 -9.20959
 1.90343 -1.63555 -3.87641 -4.56653 -5.59283 -7.52785 -7.72430 -8.12416 -10.2091 -11.3192
 -0.199843 -1.65166 -1.70325 -2.82716 -3.56607 -4.41943 -5.30487 -5.93989 -6.66619 -7.57999
 -0.0533939 -0.164010 -2.90486 -2.75939 -3.29798 -2.05314 -2.19227
 0.651853 -0.511697 -1.68843 -2.52219
 -1.04628 -3.31301 -6.25787
 0.438839 -1.07964 -2.55473
 -1.25921 -1.55074 -1.56732 -2.17408 -2.50412 -3.16949 -3.96263 -4.47108 -4.34074 -3.40361
 -3.16049 -3.14799 -1.52713 -2.42161 -0.533446 -2.42346 -2.56774 -3.40599 -3.11046 -2.39518
# F_y_ini:
 1.05347 1.11741 1.21595 1.17847 1.36922 1.19681 1.17945 1.48985 1.73018 1.51895 1.56390 1.59442 1.65394 1.79014 1.89755 1.48416 1.78732 1.81283 1.88168 1.82046 1.75197 1.80457 2.04839 1.98120 1.98487 2.04569 1.85976 1.85316 1.74295 1.02783 0.996770 1.05793 1.14416 1.03587 1.20010 1.20588 1.10494 1.24889 1.00743 1.13036 0.990653 0.928171 0.797278 0.757173 0.814094 0.763028 0.684864
 0.649966 0.607910 1.15199 0.836889 0.851406 0.745654 0.902037 0.555882 0.899001 0.950925 0.885115 0.987895 1.03986 0.889284 0.762859 0.695783 0.851042 0.744423 0.554376 0.707769 0.874391 0.824164 1.04913 1.05225 0.794090 0.951458 0.794118 1.02783 0.828589 1.19571 1.10130 0.922034 0.867959 0.649128 0.554608 0.718489 0.961687 0.634341 0.428291 0.318522 0.293563 0.294020 0.384411 0.404390 0.391798 0.284757 0.252257
 1.00816 0.864891 0.869939 0.859178 0.669253 1.16190 1.13548 0.937033 1.10572 0.871277 0.911846 1.24129 1.10425 1.11417 1.21883 1.11408 1.10957 0.927060 0.840892 1.14972 1.22143 1.02783 1.25460 1.31628 1.22393 1.02444 1.29123 1.27167 1.09931 1.25363 1.19202 0.917289 1.08676 0.892807 0.885442 1.26048 1.43506 0.989219 0.577711 0.382719 0.405435 0.504803 0.926304 0.691102 0.347788 0.290729 0.282350
 2.05282 0.897738 1.24319 1.20507 0.622325 1.04694 0.904408 1.09310 1.22519 1.15321 1.45666 1.79688 1.79594 2.29649 1.36247 1.39960 1.68288 1.77770 1.62673 2.34490 1.91139 1.87271 2.49828 2.19871 2.32696 2.14523 1.90169 1.86826 1.02783 1.67733 1.18738 1.62640 1.37592 0.990996 0.971735 1.37544 1.02573 0.735065 1.06552 0.968922 0.857806 0.876166 1.06533 0.819271 0.957446 1.46697 1.17675
 1.60100 2.91338 2.87664 4.07014 5.78628 3.81677 4.11103 5.21640 2.81744 4.55301 4.37898 5.66729 2.66344 0.873316 1.02783 1.71167 4.58527 11.7316 8.28203 1.02783 1.30397 1.83081 1.64090 1.54165 1.62834 1.53424 1.33757 1.52312 2.02117 2.88952 2.60056 2.40054 1.08868 0.861321 1.02783 0.761334 0.758677 0.583386 0.491149 0.554573 0.607767 0.846077 0.696050 0.659696 0.495857 0.277110 0.284493
 0.933702 1.07992 1.15686 1.30955 1.45444 1.19922 2.45317 1.58217 1.02791 1.69517 3.53970 4.21072 6.12735 8.71993 8.43993 8.93278 8.91910 11.7513 1.02783 0.598614 0.796131 1.57413 0.335011 0.286637 0.815977 0.804458 0.858722 0.671539 0.416328 0.463910 0.582088 0.397007 0.609555 0.461858 0.573872 0.570734 0.625174 0.881601 0.472085 0.861431 0.680687 1.02783 0.776394 0.434906 0.528336 0.533948 0.251395
 0.471300 0.241980 0.210572 0.441398 0.691770 0.143942 0.273445 0.404629 0.536103 0.535132 1.09651 0.636841 0.485296 0.366809 0.486098 0.515201 0.500983 0.447288 1.02783 0.862448 1.18625 1.44829 1.26356 1.13749 0.754299 0.479667 0.757664 1.02805 0.882743 0.889671 0.913603 0.374797 0.310038 0.310207 0.273468 0.349339 0.326724 0.182948 0.197320 0.173496 0.107169 1.02783 0.261208 1.02783 0.0484714 0.0575720 0.142269
 1.18917 1.38340 2.00804 1.20029 1.15673 0.923613 0.566289 0.765548 0.794813 1.02783 0.928800 1.43247 2.13648 1.25050 1.87010 2.27399 2.36739 2.30289 2.31755 2.57744 2.60264 0.617228 0.268043 1.55268 0.641100 2.06292 1.02783 1.85683 2.05832 2.84025 2.93204 3.67470 3.71981 2.05047 3.69089 3.00438 3.72262 6.10894 4.22325 6.42385 6.15480 1.86984 4.60725 2.43307 3.05927 0.819685 3.44522
 1.01401 0.927669 0.977060 0.926756 0.807536 0.868272 1.06706 1.00552 1.05402 1.12807 1.19783 1.36632 1.09820 1.20011 1.09723 1.61689 1.28175 1.30527 1.44980 1.41765 1.44129 1.31229 1.59455 1.57675 1.66979 1.56613 1.02783 1.23201 1.32083 1.28193 1.32896 1.18184 1.36858 1.51546 1.46764 1.45752 1.11916 1.54343 1.47427 1.46309 1.07054 1.14428 0.981617 0.740610 0.549423 0.410619 0.363587
 0.582945 0.630638 0.569344 0.770849 0.824415 1.02802 0.868668 1.06036 0.881895 1.09083 1.09783 1.06422 0.970041 0.869893 1.10019 1.06289 1.07946 1.07061 1.20987 1.13548 1.29114 1.23167 1.38646 1.11367 1.12036 0.936647 1.02783 1.11212 1.10247 1.21370 1.27036 1.17907 1.66930 1.40576 1.48697 1.35894 1.55742 1.34198 1.21928 1.16951 1.10385 1.22319 0.936682 0.875693 0.670367 0.676000 0.573705
# F_y_spline:










# log_F_a_ini:
 -0.656469 -0.395017
 -1.26145 -0.488110
 -1.48169 -0.653485
 -1.63699 -0.705836
 -1.81324 -0.758119
 -1.79730 -0.894503
 -1.93720 -0.968997
 -4.01686 -6.61935
 -1.81454 -2.06022
 -0.966914 -1.09777
 -0.577584 -0.913090
 -0.430678 -0.602069
 -0.331579 -0.447096
 -0.108063 -0.397708
 -0.0745286 -0.376778
 -4.17987 -4.93075
 -1.94208 -1.77342
 -1.08096 -0.937183
 -0.683722 -0.442295
 -0.617080 -0.399544
 -0.556506 -0.458576
 -0.543334 -0.514769
 -0.642807 -0.636743
 -1.86000 -2.19139
 -1.58478 -1.70679
 -1.61376 -1.14591
 -1.70258 -1.38575
 -1.80629 -1.31057
 -1.93631 -1.28384
 -5.62377 -4.88469 -3.26671 -3.72461
 -2.19399 -2.80796 -1.64665 -2.36589
 -1.63972 -3.54743 -1.53213 -1.65406
 -1.50812 -3.45512 -1.39433 -1.24331
 -1.70944 -3.64627 -1.29804 -0.936450
 -1.70362 -4.14850 -1.25275 -0.455355
 -5.21863 -3.61950 -7.15146
 -3.99012 -1.30643 -1.76215
 -3.53590 -0.902671 -1.75992
 -3.88379 -0.643785 -2.08949
 -2.02787 -2.91768
 -0.332902 -0.561753
 0.394086 0.509520
 -1.28342 -1.36871 -1.57190
 -0.380821 0.234788 -0.490878
 -1.26724 -1.24672
 -1.20561 -0.903525
 -1.08216 -0.825768
 -1.03653 -0.739242
 -1.07584 -0.752746
 -1.17005 -0.804090
 -1.40126 -0.979238
 -1.77484 -1.94380
 -0.718516 -1.02013
 -0.695883 -0.774051
 -0.819128 -0.737564
 -0.968381 -0.810354
 -1.22901 -0.946980
# qq_ini:
 0.649303
 0.133652 0.615902 1.37280
 0.118493
 0.255019
 0.315990
 0.129873 1.29822
 0.818756 3.41190 4.39724
 0.0240515 0.741778 1.91003
 0.513128
 0.489923 3.29039 3.72984
 0.0255727 0.230885
 0.0495809 0.511203
 1.86452 6.11565
 0.190664 2.55225 3.17506
 0.784366 5.59025 6.57919
 0.497228 4.11257
 2.44233
 6.39423
 1.49326
 0.249394 0.363230
 0.454606 0.671735
 3.73145 2.29234
 0.987820 1.13733 1.22855 1.21593
 0.729624 0.455545
 0.262619
 0.228285
 0.348297
 0.716631
 0.174524 0.421706 0.556208
 0.458538 0.454946 0.479779
 0.905581 0.481106
 0.0752037 1.20688 3.57364 3.05022
 0.292079 2.23044 2.10588
 0.620158 1.68744 2.57129
 2.91359 11.3922 15.3195
 0.0982382 0.695054
 1.30590 2.26465
 1.01547 2.88818
 2.93082 1.90200 1.05436 0.366299
 0.0887970 0.334200 0.606751 1.12254
 2.84090 2.46231 0.722034
 3.54039 1.85287 0.623256
 1.85152 0.436347 0.153092
 2.71368 0.735058
 0.676397 1.35258 1.37380
 1.34447 1.23006 0.621161 0.317457
 2.19114 0.800020 0.291839
# SSB_R_alfa:
 3.87556 4.77828 16.0728 1.09085 4.00164 7.18073 2501.26 18.9643 13.7976 11.5318
# SSB_R_beta_ini:
 5.78721
# SSB_R_s2_ini:
 0.179128 0.0982762 1.03640 0.179364 0.172156 0.162665 0.225118 0.116949 0.243461 0.438673
# vulnera:
 2.39677 0.522912 14.2427 0.0325130 0.00940013 0.0505663 0.0486265 1.76353 2.60966 2.15034 0.965840 1.32120 0.0755007 0.0678228 0.0362718 0.00121828 0.00100000 0.00598610 0.00352020 36.2359 7.87015 11.4114 0.676601 0.485748 3.29105 11.5203 3.51981 4.34987 0.114004 0.379523 0.462160 0.409612 17.0804 1.40460 0.220850 3.32087 1.69597 0.357093 0.301696 0.0376002 2.32328 0.124864 0.0223541 0.580796 16.1331 3.59891 0.336923 0.711664 1.73936 1.55363 1.53049 0.0900829 0.247812 0.0922504 0.444459 0.119154 0.300355 0.396103 2.81059 0.591278 0.759783 0.957602 0.135462 4.06070 6.43869 0.151871 0.374343 0.109592 1.81025 0.245580 0.512417 0.00929303 0.835602 0.0457532 4.52633 4.13130 0.0836968 0.0389762 0.124327 2.58797 0.755624 1.77927 0.201579 0.0430383 0.418953 0.181048 2.88521 1.39644 2.33957 0.455622 0.0856511 0.582877 0.355283 1.37698 2.76009 1.02758 2.09511 0.427524 0.121616 1.90649
# init_stl_other_suit_slope:
 -0.685753 -1.07098 -0.104030 -0.261767 -0.125885 -0.242161
# init_pref_size_ratio[1]:
1.00000000000
# init_season_overlap:
 1.40012313968 1.89234389025 1.98351550794 2.97244468006 2.01521654786 1.72934885090 1.41065906207
# Stom_var[1]:
0.999999966570
# Stom_var[2]:
0.231548861442
# Stom_var[3]:
0.999999917823
# Stom_var[4]:
0.537428777833
# Stom_var[5]:
0.999999983548
# Stom_var[6]:
0.999999928343
# Stom_var[7]:
0.999999442667
# Stom_var[8]:
0.731483238223
# Stom_var[9]:
0.137266341409
# Stom_var[10]:
0.289077533687
# Stom_var[11]:
0.176134275628
# Stom_var[12]:
0.211696554632
# Stom_var[13]:
0.210858574291
# Stom_var[14]:
0.242361035293
# Stom_var[15]:
0.499999891502
# Stom_var[16]:
0.217294452836
# Stom_var[17]:
0.389855112024
# Stom_var[18]:
0.175712078778
# Stom_var[19]:
0.188245308249
# Stom_var[20]:
0.400374397210
