##############################################################
#Data extracted from file  C:/mv/sms/NS_63-10-final-test/stom_struc_at_length.in 
#Date  Thu Oct 13 16:22:52 2011 
#stom.first  1e-06   #  stomcon for inserted (first length class) values
#stom.mid  1e-06  # stomcon for inserted (mid length class) values
#stom.last  1e-06   # stomcon for inserted (last length class) values
#stom.exp  1e-06   # stomcon for inserted (expanded species and length class) values
#stom.min.abs 1e-06    # absolut minimum value for stom con for inserted values
#delete.tails TRUE    # artifictal data deleted or not
#inserted.haul.no  1  # proportion of number hauls in case of invented values (first, mid and last values)
#inserted.haul.no.min  3   # minimum number hauls in case of invented values (first, mid and last values)
##############################################################
# File for stomach contents data by length groups of predators and preys
##############################################################
# n_stl_y:  number of years with stomach data
 9 
# n_stl_yq:  number of year, quarter combinations with stomach data
28 
# n_stl_yqd:  number of year, quarter, area combinations with stomach data
28 
# n_stl_yqdp:  number of year, quarter, area, predator combinations with stomach data
247 
# n_stl_yqdpl:  number of year, quarter, area, predator, predator length combinations with stomach data
655 
# n_stl_yqdplp:  number of year, quarter, area, predator, predator length, prey  combinations with stomach data
3007 
##############################################################
# stl_Y: year name, first and last year-quarter index
1981 1 4 
1985 5 8 
1986 9 12 
1987 13 16 
1990 17 18 
1991 19 22 
1995 23 23 
2002 24 27 
2005 28 28 
# stl_yq: quarter name, first and last quarter-area index
1 1 1 
2 2 2 
3 3 3 
4 4 4 
1 5 5 
2 6 6 
3 7 7 
4 8 8 
1 9 9 
2 10 10 
3 11 11 
4 12 12 
1 13 13 
2 14 14 
3 15 15 
4 16 16 
2 17 17 
3 18 18 
1 19 19 
2 20 20 
3 21 21 
4 22 22 
3 23 23 
1 24 24 
2 25 25 
3 26 26 
4 27 27 
3 28 28 
# stl_yqd: area name, and first and last year-quarter-species-age index
1 1 12 
1 13 26 
1 27 40 
1 41 54 
1 55 65 
1 66 74 
1 75 86 
1 87 95 
1 96 105 
1 106 113 
1 114 124 
1 125 132 
1 133 142 
1 143 150 
1 151 162 
1 163 170 
1 171 171 
1 172 172 
1 173 188 
1 189 205 
1 206 223 
1 224 241 
1 242 242 
1 243 243 
1 244 244 
1 245 245 
1 246 246 
1 247 247 
##############################################################
# stl_yqdp: predator name, and first and last area-pred index
1 1 1 
2 2 2 
3 3 3 
4 4 4 
5 5 5 
6 6 6 
7 7 7 
8 8 8 
17 9 16 
18 17 22 
19 23 28 
20 29 32 
1 33 33 
2 34 34 
3 35 35 
4 36 36 
5 37 37 
6 38 38 
7 39 39 
8 40 40 
11 41 44 
12 45 48 
17 49 56 
18 57 62 
19 63 68 
20 69 73 
1 74 74 
2 75 75 
3 76 76 
4 77 77 
5 78 78 
6 79 79 
7 80 80 
8 81 81 
11 82 85 
12 86 89 
17 90 96 
18 97 102 
19 103 108 
20 109 112 
1 113 113 
2 114 114 
3 115 115 
4 116 116 
5 117 117 
6 118 118 
7 119 119 
8 120 120 
11 121 123 
12 124 126 
17 127 134 
18 135 140 
19 141 146 
20 147 149 
1 150 150 
2 151 151 
3 152 152 
4 153 153 
5 154 154 
6 155 155 
7 156 156 
8 157 157 
15 158 158 
17 159 169 
18 170 176 
1 177 177 
2 178 178 
3 179 179 
4 180 180 
5 181 181 
6 182 182 
7 183 183 
8 184 184 
15 185 185 
1 186 186 
2 187 187 
3 188 188 
4 189 189 
5 190 190 
6 191 191 
7 192 192 
8 193 193 
15 194 194 
16 195 195 
17 196 206 
18 207 213 
1 214 214 
2 215 215 
3 216 216 
4 217 217 
5 218 218 
6 219 219 
7 220 220 
8 221 221 
15 222 222 
1 223 223 
2 224 224 
3 225 225 
4 226 226 
5 227 227 
6 228 228 
7 229 229 
8 230 230 
17 231 241 
18 242 248 
1 249 249 
2 250 250 
3 251 251 
4 252 252 
5 253 253 
6 254 254 
7 255 255 
8 256 256 
1 257 257 
2 258 258 
3 259 259 
4 260 260 
5 261 261 
6 262 262 
7 263 263 
8 264 264 
17 265 275 
18 276 282 
20 283 286 
1 287 287 
2 288 288 
3 289 289 
4 290 290 
5 291 291 
6 292 292 
7 293 293 
8 294 294 
1 295 295 
2 296 296 
3 297 297 
4 298 298 
5 299 299 
6 300 300 
7 301 301 
8 302 302 
17 303 313 
18 314 320 
1 321 321 
2 322 322 
3 323 323 
4 324 324 
5 325 325 
6 326 326 
7 327 327 
8 328 328 
1 329 329 
2 330 330 
3 331 331 
4 332 332 
5 333 333 
6 334 334 
7 335 335 
8 336 336 
14 337 340 
17 341 351 
18 352 358 
20 359 362 
1 363 363 
2 364 364 
3 365 365 
4 366 366 
5 367 367 
6 368 368 
7 369 369 
8 370 370 
17 371 374 
17 375 380 
1 381 381 
2 382 382 
3 383 383 
4 384 384 
5 385 385 
6 386 386 
7 387 387 
8 388 388 
9 389 394 
10 395 400 
11 401 404 
12 405 408 
17 409 419 
18 420 427 
19 428 434 
20 435 441 
1 442 442 
2 443 443 
3 444 444 
4 445 445 
5 446 446 
6 447 447 
7 448 448 
8 449 449 
9 450 455 
10 456 461 
11 462 466 
12 467 471 
14 472 477 
17 478 488 
18 489 496 
19 497 503 
20 504 511 
1 512 512 
2 513 513 
3 514 514 
4 515 515 
5 516 516 
6 517 517 
7 518 518 
8 519 519 
9 520 525 
10 526 531 
11 532 536 
12 537 541 
13 542 544 
14 545 549 
17 550 559 
18 560 567 
19 568 574 
20 575 579 
1 580 580 
2 581 581 
3 582 582 
4 583 583 
5 584 584 
6 585 585 
7 586 586 
8 587 587 
9 588 591 
10 592 597 
11 598 603 
12 604 609 
13 610 612 
14 613 616 
17 617 627 
18 628 635 
19 636 642 
20 643 649 
16 650 650 
15 651 651 
15 652 652 
15 653 653 
15 654 654 
16 655 655 
##############################################################
# stl_yqdpl: predator length name, first and last predator-length-prey index, and predator length
15 1 6 500
15 7 12 500
15 13 18 500
15 19 25 500
15 26 33 500
15 34 35 500
15 36 38 500
15 39 44 500
10 45 47 150
11 48 51 200
12 52 56 250
13 57 64 300
14 65 72 400
15 73 80 500
16 81 88 700
17 89 96 1000
9 97 99 100
10 100 103 150
11 104 108 200
12 109 115 250
13 116 122 300
14 123 129 400
10 130 131 150
11 132 133 200
12 134 136 250
13 137 139 300
14 140 142 400
15 143 145 500
14 146 149 400
15 150 152 500
16 153 158 700
17 159 163 1000
15 164 171 500
15 172 176 500
15 177 183 500
15 184 185 500
15 186 193 500
15 194 198 500
15 199 201 500
15 202 204 500
11 205 207 200
12 208 210 250
13 211 211 300
14 212 212 400
11 213 215 200
12 216 218 250
13 219 222 300
14 223 226 400
10 227 227 150
11 228 231 200
12 232 236 250
13 237 243 300
14 244 251 400
15 252 259 500
16 260 267 700
17 268 274 1000
9 275 275 100
10 276 278 150
11 279 283 200
12 284 289 250
13 290 295 300
14 296 298 400
10 299 299 150
11 300 301 200
12 302 303 250
13 304 306 300
14 307 309 400
15 310 312 500
13 313 313 300
14 314 314 400
15 315 318 500
16 319 320 700
17 321 321 1000
15 322 323 500
15 324 327 500
15 328 335 500
15 336 337 500
15 338 345 500
15 346 350 500
15 351 353 500
15 354 356 500
11 357 357 200
12 358 362 250
13 363 366 300
14 367 368 400
11 369 369 200
12 370 374 250
13 375 379 300
14 380 384 400
11 385 387 200
12 388 392 250
13 393 400 300
14 401 407 400
15 408 415 500
16 416 423 700
17 424 427 1000
9 428 428 100
10 429 433 150
11 434 439 200
12 440 446 250
13 447 453 300
14 454 459 400
10 460 461 150
11 462 463 200
12 464 466 250
13 467 469 300
14 470 472 400
15 473 475 500
13 476 479 300
14 480 484 400
15 485 489 500
16 490 493 700
15 494 499 500
15 500 504 500
15 505 510 500
15 511 517 500
15 518 524 500
15 525 526 500
15 527 529 500
15 530 535 500
12 536 536 250
13 537 538 300
14 539 540 400
12 541 541 250
13 542 545 300
14 546 547 400
10 548 549 150
11 550 551 200
12 552 557 250
13 558 562 300
14 563 569 400
15 570 577 500
16 578 585 700
17 586 590 1000
9 591 593 100
10 594 596 150
11 597 604 200
12 605 612 250
13 613 620 300
14 621 624 400
10 625 626 150
11 627 628 200
12 629 631 250
13 632 634 300
14 635 637 400
15 638 640 500
14 641 643 400
15 644 647 500
16 648 651 700
20 652 657 500
20 658 663 500
20 664 669 500
20 670 676 500
20 677 684 500
20 685 686 500
20 687 689 500
20 690 695 500
24 696 702 1000
14 703 705 150
15 706 711 200
16 712 718 250
17 719 725 300
18 726 733 350
19 734 740 400
20 741 747 500
21 748 755 600
22 756 763 700
23 764 771 800
24 772 777 1000
13 778 780 100
14 781 784 150
15 785 790 200
16 791 797 250
17 798 804 300
18 805 811 350
19 812 818 400
20 819 826 500
20 827 831 500
20 832 838 500
20 839 840 500
20 841 848 500
20 849 853 500
20 854 856 500
20 857 859 500
24 860 866 1000
20 867 868 500
20 869 872 500
20 873 880 500
20 881 882 500
20 883 890 500
20 891 895 500
20 896 898 500
20 899 901 500
24 902 908 1000
24 909 913 1000
14 914 914 150
15 915 916 200
16 917 922 250
17 923 929 300
18 930 935 350
19 936 943 400
20 944 949 500
21 950 955 600
22 956 962 700
23 963 969 800
24 970 973 1000
13 974 978 100
14 979 983 150
15 984 991 200
16 992 999 250
17 1000 1007 300
18 1008 1014 350
19 1015 1019 400
20 1020 1025 500
20 1026 1030 500
20 1031 1036 500
20 1037 1043 500
20 1044 1050 500
20 1051 1052 500
20 1053 1055 500
20 1056 1061 500
24 1062 1068 1000
20 1069 1074 500
20 1075 1080 500
20 1081 1086 500
20 1087 1093 500
20 1094 1101 500
20 1102 1103 500
20 1104 1106 500
20 1107 1112 500
14 1113 1114 150
15 1115 1117 200
16 1118 1122 250
17 1123 1128 300
18 1129 1134 350
19 1135 1141 400
20 1142 1149 500
21 1150 1157 600
22 1158 1165 700
23 1166 1173 800
24 1174 1180 1000
13 1181 1183 100
14 1184 1189 150
15 1190 1195 200
16 1196 1203 250
17 1204 1210 300
18 1211 1217 350
19 1218 1222 400
20 1223 1230 500
20 1231 1235 500
20 1236 1242 500
20 1243 1244 500
20 1245 1252 500
20 1253 1257 500
20 1258 1260 500
20 1261 1263 500
20 1264 1265 500
20 1266 1269 500
20 1270 1277 500
20 1278 1279 500
20 1280 1287 500
20 1288 1292 500
20 1293 1295 500
20 1296 1298 500
14 1299 1299 150
15 1300 1305 200
16 1306 1311 250
17 1312 1317 300
18 1318 1323 350
19 1324 1330 400
20 1331 1336 500
21 1337 1342 600
22 1343 1348 700
23 1349 1355 800
24 1356 1360 1000
13 1361 1365 100
14 1366 1370 150
15 1371 1377 200
16 1378 1385 250
17 1386 1393 300
18 1394 1400 350
19 1401 1405 400
17 1406 1409 300
19 1410 1414 400
20 1415 1419 500
22 1420 1423 700
20 1424 1429 500
20 1430 1434 500
20 1435 1440 500
20 1441 1447 500
20 1448 1454 500
20 1455 1456 500
20 1457 1459 500
20 1460 1465 500
20 1466 1471 500
20 1472 1477 500
20 1478 1483 500
20 1484 1490 500
20 1491 1498 500
20 1499 1500 500
20 1501 1503 500
20 1504 1509 500
14 1510 1511 150
15 1512 1517 200
16 1518 1524 250
17 1525 1531 300
18 1532 1537 350
19 1538 1545 400
20 1546 1553 500
21 1554 1560 600
22 1561 1566 700
23 1567 1572 800
24 1573 1577 1000
13 1578 1580 100
14 1581 1585 150
15 1586 1591 200
16 1592 1598 250
17 1599 1605 300
18 1606 1611 350
19 1612 1614 400
20 1615 1622 500
20 1623 1627 500
20 1628 1634 500
20 1635 1636 500
20 1637 1644 500
20 1645 1649 500
20 1650 1652 500
20 1653 1655 500
20 1656 1657 500
20 1658 1661 500
20 1662 1669 500
20 1670 1671 500
20 1672 1679 500
20 1680 1684 500
20 1685 1687 500
20 1688 1690 500
15 1691 1692 200
16 1693 1696 250
17 1697 1699 300
18 1700 1703 350
14 1704 1704 150
15 1705 1710 200
16 1711 1716 250
17 1717 1722 300
18 1723 1728 350
19 1729 1736 400
20 1737 1742 500
21 1743 1749 600
22 1750 1756 700
23 1757 1763 800
24 1764 1769 1000
13 1770 1771 100
14 1772 1776 150
15 1777 1782 200
16 1783 1789 250
17 1790 1796 300
18 1797 1804 350
19 1805 1810 400
17 1811 1811 300
19 1812 1817 400
20 1818 1822 500
22 1823 1826 700
20 1827 1832 500
20 1833 1837 500
20 1838 1843 500
20 1844 1850 500
20 1851 1857 500
20 1858 1859 500
20 1860 1862 500
20 1863 1868 500
15 1869 1870 150
16 1871 1872 200
17 1873 1874 250
19 1875 1876 350
16 1877 1879 200
17 1880 1883 250
18 1884 1887 300
19 1888 1893 350
20 1894 1898 400
21 1899 1904 500
21 1905 1910 500
21 1911 1916 500
21 1917 1922 500
21 1923 1929 500
21 1930 1937 500
21 1938 1939 500
21 1940 1942 500
21 1943 1948 500
16 1949 1949 200
17 1950 1952 250
18 1953 1954 300
19 1955 1956 350
20 1957 1959 400
21 1960 1961 500
15 1962 1963 150
16 1964 1966 200
17 1967 1971 250
18 1972 1975 300
19 1976 1979 350
20 1980 1982 400
15 1983 1983 150
16 1984 1984 200
17 1985 1985 250
18 1986 1986 300
15 1987 1987 150
16 1988 1988 200
17 1989 1989 250
18 1990 1990 300
15 1991 1993 150
16 1994 1996 200
17 1997 1999 250
18 2000 2003 300
19 2004 2009 350
20 2010 2016 400
21 2017 2024 500
22 2025 2032 600
23 2033 2040 700
24 2041 2048 800
25 2049 2055 1000
13 2056 2056 100
14 2057 2059 120
15 2060 2064 150
16 2065 2070 200
17 2071 2077 250
18 2078 2084 300
19 2085 2091 350
20 2092 2097 400
15 2098 2098 150
16 2099 2100 200
17 2101 2101 250
18 2102 2104 300
19 2105 2107 350
20 2108 2109 400
21 2110 2111 500
18 2112 2114 300
19 2115 2116 350
20 2117 2120 400
21 2121 2124 500
22 2125 2127 600
23 2128 2130 700
24 2131 2133 800
21 2134 2141 500
21 2142 2146 500
21 2147 2153 500
21 2154 2155 500
21 2156 2163 500
21 2164 2168 500
21 2169 2171 500
21 2172 2174 500
16 2175 2175 200
17 2176 2177 250
18 2178 2179 300
19 2180 2181 350
20 2182 2185 400
21 2186 2187 500
15 2188 2189 150
16 2190 2191 200
17 2192 2193 250
18 2194 2198 300
19 2199 2202 350
20 2203 2206 400
16 2207 2208 200
17 2209 2212 250
18 2213 2215 300
19 2216 2218 350
20 2219 2220 400
16 2221 2222 200
17 2223 2226 250
18 2227 2230 300
19 2231 2235 350
20 2236 2239 400
13 2240 2240 100
15 2241 2241 150
16 2242 2242 200
17 2243 2243 250
18 2244 2245 300
19 2246 2246 350
15 2247 2248 150
16 2249 2250 200
17 2251 2253 250
18 2254 2258 300
19 2259 2264 350
20 2265 2272 400
21 2273 2280 500
22 2281 2287 600
23 2288 2295 700
24 2296 2303 800
25 2304 2310 1000
13 2311 2311 100
14 2312 2313 120
15 2314 2316 150
16 2317 2320 200
17 2321 2326 250
18 2327 2332 300
19 2333 2338 350
20 2339 2344 400
15 2345 2346 150
16 2347 2348 200
17 2349 2350 250
18 2351 2352 300
19 2353 2354 350
20 2355 2357 400
21 2358 2359 500
18 2360 2360 300
19 2361 2363 350
20 2364 2366 400
21 2367 2370 500
22 2371 2374 600
23 2375 2378 700
24 2379 2384 800
25 2385 2387 1000
21 2388 2389 500
21 2390 2393 500
21 2394 2401 500
21 2402 2403 500
21 2404 2411 500
21 2412 2416 500
21 2417 2419 500
21 2420 2422 500
16 2423 2424 200
17 2425 2428 250
18 2429 2431 300
19 2432 2436 350
20 2437 2440 400
21 2441 2445 500
15 2446 2449 150
16 2450 2454 200
17 2455 2461 250
18 2462 2467 300
19 2468 2474 350
20 2475 2476 400
16 2477 2477 200
17 2478 2480 250
18 2481 2485 300
19 2486 2488 350
20 2489 2492 400
16 2493 2493 200
17 2494 2496 250
18 2497 2501 300
19 2502 2506 350
20 2507 2510 400
17 2511 2513 250
18 2514 2516 300
19 2517 2519 350
15 2520 2520 150
16 2521 2521 200
17 2522 2522 250
18 2523 2526 300
19 2527 2530 350
16 2531 2534 200
17 2535 2540 250
18 2541 2548 300
19 2549 2554 350
20 2555 2562 400
21 2563 2569 500
22 2570 2577 600
23 2578 2584 700
24 2585 2591 800
25 2592 2596 1000
13 2597 2600 100
14 2601 2603 120
15 2604 2609 150
16 2610 2617 200
17 2618 2625 250
18 2626 2633 300
19 2634 2640 350
20 2641 2646 400
15 2647 2649 150
16 2650 2652 200
17 2653 2655 250
18 2656 2658 300
19 2659 2661 350
20 2662 2664 400
21 2665 2667 500
20 2668 2672 400
21 2673 2678 500
22 2679 2682 600
23 2683 2687 700
24 2688 2692 800
21 2693 2698 500
21 2699 2703 500
21 2704 2709 500
21 2710 2716 500
21 2717 2723 500
21 2724 2725 500
21 2726 2728 500
21 2729 2734 500
16 2735 2735 200
17 2736 2738 250
18 2739 2741 300
19 2742 2744 350
15 2745 2746 150
16 2747 2751 200
17 2752 2755 250
18 2756 2762 300
19 2763 2766 350
20 2767 2768 400
15 2769 2770 150
16 2771 2773 200
17 2774 2775 250
18 2776 2777 300
19 2778 2779 350
20 2780 2780 400
15 2781 2781 150
16 2782 2784 200
17 2785 2785 250
18 2786 2788 300
19 2789 2792 350
20 2793 2796 400
17 2797 2797 250
18 2798 2799 300
19 2800 2801 350
16 2802 2802 200
17 2803 2803 250
18 2804 2805 300
19 2806 2806 350
15 2807 2807 150
16 2808 2809 200
17 2810 2815 250
18 2816 2822 300
19 2823 2829 350
20 2830 2837 400
21 2838 2844 500
22 2845 2852 600
23 2853 2858 700
24 2859 2866 800
25 2867 2872 1000
13 2873 2874 100
14 2875 2878 120
15 2879 2883 150
16 2884 2891 200
17 2892 2899 250
18 2900 2906 300
19 2907 2913 350
20 2914 2919 400
15 2920 2922 150
16 2923 2923 200
17 2924 2926 250
18 2927 2929 300
19 2930 2932 350
20 2933 2935 400
21 2936 2938 500
19 2939 2940 350
20 2941 2945 400
21 2946 2950 500
22 2951 2954 600
23 2955 2959 700
24 2960 2964 800
25 2965 2968 1000
25 2969 2973 1000
25 2974 2980 1000
25 2981 2987 1000
25 2988 2994 1000
25 2995 3001 1000
25 3002 3007 1000
##############################################################
# stl_yqdplp: prey name, first and last year-quarter-predator-length-prey-length
0 0 0
17 9 9
18 9 9
21 8 10
23 8 9
24 7 9
0 0 0
18 9 11
19 9 10
21 8 10
22 8 10
24 7 9
0 0 0
18 9 9
19 9 9
21 10 12
23 8 9
24 7 9
0 0 0
17 9 9
18 9 9
19 9 9
21 9 11
22 8 9
24 7 9
0 0 0
17 9 9
18 9 9
19 9 9
21 10 12
22 8 9
23 8 9
24 7 9
0 0 0
21 10 13
0 0 0
21 8 9
22 8 10
0 0 0
18 9 11
21 8 9
22 8 8
23 8 9
24 7 8
0 0 0
22 8 8
24 8 8
0 0 0
22 8 9
23 8 8
24 7 8
0 0 0
21 9 9
22 8 8
23 8 8
24 7 9
0 0 0
17 9 9
18 9 10
19 9 9
21 9 9
22 8 11
23 8 9
24 7 9
0 0 0
17 9 10
18 9 11
19 9 10
21 8 12
22 8 11
23 8 10
24 7 9
0 0 0
17 9 13
18 9 13
19 9 12
21 9 12
22 8 11
23 8 10
24 7 9
0 0 0
17 9 13
18 9 13
19 9 12
21 9 12
22 8 10
23 8 10
24 7 9
0 0 0
17 10 13
18 9 13
19 9 10
21 9 12
22 9 9
23 9 10
24 7 9
0 0 0
22 8 8
24 7 7
0 0 0
22 8 9
23 8 8
24 7 9
0 0 0
17 9 9
22 8 10
23 8 9
24 7 9
0 0 0
18 9 9
19 9 9
21 9 9
22 8 10
23 8 10
24 7 9
0 0 0
18 9 10
19 9 10
21 8 10
22 8 11
23 8 10
24 7 9
0 0 0
18 9 10
19 9 11
21 9 9
22 9 11
23 8 10
24 7 8
0 0 0
22 8 8
0 0 0
22 8 10
0 0 0
22 8 8
23 8 8
0 0 0
22 8 11
23 8 8
0 0 0
22 8 10
23 8 9
0 0 0
22 10 10
23 8 9
0 0 0
19 9 10
22 8 10
23 8 10
0 0 0
19 9 10
23 8 10
0 0 0
18 9 11
19 9 11
21 8 8
22 9 9
23 8 10
0 0 0
18 12 12
19 9 9
22 9 9
23 9 11
0 0 0
17 9 9
18 9 9
19 9 9
21 9 10
22 8 10
23 8 9
24 7 9
0 0 0
18 9 11
21 9 10
22 8 10
24 7 9
0 0 0
17 9 9
18 9 9
19 9 9
21 10 12
23 8 9
24 7 9
0 0 0
22 8 10
0 0 0
17 9 9
18 9 9
19 9 9
21 10 12
22 8 10
23 8 9
24 7 9
0 0 0
17 11 13
21 10 13
22 8 10
24 8 10
0 0 0
22 8 10
24 7 9
0 0 0
22 8 9
24 7 9
0 0 0
22 9 10
24 7 7
0 0 0
22 9 10
24 7 8
0 0 0
0 0 0
0 0 0
22 9 10
24 7 7
0 0 0
22 9 10
24 7 8
0 0 0
21 9 9
22 9 10
24 7 8
0 0 0
21 9 9
22 9 10
24 8 9
0 0 0
0 0 0
22 9 9
23 8 8
24 7 8
0 0 0
17 10 10
19 9 9
22 9 10
24 7 8
0 0 0
18 9 9
19 9 10
21 9 10
22 9 10
23 9 9
24 7 9
0 0 0
17 9 9
18 9 11
19 9 10
21 10 10
22 9 11
23 9 10
24 7 9
0 0 0
17 10 11
18 9 11
19 9 11
21 10 11
22 9 11
23 9 10
24 9 10
0 0 0
17 10 14
18 10 12
19 9 12
21 10 12
22 9 11
23 9 10
24 9 9
0 0 0
18 11 12
19 10 10
21 11 11
22 9 9
23 9 9
24 8 8
0 0 0
0 0 0
22 9 9
24 7 7
0 0 0
18 9 9
22 9 10
23 8 8
24 7 9
0 0 0
18 9 9
19 9 10
22 9 10
23 8 10
24 7 9
0 0 0
18 9 9
19 9 10
22 9 10
23 8 10
24 8 9
0 0 0
22 9 10
23 9 10
0 0 0
0 0 0
22 9 9
0 0 0
22 9 9
0 0 0
22 9 10
23 8 8
0 0 0
22 9 10
23 9 9
0 0 0
22 9 9
23 9 9
0 0 0
0 0 0
0 0 0
19 9 9
22 9 9
23 9 10
0 0 0
23 9 10
0 0 0
0 0 0
22 7 10
0 0 0
18 9 11
22 8 10
24 8 9
0 0 0
17 7 9
18 7 9
19 8 9
21 10 12
22 8 10
23 7 9
24 8 9
0 0 0
22 7 10
0 0 0
17 7 9
18 7 9
19 8 9
21 10 12
22 7 10
23 7 9
24 8 9
0 0 0
17 11 13
21 10 13
22 7 10
24 8 10
0 0 0
22 7 10
24 8 9
0 0 0
22 7 9
24 8 9
0 0 0
0 0 0
21 8 8
22 7 11
23 7 8
24 9 9
0 0 0
21 8 8
22 7 8
23 7 8
0 0 0
23 7 8
0 0 0
0 0 0
21 8 8
22 7 11
23 7 8
24 9 9
0 0 0
21 8 9
22 7 11
23 7 8
24 8 9
0 0 0
21 8 10
22 7 9
23 7 8
24 8 9
0 0 0
18 8 8
22 7 9
0 0 0
18 8 8
19 9 9
22 7 9
23 7 8
0 0 0
17 7 9
18 7 9
19 8 9
21 8 11
22 7 10
23 7 8
24 8 9
0 0 0
18 8 10
19 8 10
21 8 12
22 7 10
23 7 10
24 9 10
0 0 0
17 10 11
18 8 12
19 8 12
21 8 13
22 7 10
23 7 10
24 8 8
0 0 0
17 8 13
18 11 13
19 8 13
21 10 13
22 7 9
23 7 10
24 7 7
0 0 0
18 12 12
19 8 14
23 7 10
0 0 0
0 0 0
17 7 8
19 8 8
22 7 8
23 7 7
0 0 0
18 7 8
21 8 8
22 7 8
23 7 8
24 8 9
0 0 0
18 7 9
19 8 9
21 8 9
22 7 10
23 7 8
24 7 8
0 0 0
18 7 9
19 8 9
21 8 9
22 7 10
23 7 9
24 8 9
0 0 0
18 8 9
19 8 9
22 8 10
23 7 9
24 9 9
0 0 0
22 7 8
0 0 0
22 7 9
0 0 0
22 7 9
23 7 8
0 0 0
22 7 9
23 7 9
0 0 0
22 7 9
23 7 10
0 0 0
22 7 8
23 8 9
0 0 0
19 8 8
22 7 8
23 7 7
0 0 0
18 9 9
19 8 8
22 7 8
23 7 9
0 0 0
18 10 10
19 8 9
22 7 8
23 7 10
0 0 0
19 8 10
21 9 9
23 7 10
0 0 0
17 8 9
18 8 9
21 8 10
23 8 9
24 7 9
0 0 0
18 9 11
21 8 10
22 8 10
24 7 9
0 0 0
18 8 9
19 8 9
21 10 12
23 8 9
24 7 9
0 0 0
17 8 9
18 8 9
19 8 9
21 9 11
22 8 9
24 7 9
0 0 0
17 8 9
18 8 9
19 8 9
21 10 12
23 8 9
24 7 9
0 0 0
21 10 13
0 0 0
21 8 9
22 7 10
0 0 0
18 8 11
21 8 9
22 7 8
23 8 9
24 7 8
0 0 0
0 0 0
23 8 9
0 0 0
23 8 10
0 0 0
0 0 0
21 8 9
22 9 9
24 9 9
0 0 0
21 8 9
0 0 0
22 7 7
0 0 0
22 8 9
0 0 0
17 9 9
19 8 9
22 7 9
23 8 9
24 8 8
0 0 0
18 8 8
19 8 9
22 7 10
23 7 10
0 0 0
18 8 11
19 8 10
21 9 10
22 7 11
23 7 9
24 7 9
0 0 0
17 8 10
18 8 11
19 8 10
21 9 12
22 7 10
23 8 10
24 8 9
0 0 0
17 9 13
18 8 13
19 8 13
21 10 13
22 7 11
23 7 10
24 9 9
0 0 0
18 12 12
19 9 13
22 8 11
23 8 8
0 0 0
22 7 8
23 7 7
0 0 0
22 7 9
23 7 8
0 0 0
17 8 8
18 8 9
19 8 9
21 8 8
22 7 9
23 7 9
24 7 9
0 0 0
17 8 9
18 8 9
19 8 10
21 8 8
22 7 10
23 7 9
24 8 9
0 0 0
17 8 9
18 8 10
19 8 9
21 8 9
22 7 10
23 7 9
24 7 9
0 0 0
18 9 9
19 8 10
23 8 9
0 0 0
22 7 7
0 0 0
23 8 8
0 0 0
22 8 8
23 7 9
0 0 0
22 7 9
23 8 9
0 0 0
22 7 9
23 7 9
0 0 0
22 7 7
23 7 9
0 0 0
19 9 9
23 8 9
0 0 0
19 8 9
21 9 9
23 7 10
0 0 0
19 9 9
21 8 9
23 7 10
0 0 0
17 13 13
18 13 13
21 12 14
23 12 13
24 9 13
0 0 0
18 13 15
19 13 14
21 11 14
22 11 14
24 9 13
0 0 0
18 13 13
19 13 13
21 14 16
23 12 13
24 9 13
0 0 0
17 13 13
18 13 13
19 13 13
21 13 15
22 12 13
24 9 13
0 0 0
17 13 13
18 13 13
19 13 13
21 14 16
22 11 13
23 12 13
24 9 13
0 0 0
21 14 17
0 0 0
21 11 13
22 11 14
0 0 0
18 13 15
21 11 13
22 11 11
23 12 13
24 9 11
0 0 0
17 13 22
18 13 19
19 13 20
21 14 17
22 12 15
23 11 15
0 0 0
22 11 11
24 9 10
0 0 0
19 13 13
21 12 12
22 11 12
23 11 13
24 10 11
0 0 0
18 13 13
19 13 13
21 11 13
22 11 13
23 11 14
24 9 11
0 0 0
18 13 13
19 13 14
21 11 14
22 11 14
23 11 14
24 10 13
0 0 0
17 14 14
18 13 14
19 13 14
21 11 15
22 11 15
23 11 14
24 9 13
0 0 0
18 13 14
19 13 14
21 11 15
22 11 14
23 11 14
24 9 13
0 0 0
18 14 16
19 13 16
21 11 16
22 11 15
23 11 14
24 12 13
0 0 0
17 13 17
18 13 17
19 13 16
21 11 16
22 12 15
23 12 14
24 12 13
0 0 0
17 14 16
18 13 16
19 13 16
21 11 16
22 12 14
23 12 14
24 9 12
0 0 0
17 15 16
18 13 16
19 13 17
21 13 17
22 12 13
23 11 14
24 10 13
0 0 0
17 15 16
18 13 17
21 13 15
23 12 13
24 13 13
0 0 0
22 11 11
24 9 11
0 0 0
22 11 13
23 11 11
24 9 11
0 0 0
18 13 13
21 11 11
22 11 14
23 11 14
24 9 13
0 0 0
18 13 13
19 13 14
21 11 14
22 11 14
23 11 14
24 9 13
0 0 0
18 13 13
19 13 13
21 11 14
22 11 15
23 11 13
24 9 13
0 0 0
18 13 14
19 13 13
21 11 14
22 13 14
23 11 14
24 9 13
0 0 0
17 13 13
18 15 15
19 13 13
21 13 14
23 11 13
24 11 13
0 0 0
17 13 13
18 13 13
19 13 13
21 13 14
22 11 14
23 12 13
24 10 13
0 0 0
18 13 15
21 13 14
22 12 14
24 10 13
0 0 0
17 13 13
18 13 13
19 13 13
21 14 16
23 12 13
24 10 13
0 0 0
22 11 14
0 0 0
17 13 13
18 13 13
19 13 13
21 14 16
22 11 14
23 12 13
24 10 13
0 0 0
17 15 18
21 14 17
22 11 14
24 12 14
0 0 0
22 11 14
24 9 13
0 0 0
22 11 13
24 9 13
0 0 0
17 13 22
18 13 19
19 13 20
21 14 17
22 12 15
23 11 15
0 0 0
22 10 14
0 0 0
18 13 15
22 12 14
24 12 13
0 0 0
17 10 13
18 10 13
19 11 13
21 14 16
22 11 14
23 10 13
24 12 13
0 0 0
22 10 14
0 0 0
17 10 13
18 10 13
19 11 13
21 14 16
22 10 14
23 10 13
24 12 13
0 0 0
17 15 18
21 14 17
22 10 14
24 12 14
0 0 0
22 10 14
24 11 13
0 0 0
22 10 13
24 12 13
0 0 0
17 11 22
18 9 19
19 12 20
21 14 17
22 12 15
23 10 15
0 0 0
17 10 17
18 9 17
21 14 16
22 11 14
0 0 0
0 0 0
22 12 12
0 0 0
17 10 11
18 9 13
19 11 12
21 11 13
22 10 13
0 0 0
17 12 12
18 11 13
19 11 12
21 12 14
22 10 14
23 10 13
0 0 0
18 10 13
19 11 13
21 12 14
22 9 13
23 9 14
0 0 0
17 10 11
18 9 16
19 11 14
21 13 15
22 9 15
23 9 14
24 13 13
0 0 0
18 10 16
19 12 14
21 12 16
22 9 14
23 9 14
0 0 0
18 15 16
19 11 16
21 14 15
22 10 13
23 9 14
0 0 0
17 13 17
18 14 17
19 12 17
21 13 15
22 13 13
23 10 13
0 0 0
17 16 17
18 10 16
19 12 16
21 14 16
22 12 13
23 11 14
0 0 0
18 15 15
21 14 15
23 13 13
0 0 0
18 9 11
19 11 11
22 9 11
24 9 9
0 0 0
18 9 11
22 9 13
23 9 9
24 11 11
0 0 0
17 9 11
18 9 11
19 11 11
21 11 13
22 9 14
23 9 9
24 9 13
0 0 0
17 11 11
18 9 11
19 11 13
21 11 14
22 9 14
23 9 11
24 9 13
0 0 0
17 11 11
18 9 13
19 11 13
21 11 15
22 9 14
23 9 14
24 9 13
0 0 0
18 9 11
19 11 13
21 11 14
22 9 14
23 9 13
24 13 13
0 0 0
19 11 11
21 13 15
23 11 13
24 11 13
0 0 0
17 10 13
18 11 13
21 12 14
23 11 13
24 10 13
0 0 0
18 13 15
21 11 14
22 11 14
24 9 13
0 0 0
18 10 13
19 12 13
21 14 16
23 11 13
24 10 13
0 0 0
17 11 13
18 11 13
19 12 13
21 13 15
22 12 13
24 9 13
0 0 0
17 10 13
18 11 13
19 12 13
21 14 16
23 11 13
24 10 13
0 0 0
21 14 17
0 0 0
21 11 13
22 10 14
0 0 0
18 12 15
21 11 13
22 10 11
23 12 13
24 9 11
0 0 0
17 11 22
18 10 19
19 12 20
21 14 17
22 12 15
23 10 15
0 0 0
17 13 13
18 13 13
21 12 14
23 12 13
24 9 13
0 0 0
18 13 15
19 13 14
21 11 14
22 11 14
24 9 13
0 0 0
18 13 13
19 13 13
21 14 16
23 12 13
24 9 13
0 0 0
17 13 13
18 13 13
19 13 13
21 13 15
22 12 13
24 9 13
0 0 0
17 13 13
18 13 13
19 13 13
21 14 16
22 11 13
23 12 13
24 9 13
0 0 0
21 14 17
0 0 0
21 11 13
22 11 14
0 0 0
18 13 15
21 11 13
22 11 11
23 12 13
24 9 11
0 0 0
22 11 13
0 0 0
21 11 13
22 11 13
0 0 0
19 13 13
21 11 13
22 11 14
24 13 13
0 0 0
19 13 13
21 12 14
22 11 13
23 12 13
24 12 13
0 0 0
18 14 14
19 13 14
22 11 14
23 12 14
24 12 12
0 0 0
18 13 15
19 13 14
21 11 16
22 11 13
23 12 14
24 12 13
0 0 0
17 13 15
18 13 16
19 13 16
21 12 16
22 11 14
23 11 14
24 11 13
0 0 0
17 14 16
18 13 16
19 13 14
21 12 15
22 13 13
23 12 14
24 12 13
0 0 0
17 13 16
18 13 17
19 13 17
21 12 16
22 12 14
23 12 14
24 12 13
0 0 0
17 13 18
18 13 16
19 13 16
21 12 16
22 12 14
23 12 14
24 11 13
0 0 0
17 17 17
18 13 16
19 13 14
21 13 16
22 11 14
23 12 13
0 0 0
22 11 13
24 10 10
0 0 0
18 13 13
21 11 11
22 11 13
23 12 12
24 9 9
0 0 0
18 13 13
21 11 13
22 11 13
23 11 13
24 11 13
0 0 0
17 13 13
18 13 13
19 13 13
21 11 13
22 11 14
23 11 13
24 9 13
0 0 0
18 13 13
19 13 13
21 11 14
22 11 14
23 11 14
24 11 13
0 0 0
18 13 14
19 13 13
21 11 14
22 13 13
23 11 14
24 12 13
0 0 0
21 11 11
22 13 13
23 11 13
24 12 13
0 0 0
17 13 13
18 13 13
19 13 13
21 13 14
22 11 14
23 12 13
24 10 13
0 0 0
18 13 15
21 13 14
22 12 14
24 10 13
0 0 0
17 13 13
18 13 13
19 13 13
21 14 16
23 12 13
24 10 13
0 0 0
22 11 14
0 0 0
17 13 13
18 13 13
19 13 13
21 14 16
22 11 14
23 12 13
24 10 13
0 0 0
17 15 18
21 14 17
22 11 14
24 12 14
0 0 0
22 11 14
24 9 13
0 0 0
22 11 13
24 9 13
0 0 0
22 10 14
0 0 0
18 13 15
22 12 14
24 12 13
0 0 0
17 10 13
18 10 13
19 11 13
21 14 16
22 11 14
23 10 13
24 12 13
0 0 0
22 10 14
0 0 0
17 10 13
18 10 13
19 11 13
21 14 16
22 10 14
23 10 13
24 12 13
0 0 0
17 15 18
21 14 17
22 10 14
24 12 14
0 0 0
22 10 14
24 11 13
0 0 0
22 10 13
24 12 13
0 0 0
0 0 0
18 10 12
19 12 12
21 11 13
22 9 13
23 9 11
0 0 0
18 9 12
19 11 13
21 12 13
22 9 14
23 9 11
0 0 0
18 10 13
19 11 12
21 11 13
22 9 14
23 9 13
0 0 0
18 12 12
19 11 13
21 12 13
22 9 14
23 10 14
0 0 0
17 11 11
18 13 14
19 12 15
21 13 15
22 9 14
23 10 14
0 0 0
18 11 14
19 11 15
21 12 16
22 10 14
23 9 14
0 0 0
18 12 14
19 11 14
21 11 15
22 10 13
23 9 15
0 0 0
18 12 16
19 12 14
21 11 15
22 12 13
23 10 14
0 0 0
17 16 16
18 13 16
19 14 15
21 14 17
22 12 14
23 10 15
0 0 0
18 13 17
19 15 17
21 14 16
23 13 14
0 0 0
17 9 9
18 9 9
22 9 11
23 9 10
0 0 0
18 9 12
21 11 12
22 9 13
23 9 9
0 0 0
18 9 12
19 11 12
21 11 13
22 9 14
23 9 11
24 9 13
0 0 0
17 11 11
18 9 13
19 11 13
21 11 13
22 9 14
23 9 13
24 9 13
0 0 0
17 11 11
18 9 13
19 11 13
21 11 14
22 9 15
23 9 15
24 9 13
0 0 0
18 9 13
19 11 13
21 11 14
22 9 14
23 9 14
24 11 13
0 0 0
18 10 12
19 11 11
21 11 14
23 9 14
0 0 0
19 11 13
22 9 13
23 9 13
0 0 0
18 9 11
19 11 13
22 9 13
23 9 14
0 0 0
18 9 11
19 11 13
22 9 9
23 9 14
0 0 0
19 11 13
21 15 17
23 9 14
0 0 0
17 10 13
18 11 13
21 12 14
23 11 13
24 10 13
0 0 0
18 13 15
21 11 14
22 11 14
24 9 13
0 0 0
18 10 13
19 12 13
21 14 16
23 11 13
24 10 13
0 0 0
17 11 13
18 11 13
19 12 13
21 13 15
22 12 13
24 9 13
0 0 0
17 10 13
18 11 13
19 12 13
21 14 16
23 11 13
24 10 13
0 0 0
21 14 17
0 0 0
21 11 13
22 10 14
0 0 0
18 12 15
21 11 13
22 10 11
23 12 13
24 9 11
0 0 0
17 13 13
18 13 13
21 12 14
23 12 13
24 9 13
0 0 0
18 13 15
19 13 14
21 11 14
22 11 14
24 9 13
0 0 0
18 13 13
19 13 13
21 14 16
23 12 13
24 9 13
0 0 0
17 13 13
18 13 13
19 13 13
21 13 15
22 12 13
24 9 13
0 0 0
17 13 13
18 13 13
19 13 13
21 14 16
22 11 13
23 12 13
24 9 13
0 0 0
21 14 17
0 0 0
21 11 13
22 11 14
0 0 0
18 13 15
21 11 13
22 11 11
23 12 13
24 9 11
0 0 0
22 12 12
0 0 0
18 13 13
21 11 13
22 11 13
23 13 13
24 9 9
0 0 0
17 13 13
18 13 14
19 13 13
21 11 13
22 11 13
23 12 13
0 0 0
17 13 13
18 13 13
19 13 13
21 11 13
22 11 14
23 11 14
0 0 0
18 13 14
19 13 14
21 11 14
22 11 14
23 12 14
0 0 0
17 13 13
18 13 14
19 13 15
21 11 15
22 11 14
23 13 13
24 13 13
0 0 0
17 14 14
18 13 16
19 13 13
21 11 14
22 13 14
23 13 14
24 9 13
0 0 0
17 14 14
18 13 16
19 13 14
21 13 14
22 12 15
23 13 13
0 0 0
17 16 16
18 13 16
19 13 16
21 11 16
23 12 13
0 0 0
17 15 17
18 13 14
19 13 16
21 12 15
23 15 15
0 0 0
17 15 17
18 14 16
19 15 15
21 12 15
0 0 0
22 11 13
24 9 9
0 0 0
21 11 13
22 11 13
23 12 13
24 9 11
0 0 0
18 13 13
21 11 13
22 11 14
23 11 13
24 9 13
0 0 0
18 13 13
19 13 13
21 11 13
22 11 14
23 11 13
24 9 13
0 0 0
18 13 14
19 13 13
21 11 14
22 11 14
23 11 14
24 9 13
0 0 0
19 13 13
21 13 14
22 12 14
23 13 13
24 11 13
0 0 0
21 13 13
23 12 12
0 0 0
17 13 13
18 13 13
19 13 13
21 13 14
22 11 14
23 12 13
24 10 13
0 0 0
18 13 15
21 13 14
22 12 14
24 10 13
0 0 0
17 13 13
18 13 13
19 13 13
21 14 16
23 12 13
24 10 13
0 0 0
22 11 14
0 0 0
17 13 13
18 13 13
19 13 13
21 14 16
22 11 14
23 12 13
24 10 13
0 0 0
17 15 18
21 14 17
22 11 14
24 12 14
0 0 0
22 11 14
24 9 13
0 0 0
22 11 13
24 9 13
0 0 0
22 10 14
0 0 0
18 13 15
22 12 14
24 12 13
0 0 0
17 10 13
18 10 13
19 11 13
21 14 16
22 11 14
23 10 13
24 12 13
0 0 0
22 10 14
0 0 0
17 10 13
18 10 13
19 11 13
21 14 16
22 10 14
23 10 13
24 12 13
0 0 0
17 15 18
21 14 17
22 10 14
24 12 14
0 0 0
22 10 14
24 11 13
0 0 0
22 10 13
24 12 13
0 0 0
18 9 9
0 0 0
18 9 9
21 11 12
24 12 12
0 0 0
21 11 13
24 12 12
0 0 0
18 9 9
21 11 11
24 11 11
0 0 0
0 0 0
18 9 11
19 12 12
21 11 13
22 9 13
23 11 12
0 0 0
18 10 13
19 11 12
21 11 13
22 9 14
23 11 11
0 0 0
18 11 14
19 11 13
21 11 15
22 9 15
23 9 14
0 0 0
18 10 14
19 11 14
21 11 14
22 10 15
23 9 14
0 0 0
17 13 13
18 10 15
19 11 14
21 11 15
22 9 15
23 10 14
24 13 13
0 0 0
18 9 15
19 12 15
21 11 16
22 11 14
23 12 14
0 0 0
18 9 15
19 11 15
21 12 15
22 13 14
23 13 14
24 13 13
0 0 0
17 16 17
18 12 17
19 14 17
21 12 15
22 13 13
23 13 14
0 0 0
17 16 16
18 13 17
19 12 15
21 13 16
22 12 14
23 11 14
0 0 0
17 17 18
18 12 12
19 17 17
21 14 15
22 13 14
0 0 0
22 9 9
0 0 0
18 9 11
21 11 12
22 9 14
23 9 10
0 0 0
18 9 12
21 11 12
22 9 14
23 9 13
24 9 13
0 0 0
18 9 12
19 11 11
21 11 14
22 11 14
23 9 14
24 9 14
0 0 0
18 9 13
19 11 11
21 11 14
22 9 14
23 9 14
24 9 13
0 0 0
17 11 11
18 9 13
19 11 14
21 11 14
22 9 13
23 9 14
24 9 13
0 0 0
17 12 12
19 12 12
21 13 13
23 9 13
24 12 13
0 0 0
0 0 0
18 10 11
19 11 11
21 14 14
22 11 11
23 10 14
0 0 0
18 11 11
19 11 13
21 15 15
23 11 15
0 0 0
19 14 14
21 13 17
23 13 14
0 0 0
17 10 13
18 11 13
21 12 14
23 11 13
24 10 13
0 0 0
18 13 15
21 11 14
22 11 14
24 9 13
0 0 0
18 10 13
19 12 13
21 14 16
23 11 13
24 10 13
0 0 0
17 11 13
18 11 13
19 12 13
21 13 15
22 12 13
24 9 13
0 0 0
17 10 13
18 11 13
19 12 13
21 14 16
23 11 13
24 10 13
0 0 0
21 14 17
0 0 0
21 11 13
22 10 14
0 0 0
18 12 15
21 11 13
22 10 11
23 12 13
24 9 11
0 0 0
22 11 13
0 0 0
22 11 12
0 0 0
22 11 13
0 0 0
22 11 14
0 0 0
22 9 9
23 12 12
0 0 0
18 12 14
19 14 14
22 9 13
0 0 0
18 11 15
22 9 13
23 9 11
0 0 0
17 12 12
18 12 15
19 12 14
22 9 14
23 10 11
0 0 0
17 9 12
18 10 15
22 9 15
23 11 12
0 0 0
17 12 12
18 12 13
19 13 14
22 10 13
23 9 12
0 0 0
17 13 14
18 13 14
21 12 15
23 12 14
24 9 13
0 0 0
18 13 16
19 13 15
21 11 15
22 11 15
24 9 14
0 0 0
18 13 14
19 13 14
21 15 17
23 12 14
24 9 13
0 0 0
17 13 14
18 13 14
19 13 14
21 13 16
22 12 14
24 9 13
0 0 0
17 13 14
18 13 14
19 13 14
21 15 17
22 11 14
23 12 14
24 9 13
0 0 0
21 15 18
0 0 0
21 11 13
22 11 15
0 0 0
18 13 16
21 11 13
22 11 11
23 12 14
24 9 11
0 0 0
0 0 0
22 11 13
23 11 11
0 0 0
22 11 13
0 0 0
22 11 13
0 0 0
22 11 15
23 15 15
0 0 0
22 12 13
0 0 0
22 13 13
0 0 0
22 11 12
23 13 13
0 0 0
17 14 14
18 13 13
22 11 14
23 12 14
0 0 0
18 13 14
22 11 14
23 12 14
0 0 0
18 13 14
22 11 15
23 12 15
0 0 0
18 13 14
23 12 15
0 0 0
0 0 0
0 0 0
0 0 0
0 0 0
0 0 0
0 0 0
0 0 0
0 0 0
22 12 15
24 9 11
0 0 0
22 13 14
24 12 12
0 0 0
22 12 12
23 13 13
0 0 0
18 14 14
22 11 15
23 13 14
0 0 0
18 13 15
21 12 16
22 11 14
23 13 14
24 12 12
0 0 0
18 13 16
19 14 15
21 14 16
22 11 15
23 12 14
24 12 14
0 0 0
17 15 15
18 14 17
19 13 15
21 13 17
22 12 16
23 12 15
24 12 12
0 0 0
17 15 19
18 13 18
19 14 16
21 13 17
22 14 15
23 12 15
24 12 14
0 0 0
17 14 16
18 13 18
19 14 16
21 12 17
22 13 15
23 12 14
24 11 14
0 0 0
17 17 17
18 13 18
19 15 20
21 11 17
22 11 15
23 12 15
24 12 12
0 0 0
17 15 15
18 13 18
19 16 17
21 13 16
22 13 13
24 11 12
0 0 0
0 0 0
22 11 13
24 10 10
0 0 0
21 12 12
22 11 14
23 11 14
24 9 12
0 0 0
18 13 14
21 13 14
22 11 15
23 11 14
24 9 13
0 0 0
18 13 14
19 14 15
21 12 13
22 11 15
23 11 15
24 9 13
0 0 0
18 13 15
19 13 15
21 12 14
22 11 15
23 11 15
24 10 14
0 0 0
18 13 15
19 15 15
21 13 14
22 14 15
23 11 15
24 10 12
0 0 0
18 13 13
19 14 14
21 14 15
22 15 15
23 13 15
0 0 0
0 0 0
22 11 13
0 0 0
0 0 0
22 11 13
23 12 12
0 0 0
22 12 12
23 14 14
0 0 0
23 12 13
0 0 0
23 13 13
0 0 0
22 11 11
23 11 15
0 0 0
23 12 15
0 0 0
21 14 14
22 14 14
23 11 15
0 0 0
21 16 16
22 11 11
23 13 15
0 0 0
21 14 16
23 13 16
0 0 0
21 16 16
23 14 17
0 0 0
21 17 17
23 12 15
0 0 0
17 13 14
18 13 14
19 13 14
21 13 15
22 11 15
23 12 14
24 10 14
0 0 0
18 13 16
21 13 15
22 12 15
24 10 14
0 0 0
17 13 14
18 13 14
19 13 14
21 15 17
23 12 14
24 10 14
0 0 0
22 11 15
0 0 0
17 13 14
18 13 14
19 13 14
21 15 17
22 11 15
23 12 14
24 10 14
0 0 0
17 16 19
21 15 18
22 11 15
24 12 15
0 0 0
22 11 15
24 9 13
0 0 0
22 11 14
24 9 13
0 0 0
0 0 0
22 14 14
0 0 0
22 12 13
0 0 0
22 11 15
0 0 0
18 15 15
22 12 15
23 12 15
0 0 0
18 15 15
0 0 0
22 11 12
0 0 0
22 11 14
0 0 0
22 11 15
0 0 0
18 13 14
19 14 14
22 11 15
24 9 13
0 0 0
18 13 14
22 11 15
23 14 14
0 0 0
18 13 14
22 11 11
23 13 15
0 0 0
22 12 12
0 0 0
22 11 12
23 11 11
24 11 11
0 0 0
22 11 13
24 11 12
0 0 0
22 11 14
24 11 12
0 0 0
22 11 13
0 0 0
22 12 12
0 0 0
22 11 13
23 11 11
24 11 11
0 0 0
21 13 13
22 11 16
24 11 13
0 0 0
21 13 14
22 11 16
23 12 12
24 11 14
0 0 0
22 12 15
23 11 11
24 13 13
0 0 0
0 0 0
0 0 0
0 0 0
0 0 0
24 11 12
0 0 0
0 0 0
22 12 14
0 0 0
22 11 15
0 0 0
22 11 15
24 10 10
0 0 0
17 13 13
22 11 15
23 13 15
24 12 12
0 0 0
18 14 14
19 14 14
21 16 16
22 11 16
23 11 15
0 0 0
17 15 16
18 14 16
19 13 15
21 15 15
22 11 15
23 11 16
24 13 13
0 0 0
17 14 16
18 14 17
19 13 16
21 14 16
22 11 16
23 13 16
24 12 14
0 0 0
18 14 18
19 15 17
21 13 17
22 11 16
23 12 15
24 11 13
0 0 0
17 13 20
18 13 18
19 15 16
21 13 17
22 11 16
23 12 15
24 12 13
0 0 0
17 16 20
18 14 18
19 14 19
21 15 17
22 11 16
23 14 15
24 12 14
0 0 0
18 15 17
19 15 16
21 15 17
22 14 15
23 13 14
24 12 13
0 0 0
0 0 0
22 11 11
0 0 0
22 11 13
24 9 10
0 0 0
22 11 15
23 11 15
24 10 14
0 0 0
18 14 15
21 14 15
22 11 16
23 11 15
24 10 13
0 0 0
18 13 15
21 14 14
22 11 15
23 11 15
24 10 15
0 0 0
18 13 14
21 14 14
22 11 16
23 11 15
24 11 14
0 0 0
18 13 13
21 13 14
22 11 15
23 12 15
24 14 14
0 0 0
22 11 12
0 0 0
22 11 12
0 0 0
22 12 13
0 0 0
22 11 12
0 0 0
22 11 15
0 0 0
22 11 14
23 14 14
0 0 0
22 15 15
0 0 0
0 0 0
22 11 11
23 13 14
0 0 0
22 11 15
23 12 15
0 0 0
19 15 15
22 11 12
23 13 15
0 0 0
21 16 17
22 11 15
23 12 15
0 0 0
18 17 17
21 16 17
23 12 15
0 0 0
18 16 18
19 16 17
21 15 18
22 11 12
23 12 15
0 0 0
21 16 17
23 13 14
0 0 0
22 10 15
0 0 0
18 13 16
22 12 15
24 12 14
0 0 0
17 10 14
18 10 14
19 11 14
21 15 17
22 11 15
23 10 14
24 12 14
0 0 0
22 10 15
0 0 0
17 10 14
18 10 14
19 11 14
21 15 17
22 10 15
23 10 14
24 12 14
0 0 0
17 16 19
21 15 18
22 10 15
24 12 15
0 0 0
22 10 15
24 11 13
0 0 0
22 10 14
24 12 13
0 0 0
22 10 11
0 0 0
17 9 9
22 10 14
23 12 12
0 0 0
22 9 14
23 10 14
0 0 0
17 11 14
18 14 14
22 9 14
23 10 14
0 0 0
17 9 12
22 9 14
23 9 15
0 0 0
17 15 15
18 14 14
22 14 14
23 12 12
0 0 0
18 10 11
22 9 13
23 9 10
0 0 0
17 10 11
18 9 12
22 9 14
23 9 12
0 0 0
17 9 12
18 9 14
19 13 13
22 9 14
23 9 13
24 9 12
0 0 0
17 9 12
18 9 13
19 12 12
22 9 14
23 9 15
0 0 0
17 9 12
18 9 15
19 12 13
22 9 15
23 9 14
24 10 10
0 0 0
22 12 14
0 0 0
0 0 0
22 9 12
23 9 9
0 0 0
21 11 12
22 9 13
23 9 12
24 9 9
0 0 0
22 9 14
23 9 14
0 0 0
21 14 14
22 10 15
23 11 12
0 0 0
0 0 0
22 9 12
23 9 9
0 0 0
21 11 12
22 9 13
23 9 12
24 9 9
0 0 0
21 13 13
22 9 15
23 9 14
24 12 12
0 0 0
21 14 14
22 10 15
23 11 12
0 0 0
22 9 12
23 10 10
0 0 0
22 9 10
23 10 10
0 0 0
22 12 13
23 9 9
0 0 0
0 0 0
0 0 0
0 0 0
18 9 11
21 13 13
22 10 10
0 0 0
18 10 10
21 13 13
22 13 13
0 0 0
17 10 12
22 9 14
23 10 13
0 0 0
17 10 13
18 10 13
19 12 12
22 9 16
23 9 13
0 0 0
17 9 13
18 13 15
19 12 14
21 14 14
22 9 15
23 10 15
24 11 13
0 0 0
17 10 13
18 11 15
19 12 14
22 10 15
23 10 15
0 0 0
17 10 14
18 11 14
19 11 14
21 15 16
22 9 16
23 10 15
24 13 13
0 0 0
17 9 16
18 12 14
19 12 15
21 15 17
22 10 16
23 9 15
0 0 0
17 11 13
18 12 18
19 11 16
21 16 17
22 11 16
23 9 15
24 14 14
0 0 0
17 14 14
18 14 17
21 14 17
22 10 15
23 10 15
24 14 14
0 0 0
17 12 12
18 14 16
19 13 14
21 13 17
22 12 13
23 11 15
0 0 0
17 20 20
19 17 17
21 17 17
23 14 14
0 0 0
18 9 10
22 9 11
23 9 11
0 0 0
22 9 12
23 9 11
0 0 0
19 11 11
21 12 12
22 9 13
23 9 11
24 11 11
0 0 0
17 10 10
18 9 13
19 11 12
21 13 13
22 9 14
23 9 12
24 9 12
0 0 0
17 9 12
18 9 13
19 11 13
21 12 15
22 9 16
23 9 15
24 9 14
0 0 0
17 11 12
18 9 15
19 11 14
21 12 15
22 9 15
23 9 15
24 10 14
0 0 0
18 12 14
19 11 14
21 11 15
22 9 15
23 9 15
24 12 14
0 0 0
18 12 16
19 12 12
21 14 14
22 11 12
23 11 15
0 0 0
22 9 11
23 10 10
0 0 0
22 9 13
23 10 12
0 0 0
22 9 13
23 11 11
0 0 0
22 9 13
23 12 13
0 0 0
22 9 14
23 10 12
0 0 0
22 9 14
23 10 12
0 0 0
22 9 14
23 9 9
0 0 0
18 9 13
19 11 14
22 10 12
23 9 15
0 0 0
18 11 14
19 12 13
21 17 17
22 12 12
23 9 15
0 0 0
18 9 12
19 13 14
23 10 15
0 0 0
18 13 13
19 12 13
21 16 17
23 11 15
0 0 0
18 13 13
19 11 14
21 15 18
23 10 15
0 0 0
17 10 14
18 11 14
21 12 15
23 11 14
24 10 13
0 0 0
18 13 16
21 11 15
22 11 15
24 9 14
0 0 0
18 10 14
19 12 14
21 15 17
23 11 14
24 10 13
0 0 0
17 11 14
18 11 14
19 12 14
21 13 16
22 12 14
24 9 13
0 0 0
17 10 14
18 11 14
19 12 14
21 15 17
23 11 14
24 10 13
0 0 0
21 15 18
0 0 0
21 11 13
22 10 15
0 0 0
18 12 16
21 11 13
22 10 11
23 12 14
24 9 11
0 0 0
0 0 0
22 13 13
23 12 12
0 0 0
22 11 13
23 12 12
0 0 0
22 12 15
23 12 14
0 0 0
22 10 12
0 0 0
18 10 12
19 12 12
22 11 14
24 10 10
0 0 0
17 10 13
18 12 15
22 12 13
0 0 0
17 12 13
18 13 14
19 12 12
22 12 14
23 11 11
24 9 9
0 0 0
18 14 14
22 10 16
23 11 11
0 0 0
18 12 12
0 0 0
24 9 10
0 0 0
22 9 9
24 11 11
0 0 0
23 12 12
0 0 0
23 9 13
0 0 0
23 12 13
0 0 0
0 0 0
0 0 0
22 9 9
24 11 11
0 0 0
0 0 0
21 12 12
24 12 13
0 0 0
21 11 11
22 12 13
24 12 14
0 0 0
21 13 13
22 16 16
24 12 14
0 0 0
0 0 0
23 11 11
0 0 0
23 10 12
0 0 0
0 0 0
0 0 0
21 12 12
0 0 0
0 0 0
0 0 0
24 11 11
0 0 0
17 12 13
18 13 13
19 12 13
22 13 13
23 10 12
0 0 0
17 12 14
18 15 15
19 11 14
22 9 12
23 11 14
24 11 12
0 0 0
17 10 12
18 13 13
19 12 15
22 9 14
23 9 14
24 12 14
0 0 0
17 10 14
18 14 16
19 12 15
21 16 16
22 11 15
23 11 15
24 11 14
0 0 0
17 13 13
18 13 17
19 12 15
21 15 16
22 11 14
23 12 15
0 0 0
17 14 14
18 14 16
19 11 15
21 15 17
22 9 15
23 12 15
24 10 12
0 0 0
18 14 17
19 12 17
21 16 16
23 12 15
24 11 12
0 0 0
17 14 14
18 15 17
19 13 16
21 16 16
22 12 12
23 12 15
24 12 12
0 0 0
18 15 16
19 12 15
21 14 16
23 12 13
24 11 12
0 0 0
23 12 12
0 0 0
22 9 9
23 9 12
24 9 11
0 0 0
19 12 12
22 10 14
23 9 13
24 10 12
0 0 0
17 13 13
18 13 13
19 12 13
21 12 12
22 9 15
23 9 14
24 9 13
0 0 0
17 12 12
18 12 13
19 12 14
21 12 15
22 9 16
23 9 14
24 9 14
0 0 0
18 11 14
19 11 14
21 12 14
22 9 15
23 9 15
24 9 14
0 0 0
18 12 14
19 11 15
21 12 14
22 11 16
23 9 15
24 10 13
0 0 0
18 13 13
19 13 14
22 12 12
23 12 15
24 9 11
0 0 0
22 10 10
23 11 11
0 0 0
0 0 0
22 10 13
23 9 13
0 0 0
22 9 14
23 9 13
0 0 0
22 11 13
23 11 14
0 0 0
22 11 12
23 9 13
0 0 0
22 13 13
23 11 14
0 0 0
23 10 13
0 0 0
18 12 14
19 12 14
22 10 11
23 9 15
0 0 0
18 13 13
19 13 14
22 12 12
23 11 15
0 0 0
19 13 15
21 15 17
23 12 15
0 0 0
18 11 14
19 14 14
21 16 17
23 12 15
0 0 0
18 12 12
19 12 14
21 16 17
23 12 13
0 0 0
19 13 14
21 16 17
23 12 14
0 0 0
17 9 22
18 9 20
21 13 18
22 11 16
0 0 0
17 13 23
18 13 19
19 14 20
21 13 18
22 11 15
23 11 16
0 0 0
17 13 23
18 13 19
19 14 20
21 13 18
22 11 15
23 11 16
0 0 0
17 11 23
18 9 19
19 12 20
21 13 18
22 9 15
23 9 16
0 0 0
17 11 23
18 10 19
19 12 20
21 13 18
22 9 15
23 9 16
0 0 0
17 11 22
18 9 20
21 12 14
22 12 16
23 9 12
