# Combination of species x year x quarter with no catch
# 0=no (or insignificant) catch, 1=catch data availeble
# Cod
1 1 1 1 # 1963 
1 1 1 1 # 1964 
1 1 1 1 # 1965 
1 1 1 1 # 1966 
1 1 1 1 # 1967 
1 1 1 1 # 1968
1 1 1 1 # 1969 
1 1 1 1 # 1970 
1 1 1 1 # 1971 
1 1 1 1 # 1972 
1 1 1 1 # 1973 
1 1 1 1 # 1974 
1 1 1 1 # 1975 
1 1 1 1 # 1976 
1 1 1 1 # 1977 
1 1 1 1 # 1978 
1 1 1 1 # 1979 
1 1 1 1 # 1980 
1 1 1 1 # 1981 
1 1 1 1 # 1982 
1 1 1 1 # 1983 
1 1 1 1 # 1974 
1 1 1 1 # 1985 
1 1 1 1 # 1986 
1 1 1 1 # 1987 
1 1 1 1 # 1988 
1 1 1 1 # 1989 
1 1 1 1 # 1990 
1 1 1 1 # 1991 
1 1 1 1 # 1992 
1 1 1 1 # 1993 
1 1 1 1 # 1994 
1 1 1 1 # 1995 
1 1 1 1 # 1996 
1 1 1 1 # 1997 
1 1 1 1 # 1998 
1 1 1 1 # 1999 
1 1 1 1 # 2000 
1 1 1 1 # 2001
1 1 1 1 # 2002
1 1 1 1 # 2003 
1 1 1 1 # 2004
1 1 1 1 # 2005
1 1 1 1 # 2006 
1 1 1 1 # 2007
1 1 1 1 # 2008
1 1 1 1 # 2009 
1 1 1 1 # 2010
# whiting
1 1 1 1 # 1963 
1 1 1 1 # 1964 
1 1 1 1 # 1965 
1 1 1 1 # 1966 
1 1 1 1 # 1967 
1 1 1 1 # 1968
1 1 1 1 # 1969 
1 1 1 1 # 1970 
1 1 1 1 # 1971 
1 1 1 1 # 1972 
1 1 1 1 # 1973 
1 1 1 1 # 1974 
1 1 1 1 # 1975 
1 1 1 1 # 1976 
1 1 1 1 # 1977 
1 1 1 1 # 1978 
1 1 1 1 # 1979 
1 1 1 1 # 1980 
1 1 1 1 # 1981 
1 1 1 1 # 1982 
1 1 1 1 # 1983 
1 1 1 1 # 1974 
1 1 1 1 # 1985 
1 1 1 1 # 1986 
1 1 1 1 # 1987 
1 1 1 1 # 1988 
1 1 1 1 # 1989 
1 1 1 1 # 1990 
1 1 1 1 # 1991 
1 1 1 1 # 1992 
1 1 1 1 # 1993 
1 1 1 1 # 1994 
1 1 1 1 # 1995 
1 1 1 1 # 1996 
1 1 1 1 # 1997 
1 1 1 1 # 1998 
1 1 1 1 # 1999 
1 1 1 1 # 2000 
1 1 1 1 # 2001
1 1 1 1 # 2002
1 1 1 1 # 2003 
1 1 1 1 # 2004
1 1 1 1 # 2005
1 1 1 1 # 2006 
1 1 1 1 # 2007
1 1 1 1 # 2008
1 1 1 1 # 2009 
1 1 1 1 # 2010
# Haddock
1 1 1 1 # 1963 
1 1 1 1 # 1964 
1 1 1 1 # 1965 
1 1 1 1 # 1966 
1 1 1 1 # 1967 
1 1 1 1 # 1968
1 1 1 1 # 1969 
1 1 1 1 # 1970 
1 1 1 1 # 1971 
1 1 1 1 # 1972 
1 1 1 1 # 1973 
1 1 1 1 # 1974 
1 1 1 1 # 1975 
1 1 1 1 # 1976 
1 1 1 1 # 1977 
1 1 1 1 # 1978 
1 1 1 1 # 1979 
1 1 1 1 # 1980 
1 1 1 1 # 1981 
1 1 1 1 # 1982 
1 1 1 1 # 1983 
1 1 1 1 # 1974 
1 1 1 1 # 1985 
1 1 1 1 # 1986 
1 1 1 1 # 1987 
1 1 1 1 # 1988 
1 1 1 1 # 1989 
1 1 1 1 # 1990 
1 1 1 1 # 1991 
1 1 1 1 # 1992 
1 1 1 1 # 1993 
1 1 1 1 # 1994 
1 1 1 1 # 1995 
1 1 1 1 # 1996 
1 1 1 1 # 1997 
1 1 1 1 # 1998 
1 1 1 1 # 1999 
1 1 1 1 # 2000 
1 1 1 1 # 2001
1 1 1 1 # 2002
1 1 1 1 # 2003 
1 1 1 1 # 2004
1 1 1 1 # 2005
1 1 1 1 # 2006 
1 1 1 1 # 2007
1 1 1 1 # 2008
1 1 1 1 # 2009 
1 1 1 1 # 2010
# Saithe
1 1 1 1 # 1963 
1 1 1 1 # 1964 
1 1 1 1 # 1965 
1 1 1 1 # 1966 
1 1 1 1 # 1967 
1 1 1 1 # 1968
1 1 1 1 # 1969 
1 1 1 1 # 1970 
1 1 1 1 # 1971 
1 1 1 1 # 1972 
1 1 1 1 # 1973 
1 1 1 1 # 1974 
1 1 1 1 # 1975 
1 1 1 1 # 1976 
1 1 1 1 # 1977 
1 1 1 1 # 1978 
1 1 1 1 # 1979 
1 1 1 1 # 1980 
1 1 1 1 # 1981 
1 1 1 1 # 1982 
1 1 1 1 # 1983 
1 1 1 1 # 1974 
1 1 1 1 # 1985 
1 1 1 1 # 1986 
1 1 1 1 # 1987 
1 1 1 1 # 1988 
1 1 1 1 # 1989 
1 1 1 1 # 1990 
1 1 1 1 # 1991 
1 1 1 1 # 1992 
1 1 1 1 # 1993 
1 1 1 1 # 1994 
1 1 1 1 # 1995 
1 1 1 1 # 1996 
1 1 1 1 # 1997 
1 1 1 1 # 1998 
1 1 1 1 # 1999 
1 1 1 1 # 2000 
1 1 1 1 # 2001
1 1 1 1 # 2002
1 1 1 1 # 2003 
1 1 1 1 # 2004
1 1 1 1 # 2005
1 1 1 1 # 2006 
1 1 1 1 # 2007
1 1 1 1 # 2008
1 1 1 1 # 2009 
1 1 1 1 # 2010
# Herring
1 1 1 1 # 1963 
1 1 1 1 # 1964 
1 1 1 1 # 1965 
1 1 1 1 # 1966 
1 1 1 1 # 1967 
1 1 1 1 # 1968
1 1 1 1 # 1969 
1 1 1 1 # 1970 
1 1 1 1 # 1971 
1 1 1 1 # 1972 
1 1 1 1 # 1973 
1 1 1 1 # 1974 
1 1 1 1 # 1975 
1 1 1 1 # 1976 
1 1 1 1 # 1977 
1 1 1 1 # 1978 
1 1 1 1 # 1979 
1 1 1 1 # 1980 
1 1 1 1 # 1981 
1 1 1 1 # 1982 
1 1 1 1 # 1983 
1 1 1 1 # 1974 
1 1 1 1 # 1985 
1 1 1 1 # 1986 
1 1 1 1 # 1987 
1 1 1 1 # 1988 
1 1 1 1 # 1989 
1 1 1 1 # 1990 
1 1 1 1 # 1991 
1 1 1 1 # 1992 
1 1 1 1 # 1993 
1 1 1 1 # 1994 
1 1 1 1 # 1995 
1 1 1 1 # 1996 
1 1 1 1 # 1997 
1 1 1 1 # 1998 
1 1 1 1 # 1999 
1 1 1 1 # 2000 
1 1 1 1 # 2001
1 1 1 1 # 2002
1 1 1 1 # 2003 
1 1 1 1 # 2004
1 1 1 1 # 2005
1 1 1 1 # 2006 
1 1 1 1 # 2007
1 1 1 1 # 2008
1 1 1 1 # 2009 
1 1 1 1 # 2010
# Sandeel
1 1 1 1 # 1963 
1 1 1 1 # 1964 
1 1 1 1 # 1965 
1 1 1 1 # 1966 
1 1 1 1 # 1967 
1 1 1 1 # 1968
1 1 1 1 # 1969 
1 1 1 1 # 1970 
1 1 1 1 # 1971 
1 1 1 1 # 1972 
1 1 1 1 # 1973 
1 1 1 1 # 1974 
1 1 1 1 # 1975 
1 1 1 1 # 1976 
1 1 1 1 # 1977 
1 1 1 1 # 1978 
1 1 1 1 # 1979 
1 1 1 1 # 1980 
1 1 1 1 # 1981 
1 1 1 1 # 1982 
1 1 1 1 # 1983 
1 1 1 1 # 1974 
1 1 1 1 # 1985 
1 1 1 1 # 1986 
1 1 1 1 # 1987 
1 1 1 1 # 1988 
1 1 1 1 # 1989 
1 1 1 1 # 1990 
1 1 1 1 # 1991 
1 1 1 1 # 1992 
1 1 1 1 # 1993 
1 1 1 1 # 1994 
1 1 1 1 # 1995 
1 1 1 1 # 1996 
1 1 1 1 # 1997 
1 1 1 1 # 1998 
1 1 1 1 # 1999 
1 1 1 1 # 2000 
1 1 1 1 # 2001
1 1 1 1 # 2002
1 1 1 1 # 2003 
1 1 1 1 # 2004
1 1 1 1 # 2005
1 1 1 1 # 2006 
1 1 1 1 # 2007
1 1 1 1 # 2008
1 1 1 1 # 2009 
1 1 1 1 # 2010
# Norway pout
1 1 1 1 # 1963 
1 1 1 1 # 1964 
1 1 1 1 # 1965 
1 1 1 1 # 1966 
1 1 1 1 # 1967 
1 1 1 1 # 1968
1 1 1 1 # 1969 
1 1 1 1 # 1970 
1 1 1 1 # 1971 
1 1 1 1 # 1972 
1 1 1 1 # 1973 
1 1 1 1 # 1974 
1 1 1 1 # 1975 
1 1 1 1 # 1976 
1 1 1 1 # 1977 
1 1 1 1 # 1978 
1 1 1 1 # 1979 
1 1 1 1 # 1980 
1 1 1 1 # 1981 
1 1 1 1 # 1982 
1 1 1 1 # 1983 
1 1 1 1 # 1974 
1 1 1 1 # 1985 
1 1 1 1 # 1986 
1 1 1 1 # 1987 
1 1 1 1 # 1988 
1 1 1 1 # 1989 
1 1 1 1 # 1990 
1 1 1 1 # 1991 
1 1 1 1 # 1992 
1 1 1 1 # 1993 
1 1 1 1 # 1994 
1 1 1 1 # 1995 
1 1 1 1 # 1996 
1 1 1 1 # 1997 
1 1 1 1 # 1998 
1 1 1 1 # 1999 
1 1 1 1 # 2000 
1 1 1 1 # 2001
1 1 1 1 # 2002
1 1 1 1 # 2003 
1 1 1 1 # 2004
0 0 0 0 # 2005
1 1 1 1 # 2006 
0 0 0 0 # 2007
1 1 1 1 # 2008
1 1 1 1 # 2009 
0 1 1 1 # 2010
# Sprat
1 1 1 1 # 1963 
1 1 1 1 # 1964 
1 1 1 1 # 1965 
1 1 1 1 # 1966 
1 1 1 1 # 1967 
1 1 1 1 # 1968
1 1 1 1 # 1969 
1 1 1 1 # 1970 
1 1 1 1 # 1971 
1 1 1 1 # 1972 
1 1 1 1 # 1973 
1 1 1 1 # 1974 
1 1 1 1 # 1975 
1 1 1 1 # 1976 
1 1 1 1 # 1977 
1 1 1 1 # 1978 
1 1 1 1 # 1979 
1 1 1 1 # 1980 
1 1 1 1 # 1981 
1 1 1 1 # 1982 
1 1 1 1 # 1983 
1 1 1 1 # 1974 
1 1 1 1 # 1985 
1 1 1 1 # 1986 
1 1 1 1 # 1987 
1 1 1 1 # 1988 
1 1 1 1 # 1989 
1 1 1 1 # 1990 
1 1 1 1 # 1991 
1 1 1 1 # 1992 
1 1 1 1 # 1993 
1 1 1 1 # 1994 
1 1 1 1 # 1995 
1 1 1 1 # 1996 
1 1 1 1 # 1997 
1 1 1 1 # 1998 
1 1 1 1 # 1999 
1 1 1 1 # 2000 
1 1 1 1 # 2001
1 1 1 1 # 2002
1 1 1 1 # 2003 
1 1 1 1 # 2004
1 1 1 1 # 2005
1 1 1 1 # 2006 
1 1 1 1 # 2007
1 1 1 1 # 2008
1 1 1 1 # 2009 
1 1 1 1 # 2010
# Plaice
1 1 1 1 # 1963 
1 1 1 1 # 1964 
1 1 1 1 # 1965 
1 1 1 1 # 1966 
1 1 1 1 # 1967 
1 1 1 1 # 1968
1 1 1 1 # 1969 
1 1 1 1 # 1970 
1 1 1 1 # 1971 
1 1 1 1 # 1972 
1 1 1 1 # 1973 
1 1 1 1 # 1974 
1 1 1 1 # 1975 
1 1 1 1 # 1976 
1 1 1 1 # 1977 
1 1 1 1 # 1978 
1 1 1 1 # 1979 
1 1 1 1 # 1980 
1 1 1 1 # 1981 
1 1 1 1 # 1982 
1 1 1 1 # 1983 
1 1 1 1 # 1974 
1 1 1 1 # 1985 
1 1 1 1 # 1986 
1 1 1 1 # 1987 
1 1 1 1 # 1988 
1 1 1 1 # 1989 
1 1 1 1 # 1990 
1 1 1 1 # 1991 
1 1 1 1 # 1992 
1 1 1 1 # 1993 
1 1 1 1 # 1994 
1 1 1 1 # 1995 
1 1 1 1 # 1996 
1 1 1 1 # 1997 
1 1 1 1 # 1998 
1 1 1 1 # 1999 
1 1 1 1 # 2000 
1 1 1 1 # 2001
1 1 1 1 # 2002
1 1 1 1 # 2003 
1 1 1 1 # 2004
1 1 1 1 # 2005
1 1 1 1 # 2006 
1 1 1 1 # 2007
1 1 1 1 # 2008
1 1 1 1 # 2009 
1 1 1 1 # 2010
# Sole
1 1 1 1 # 1963 
1 1 1 1 # 1964 
1 1 1 1 # 1965 
1 1 1 1 # 1966 
1 1 1 1 # 1967 
1 1 1 1 # 1968
1 1 1 1 # 1969 
1 1 1 1 # 1970 
1 1 1 1 # 1971 
1 1 1 1 # 1972 
1 1 1 1 # 1973 
1 1 1 1 # 1974 
1 1 1 1 # 1975 
1 1 1 1 # 1976 
1 1 1 1 # 1977 
1 1 1 1 # 1978 
1 1 1 1 # 1979 
1 1 1 1 # 1980 
1 1 1 1 # 1981 
1 1 1 1 # 1982 
1 1 1 1 # 1983 
1 1 1 1 # 1974 
1 1 1 1 # 1985 
1 1 1 1 # 1986 
1 1 1 1 # 1987 
1 1 1 1 # 1988 
1 1 1 1 # 1989 
1 1 1 1 # 1990 
1 1 1 1 # 1991 
1 1 1 1 # 1992 
1 1 1 1 # 1993 
1 1 1 1 # 1994 
1 1 1 1 # 1995 
1 1 1 1 # 1996 
1 1 1 1 # 1997 
1 1 1 1 # 1998 
1 1 1 1 # 1999 
1 1 1 1 # 2000 
1 1 1 1 # 2001
1 1 1 1 # 2002
1 1 1 1 # 2003 
1 1 1 1 # 2004
1 1 1 1 # 2005
1 1 1 1 # 2006 
1 1 1 1 # 2007
1 1 1 1 # 2008
1 1 1 1 # 2009 
1 1 1 1 # 2010



