
Table  1    Herring :  Stock numbers (thousands) 

            Age 0    Age 1    Age 2    Age 3    Age 4    Age 5    Age 6    Age 7    Age 8
                                                                                         
1974 Q1         . 16000700 14536400  8443800  8700730  3851930  1744780  1099760  3881680
     Q2         . 13460100 13034700  7767300  8051020  3555240  1611140  1020730  3627840
     Q3  19573500 12546100 11716400  6798120  6991660  3021870  1366640   867195  3095920
     Q4  15735800 11303900 10588800  6042010  6200550  2671320  1213730   770168  2774120
1975 Q1         . 12321300  9850980  9285420  5374600  5530160  2364480  1073440  3182880
     Q2         .  9968830  8625210  8402440  4908500  5043670  2157900   985695  2953610
     Q3  33621300  9162580  7689490  7314880  4244720  4273550  1823060   834634  2516170
     Q4  27688100  8266030  6941890  6496170  3761470  3775010  1616630   740125  2251970
1976 Q1         . 22646700  7264650  6127260  5802810  3366250  3352860  1434820  2689360
     Q2         . 19136900  6436940  5545670  5284370  3053910  3043410  1308140  2473780
     Q3  24485700 17870600  5688020  4707090  4435870  2490950  2477580  1066530  2025030
     Q4  20321900 16140400  5110390  4128720  3874700  2158730  2154780   927569  1777220
1977 Q1         . 16620900 14065700  4463540  3644580  3420950  1885440  1880720  2389860
     Q2         . 13867200 12523800  4074290  3349470  3138010  1730420  1734460  2223170
     Q3  36261700 12905000 11305100  3580550  2922600  2684040  1477030  1482840  1909140
     Q4  28316100 11668500 10208800  3183370  2593230  2374940  1312860  1318020  1712820
1978 Q1         . 21400700  9986940  8918870  2821990  2305910  2097230  1158370  2713700
     Q2         . 16170400  8668520  8033750  2571980  2122350  1932360  1070940  2520180
     Q3  38892200 14554800  7872080  7137520  2276250  1852320  1688800   938507  2218210
     Q4  27558800 12696200  7139780  6370210  2016470  1628320  1510940   839667  2003370
1979 Q1         . 18792800 10379300  6170200  5529590  1759780  1421920  1327320  2543960
     Q2         . 13030300  9005400  5495770  5005310  1596800  1290220  1221500  2379210
     Q3  56360700 11400500  8112020  4878520  4392750  1382420  1121580  1067670  2087080
     Q4  38102000  9655330  7271300  4336550  3870980  1216830   992923   947928  1879190
1980 Q1         . 25010800  7618890  6255740  3804730  3406400  1064280   867510  2526290
     Q2         . 16968200  6393230  5363130  3305050  2942760   939050   773232  2272320
     Q3  70609600 14557900  5395210  4471810  2751950  2373800   766816   636059  1879340
     Q4  50149600 12353100  4714670  3897270  2387680  2044300   663995   551776  1646880
1981 Q1         . 34848300  9844700  3898680  3327380  2072060  1752950   574990  1928990
     Q2         . 24985600  8103560  3353250  2913690  1837340  1547670   516087  1743860
     Q3  73526400 21991600  6857670  2790190  2415950  1486720  1250900   420977  1429990
     Q4  52135800 18696200  6075800  2435020  2104770  1281620  1080780   364665  1249230
1982 Q1         . 35933500 14832600  5046180  2069680  1817580  1101470   931861  1418310
     Q2         . 25413600 12432600  4427460  1854430  1631920   990663   840762  1293100
     Q3  50022400 22240700 10499600  3657200  1531750  1326570   809267   683802  1065990
     Q4  36174400 18868800  9268380  3169520  1333100  1140790   700569   591956   936492
1983 Q1         . 25681300 15055700  7781060  2681110  1142270   980152   605389  1337660
     Q2         . 19077700 12351200  6742660  2348110  1006890   870708   538682  1201890
     Q3  56781300 17122100 10307600  5473880  1872720   780766   678809   420948   943229
     Q4  42296100 14495300  8822980  4669760  1592420   654804   572975   357599   808687
1984 Q1         . 31129400 11561100  7077880  3884600  1327090   546116   482730   993306
     Q2         . 24207600  9627510  6095060  3421840  1164280   484516   431646   893233
     Q3  37669400 22073800  8133050  4958220  2778780   912480   381829   340683   706904
     Q4  29436700 18995800  7072150  4248900  2392350   771014   323369   290904   606906
1985 Q1         . 22878600 15573000  5787220  3587080  2048440   649528   274898   775610
     Q2         . 18637100 13478500  5162390  3214790  1841760   586202   247763   704402
     Q3  19550600 17204000 11666500  4322220  2659280  1480640   470159   199250   568008
     Q4  15636400 15020200 10101600  3707670  2306980  1271200   404561   172230   492751
1986 Q1         . 12500700 12575900  8283420  3130690  1984090  1091000   348492   581071
     Q2         . 10288100 10831500  7198470  2782390  1763840   977740   314138   528053
     Q3  37523800  9510440  9300440  5936390  2284730  1405510   780080   251471   423590
     Q4  30468500  8428510  8268280  5163350  1995960  1213950   674937   217853   369271
1987 Q1         . 24781300  7177250  7070040  4436420  1744730  1051990   589297   516374
     Q2         . 20510600  6454050  6450440  4064150  1603900   970045   544624   478629
     Q3  15144200 19015200  5724080  5552960  3465610  1338400   810569   456134   401888
     Q4  12076000 16800600  5162960  4924370  3063500  1178700   717501   404179   357710
1988 Q1         .  9675310 14311700  4497980  4309130  2683720  1034890   634220   680245
     Q2         .  7898190 12353600  4029700  3843650  2407030   934798   577808   623999
     Q3  20540600  7264640 10661600  3395520  3204730  1945490   758661   469446   509073
     Q4  16811900  6420470  9569070  3010650  2829660  1691630   664429   411822   448177
1989 Q1         . 13849400  5492320  8231940  2635830  2485050  1475650   582661   761594
     Q2         . 11573600  4750390  6982650  2235260  2089880  1246130   495246   654147
     Q3  23830000 10742300  4303660  6002600  1882980  1696390  1012170   403426   533505
     Q4  20440400  9671310  3968040  5427390  1697030  1512660   907080   362760   480695
1990 Q1         . 17608600  8358030  3478680  4683910  1457090  1274340   765232   717369
     Q2         . 15692600  7470540  3060420  4038340  1237730  1087380   653891   615059
     Q3  17841800 14766400  6790090  2630700  3360860   990967   871061   523699   493254
     Q4  16113300 13588600  6318100  2409280  3035720   883455   777467   468252   442030
1991 Q1         . 14685300 12079500  5621180  2123790  2607340   743314   654335   768991
     Q2         . 13403100 10935200  5024190  1875050  2241050   643901   565921   667135
     Q3  21905800 12727000 10020200  4374120  1590550  1826600   526178   462361   545446
     Q4  20190700 11902900  9364110  4046920  1460230  1649190   476703   418946   495341
1992 Q1         . 18692200 10770900  8411640  3611920  1283840  1408860   408971   784533
     Q2         . 17197700  9864700  7625560  3259720  1140870  1248170   364008   698214
     Q3  21367400 16358600  9132450  6782070  2842890   966120  1056520   308622   591977
     Q4  19415300 15261700  8580030  6313280  2633370   885828   966363   283345   544526
1993 Q1         . 17665100 13817900  7749610  5689370  2354680   778275   846614   727283
     Q2         . 15969100 12473000  6929800  5017200  2045430   678078   733779   634405
     Q3  18971600 15088600 11424200  6057740  4274850  1685640   559276   605025   524204
     Q4  16803700 13777300 10495500  5527930  3883540  1515250   503736   544319   474152
1994 Q1         . 14921600 12155000  9201150  4853900  3372440  1291080   431163   874037
     Q2         . 13286700 10795000  8084280  4237560  2890600  1112130   372561   755298
     Q3  25236000 12499600  9808890  6967820  3558560  2339280   901727   302572   613229
     Q4  22681400 11441000  9006710  6340850  3216850  2086860   805868   271452   551043
1995 Q1         . 20433300 10111700  7922120  5540630  2779390  1755460   680154   698073
     Q2         . 18479300  9028980  6931180  4788330  2347670  1485690   578314   593442
     Q3  19999400 17482800  8207070  5942930  3980960  1872790  1186240   462300   474869
     Q4  18195300 16060600  7541680  5383710  3581900  1661590  1053400   412033   423940
1996 Q1         . 16618200 14247200  6636150  4700620  3070920  1390040   882415   702296
     Q2         . 15208900 12855000  5868770  4085330  2608230  1182880   751948   600300
     Q3   9967780 14461100 11707600  5042790  3403300  2083570   945697   601575   480926
     Q4   9176020 13390100 10764000  4583240  3062550  1849560   842314   536222   429973
1997 Q1         .  8483350 11983500  9494000  4014760  2634470  1547370   706220   813770
     Q2         .  7804880 10710800  8325800  3452720  2209990  1298050   593292   685697
     Q3  15750600  7419640  9687380  7054160  2827090  1725110  1014370   463952   536337
     Q4  14627900  6912610  8975540  6413890  2540410  1526160   899467   412001   476961
1998 Q1         . 13606100  6185980  7926150  5592510  2165590  1260500   744442   735824
     Q2         . 12530600  5560720  6929550  4793190  1801360  1048610   619417   613166
     Q3   9299760 11902800  5008460  5797730  3858720  1375660   801739   473667   469123
     Q4   8535430 11027000  4605750  5230840  3444030  1205830   704946   417094   414314
1999 Q1         .  7838840  9753990  4023750  4506960  2897010   980367   574456   679454
     Q2         .  7158850  8754820  3563940  3922300  2461710   835934   489986   581309
     Q3  15995100  6792210  7958380  3058510  3261100  1961570   666793   391228   464495
     Q4  14519100  6284840  7374240  2785220  2944640  1750380   595940   349732   416161
2000 Q1         . 13159200  5581940  6522170  2437050  2524310  1462690   500179   645207
     Q2         . 11217500  4832470  5520280  2028060  2041070  1190440   408642   528137
     Q3  12726600 10576000  4344470  4621160  1633910  1562620   912474   313497   404831
     Q4  11920200  9908320  4056230  4223090  1473450  1384630   809661   278391   359498
2001 Q1         . 10403500  8505350  3499230  3593030  1223120  1114220   655080   518150
     Q2         .  8728110  7207650  2914600  2911510   957579   877202   515173   408894
     Q3  12238400  8180780  6359730  2354870  2242850   692267   634383   372810   295728
     Q4  11434700  7619870  5873520  2117950  1982710   598037   548068   323112   256184
2002 Q1         .  9908610  6416990  4960680  1761790  1595840   463660   425561   450370
     Q2         .  8247870  5448330  4209750  1482970  1310230   384132   354189   371967
     Q3  25493700  7736500  4923090  3581450  1223220  1036330   303910   280607   294996
     Q4  23897800  7269720  4623960  3306090  1117360   931347   273287   252372   265524
2003 Q1         . 20899100  6294880  4040310  2865880   953446   773538   227061   431246
     Q2         . 17805900  5628890  3580480  2503640   819213   665881   196131   372403
     Q3  13837200 16831900  5174580  3142970  2144080   679018   552748   162933   309709
     Q4  13093400 15954900  4909120  2936970  1987260   621603   505992   149235   283888
2004 Q1         . 11727500 14187300  4379110  2605720  1745800   533375   436095   374666
     Q2         . 10304100 12433600  3886360  2297350  1525460   467503   383824   330876
     Q3   9655610  9821310 11527900  3478270  2012120  1300710   398647   327546   282543
     Q4   9070760  9316700 10902200  3268880  1877550  1201850   368531   302883   261420
2005 Q1         .  7960680  8278170  9620240  2917360  1661450  1049860   322627   495069
     Q2         .  6758100  7054460  8165090  2492860  1385390   879399   271931   418579
     Q3  17870800  6395410  6587410  7515450  2269660  1232500   783649   242395   373589
     Q4  16580400  6072270  6292040  7131270  2150870  1159590   738138   228468   352470
2006 Q1         . 14100800  5347920  5558100  6325450  1898710  1009170   647735   511680
     Q2         . 11592900  4690650  4732430  5299200  1551130   835349   538775   427414
     Q3  14626900 10922300  4405560  4349670  4795690  1374170   741188   478511   379952
     Q4  13556200 10380100  4223900  4135840  4539090  1290750   697452   450445   358175
2007 Q1         . 11517500  9142490  3712250  3665730  3987310  1113180   609229   709668
     Q2         .  9436530  7825270  3184850  3084820  3272090   930201   510721   600123
     Q3  27149200  8885690  7345200  2936310  2806680  2900870   827334   454920   535306
     Q4  25062900  8443050  7057280  2794560  2660740  2727100   778833   428382   504954
2008 Q1         . 21095800  7422120  6262060  2477950  2357770  2363430   679507   821557
     Q2         . 17004400  6365430  5333860  2083020  1925560  1923290   561808   681887
     Q3  19581200 15918300  5923100  4870370  1875770  1695120  1688570   495191   601858
     Q4  18075700 15116000  5656410  4615650  1772090  1589080  1581330   464726   565509
2009 Q1         . 15145800 13218900  5029320  4101220  1557920  1374500  1366280   896406
     Q2         . 12157700 11202600  4271620  3430550  1262170  1120560  1107340   735937
     Q3  15281700 11411000 10399400  3898680  3080530  1105840   983933   970960   647517
     Q4  13979800 10798600  9910780  3692220  2904200  1034250   922034   908594   607099
2010 Q1         . 11468000  9336030  8680770  3273420  2526050   887841   796966  1304790
     Q2         .  8944140  7749780  7250800  2715940  2011140   713303   644791  1059340
     Q3   9563050  8336930  7132390  6581260  2431840  1748100   621291   563723   925420
     Q4   8687730  7861020  6776250  6221440  2286900  1628380   579448   526645   864843
2011 Q1         .  7036830  6739420  5851870  5448030  1992020  1385760   496296  1194920
     Q2         .  5392350  5720260  4882880  4525220  1623130  1130950   409343   989203
     Q3  19217200  5021790  5292680  4450320  4089780  1436160  1000770   363468   878211
     Q4  17539800  4750350  5048960  4231030  3870540  1349490   941041   342009   826178
2012 Q1         . 14440400  4136810  4443820  3759330  3441030  1173510   821506  1020410
     Q2         . 11399400  3618310  3815670  3239000  2931050  1005490   708771   883591
     Q3  20339800 10700900  3418900  3552520  2986410  2664480   914596   644836   805681
     Q4  18637800 10179500  3297740  3404050  2851310  2530020   868503   613079   766523
2013 Q1         . 15586700  9059060  3020550  3103090  2600080  2281710   785345  1253520
     Q2         . 12551600  7947920  2714630  2727400  2255630  1993900   688147  1102010
     Q3  15059000 11806500  7503210  2549940  2532420  2062790  1827960   630832  1011240
     Q4  13739200 11235800  7218560  2448610  2421210  1962000  1740750   600603   964110
2014 Q1         . 11356900  9997060  6523270  2230360  2194270  1770230  1576010  1422810
     Q2         .  8939630  8577570  5716340  1954980  1857410  1515980  1353240  1226280
     Q3  38100300  8369230  8033260  5302300  1801810  1674170  1369560  1224270  1111130
     Q4  35369900  7997150  7743380  5081490  1722000  1588260  1300110  1163290  1056020
2015 Q1         . 30363000  7203570  7048250  4646670  1568150  1421320  1170250  2001310
     Q2         . 25118300  6250550  6101620  3950970  1289940  1171030   969769  1658590
     Q3  13066800 23771200  5850680  5598250  3571000  1133930  1029110   852995  1459930
     Q4  12189400 22700500  5623140  5329580  3381550  1063870   965108   800420  1371390
2016 Q1         . 10587300 20345100  5083720  4802310  3015130   925032   839128  1895760
     Q2         .  8803740 16764300  4285910  3936340  2353660   726377   660145  1497940
     Q3  11824200  8324480 15492900  3868970  3476080  2002420   618489   562703  1277720
     Q4  11098500  7948640 14799800  3667190  3267800  1859390   574323   522671  1187920
2017 Q1         .  9801230  7108980 13051600  3271410  2861250  1572730   487195  1454370
     Q2         .  8288770  6053060 10875900  2679840  2218220  1227010   381800  1143080
     Q3  14519700  7849510  5607290  9772860  2356040  1873900  1037520   323291   967850
     Q4  13698500  7511470  5375970  9239450  2214070  1736690   962130   300074   898441
2018 Q1         . 12264800  6760860  4805010  8223960  1939830  1464060   811983  1013950
     Q2         . 10486100  5823480  4051860  6658960  1483390  1122760   623805   781957
     Q3   8838540  9933400  5379590  3625710  5792180  1234520   934707   519372   651567
     Q4   8343900  9502800  5152350  3426170  5420550  1138620   861990   479027   601098
2019 Q1         .  7485380  8530560  4560170  3036900  4678710   948060   716469   898997
     Q2         .  6393800  7383530  3833940  2472050  3569180   729392   552688   694389
     Q3  22617800  6054910  6822360  3427930  2153710  2974950   608570   461307   579840
     Q4  21477700  5800460  6541100  3237660  2017890  2743970   561695   425726   535272
2020 Q1         . 19514400  5234270  5842610  2875620  1752930  2277160   468089   801805
     Q2         . 16915600  4576870  4987500  2376720  1371450  1780330   368804   632416
     Q3  12191100 16067100  4250910  4500150  2092350  1159950  1506120   312300   535610
     Q4  11596800 15410800  4078820  4265100  1965830  1075090  1395650   289708   496808
2021 Q1         . 10562800 13982300  3659130  3819710  1719580   906362  1176350   664624
     Q2         .  9227250 12419500  3192260  3267410  1408710   744014   967430   549520
     Q3  21852700  8796770 11657300  2924620  2943710  1229570   650406   846354   480985
     Q4  20865200  8457990 11213700  2787680  2786960  1152870   609905   793583   450442
2022 Q1         . 19196400  7779140 10230700  2534540  2494220  1001940   531635  1084320
     Q2         .        .        .        .        .        .        .        .        .
     Q3         .        .        .        .        .        .        .        .        .
     Q4         .        .        .        .        .        .        .        .        .

Table  1    Sprat :  Stock numbers (thousands) 

             Age 0     Age 1     Age 2     Age 3     Age 4     Age 5     Age 6     Age 7
                                                                                        
1974 Q1          .  95029000  75610000  27782200  13678900   6383980   4020580   2405710
     Q2          .  77003000  62149000  22302500  11071900   5167300   3264230   1947220
     Q3   42682300  60257400  50575300  18251000   9127790   4259960   2710750   1611450
     Q4   33374600  50294800  43716400  15991400   8019710   3742820   2388500   1415820
1975 Q1          .  28143600  42984100  37118200  13422700   6742810   3146890   2008200
     Q2          .  22459600  34743500  29339900  10705400   5377810   2518760   1601660
     Q3  332055000  16922500  27442700  23393700   8614650   4327510   2044930   1294850
     Q4  274407000  14526100  23995000  20631100   7613040   3824370   1811260   1144300
1976 Q1          . 238395000  12643600  20664300  17524000   6471880   3251110   1539760
     Q2          . 200164000  10699000  17208200  14686000   5423770   2730970   1290400
     Q3  100512000 163811000   9015220  14571500  12498700   4615980   2336190   1101150
     Q4   82948500 141849000   7948020  12978300  11154000   4119350   2089110    982676
1977 Q1          .  71832300 124476000   6932780  11237700   9670090   3571310   1811180
     Q2          .  57927700 103720000   5710230   9294890   7998310   2961610   1498060
     Q3   51087600  43216300  84194100   4730410   7756220   6674270   2488590   1254630
     Q4   38497500  36160200  72536900   4151800   6826820   5874520   2196660   1104290
1978 Q1          .  31538800  30807100  61499200   3503630   5774780   4969240   1858140
     Q2          .  23117100  24901000  49765700   2901150   4781750   4133420   1530910
     Q3  129494000  14635300  18582900  37894500   2291490   3837150   3316890   1228490
     Q4   91967500  11730200  15478700  32259500   1960310   3282580   2837510   1055800
1979 Q1          .  71516400   9722120  12963200  26536100   1633750   2721120   2364830
     Q2          .  50449400   7656540  10287100  21187800   1320810   2199890   1900560
     Q3   80939500  30494600   5748030   7731720  15735100   1011510   1684730   1442070
     Q4   57980400  24110800   4699970   6492370  13210500    853533   1428260   1222540
1980 Q1          .  44821600  19753900   3905510   5373080  10926100    712233   1181280
     Q2          .  31799600  15264400   3084650   4264460   8671740    571338    942769
     Q3  224269000  18229200  10612700   2249720   3140250   6319590    424744    694233
     Q4  168038000  14858200   8907200   1917350   2675810   5384930    364717    593923
1981 Q1          . 133919000  12418600   7481210   1613800   2250610   4529230    306760
     Q2          .  99078200  10307300   6163500   1334500   1861080   3728240    254735
     Q3  119490000  62258700   7969630   4770570   1062840   1472820   2884040    202880
     Q4   88667300  50937100   6721970   4092520    915353   1268440   2483830    175986
1982 Q1          .  69978000  42671400   5701860   3474720    776779   1080310   2115440
     Q2          .  51480500  34190600   4683980   2882360    647302    900239   1754800
     Q3  333950000  31967600  25542200   3593900   2230830    509044    690406   1345780
     Q4  257384000  26502300  21961000   3109050   1929650    441841    597195   1164090
1983 Q1          . 208025000  22469500  18807300   2665650   1653750    379882    513450
     Q2          . 163360000  18668800  15851800   2265580   1410970    325265    439630
     Q3  141756000 119714000  14968300  13000400   1857550   1169370    269570    364353
     Q4  113129000 100880000  12802900  11270100   1621050   1017200    235956    318920
1984 Q1          .  93797700  86844700  11084400   9785540   1411230    887921    206484
     Q2          .  76753200  73607900   9547770   8482520   1226930    774080    180011
     Q3  109392000  59842700  61042500   8143480   7203880   1046240    662566    154616
     Q4   90446200  51607400  53219500   7176000   6365020    928942    586898    136958
1985 Q1          .  77160300  45306100  46754900   6340340   5622670    824138    521697
     Q2          .  65017800  39150300  40618600   5548870   4944110    726204    459703
     Q3   39133400  52430900  33274300  34742000   4744660   4295040    634460    400533
     Q4   32723700  45786200  29426100  30919900   4241940   3831430    570521    358833
1986 Q1          .  28216800  40565700  26153800  27498400   3778960   3413260    508252
     Q2          .  23679400  35180900  22649600  24010900   3307540   2993970    446714
     Q3   79606100  18550300  29679800  19243900  20672600   2877750   2604930    388666
     Q4   66516700  16343900  26620800  17278200  18601400   2589420   2357520    351129
1987 Q1          .  57421700  14557000  23826400  15413800  16620200   2317750   2106420
     Q2          .  48162100  12777600  20920600  13594300  14658200   2048640   1865580
     Q3   26913000  37988400  10900100  18141900  11870900  12800000   1794620   1634260
     Q4   22271900  33246800   9679240  16221800  10642400  11503900   1608900   1472120
1988 Q1          .  19093200  29492800   8582760  14403500   9468870  10257900   1431480
     Q2          .  16036200  25573800   7413160  12552400   8300760   8992440   1258100
     Q3   83749200  12782200  21776700   6314880  10834600   7218440   7845410   1100910
     Q4   71194800  11298300  19547500   5675100   9779540   6528410   7095440    999179
1989 Q1          .  62260200  10110300  17565000   5084010   8788350   5866730   6376290
     Q2          .  53858800   8941520  15553500   4499270   7808510   5221780   5684530
     Q3   89175600  45026100   7809480  13707100   3974450   6914840   4634730   5045450
     Q4   78218200  40578800   7113670  12512000   3633040   6329590   4242460   4624360
1990 Q1          .  69992600  36859400   6485680  11381900   3307420   5768180   3862220
     Q2          .  63469900  33662500   5889030  10350200   3010290   5249980   3520790
     Q3   88056000  56237400  30523900   5324800   9383010   2735790   4771260   3203320
     Q4   79929800  51770000  28255700   4928760   8692700   2540730   4424110   2977020
1991 Q1          .  73574600  47934700  26182700   4551870   8030780   2347260   4087230
     Q2          .  67448700  44141600  23975900   4168890   7359580   2152290   3747730
     Q3  129300000  60676100  40589000  21969300   3826350   6760760   1978760   3442800
     Q4  118369000  56381100  37927300  20505300   3575820   6321770   1850270   3219250
1992 Q1          . 109505000  52490900  35307100  19031300   3319470   5868560   1717630
     Q2          . 100138000  47227000  31282400  16839800   2940780   5201830   1522480
     Q3  133252000  89492200  42576600  28045300  15100300   2639540   4673080   1368830
     Q4  120679000  82620600  39480500  25953900  13995500   2448270   4334460   1271330
1993 Q1          . 110578000  75888500  36132900  23527800  12685600   2220410   3931050
     Q2          . 100452000  68420700  32317100  21024300  11335700   1990140   3526720
     Q3   81259800  89232100  61421800  28907400  18862700  10186800   1791070   3178230
     Q4   72792900  81499900  55937400  26395800  17285200   9355140   1641280   2922710
1994 Q1          .  66152400  74530700  50764700  23817300  15635600   8462330   1486570
     Q2          .  59688000  65698300  44036400  20695200  13600800   7361050   1294390
     Q3  312211000  52839900  57899100  38570000  18201600  11962000   6484120   1140190
     Q4  283189000  48476800  53068500  35332500  16697100  10985100   5960550   1048130
1995 Q1          . 259567000  44254600  48033300  31619400  14960900   9842850   5349240
     Q2          . 237024000  39108500  41410800  27279100  12917900   8498780   4618790
     Q3  219063000 214525000  34843300  36304000  23959800  11370700   7488890   4074000
     Q4  200341000 197693000  31994400  33247000  21961800  10433600   6871730   3738260
1996 Q1          . 184918000 180812000  28959800  29687000  19609700   9316160   6140030
     Q2          . 169911000 158309000  24707800  25299300  16743100   7959390   5242450
     Q3   73800700 155625000 140793000  21652600  22166800  14685100   6991810   4605150
     Q4   67930800 144082000 129397000  19880900  20346400  13492400   6423980   4231150
1997 Q1          .  63014000 131894000 116646000  17663900  18055900  11992100   5704870
     Q2          .  57930900 114721000  98191100  14864400  15227300  10119600   4814100
     Q3  218369000  52939700 101514000  85149400  12910200  13274400   8821760   4196690
     Q4  201636000  49205800  93706000  78268100  11885800  12231100   8128410   3871760
1998 Q1          . 187426000  45000800  84211100  69024900  10485300  10789900   7170650
     Q2          . 172057000  38854700  70058800  57319500   8721890   8976320   5968710
     Q3   62259800 157066000  34203200  60281800  49277000   7512840   7734890   5145590
     Q4   57039200 145328000  31391700  55086700  45059500   6885060   7094610   4711320
1999 Q1          .  52655500 131986000  27955400  47987100  39213600   6002780   6188460
     Q2          .  47954400 114288000  23453600  40187000  32854400   5040750   5198530
     Q3  138309000  43263200 100258000  20217300  34598800  28285000   4349930   4493680
     Q4  125999000  39887900  91968400  18487700  31620400  25867700   3982150   4117250
2000 Q1          . 115568000  36174400  82158600  16220800  27678400  22647400   3491050
     Q2          .  98779300  30044700  66610000  13060300  22316500  18277300   2828120
     Q3   69835700  87865000  26379700  57579400  11247200  19259200  15781300   2447350
     Q4   64884600  81837300  24610900  53525800  10449400  17896100  14668000   2274530
2001 Q1          .  58611600  73064600  21930300  47254000   9194790  15752800  12924700
     Q2          .  50031700  61143300  18077400  38546400   7513510  12859000  10552800
     Q3   83240500  44317100  53684000  15745700  33479000   6538020  11182700   9169190
     Q4   77252500  41284700  50020000  14660900  31135400   6088830  10405600   8532200
2002 Q1          .  69572700  36918500  44726500  13034400  27586700   5400610   9229310
     Q2          .  58241200  29878400  35230700  10183300  21533700   4215170   7202700
     Q3  196054000  50860400  25603400  29743200   8556510  18120200   3548820   6063640
     Q4  182448000  47354500  23829700  27602900   7941090  16805300   3293420   5627210
2003 Q1          . 165321000  42094700  21124800  24212400   6938470  14695400   2878030
     Q2          . 139936000  34211300  16680500  18895700   5424630  11475200   2244980
     Q3  338258000 123753000  29491600  14173900  15949600   4590100   9692140   1895280
     Q4  316487000 115609000  27504700  13186400  14819000   4268450   9005270   1761050
2004 Q1          . 289935000 103420000  24455700  11595000  12971200   3736600   7885510
     Q2          . 248317000  83687600  19282500   9037730  10111500   2913610   6147770
     Q3   66314600 222401000  72342900  16443700   7670230   8568990   2469810   5209610
     Q4   61759100 207264000  67160800  15246500   7109340   7941270   2289760   4827630
2005 Q1          .  55975900 183843000  58930600  13269200   6169870   6886200   1988210
     Q2          .  47091200 147050000  45932500  10311500   4798860   5368520   1546290
     Q3  103789000  41363400 125207000  38576000   8670980   4040310   4520220   1300230
     Q4   96045000  38388900 115846000  35637800   8014340   3738720   4183020   1203430
2006 Q1          .  85915200  33773200 101048000  30767000   6915360   3232180   3624560
     Q2          .  71615300  27478800  80327600  24288000   5499650   2573670   2887430
     Q3  144171000  62416200  23536000  68100900  20532200   4679850   2195590   2458590
     Q4  133337000  58007500  21818500  63028200  19013100   4338830   2039850   2282570
2007 Q1          . 119197000  51420200  19256900  55050900  16576600   3797960   1785460
     Q2          .  98100000  40648200  14843100  41966600  12653500   2914520   1372080
     Q3   99509000  84775000  34231200  12357600  34719300  10485000   2427000   1148160
     Q4   91802600  78592500  31699500  11424200  32044600   9686030   2242560   1062810
2008 Q1          .  81686000  69002400  27727100   9898550  27602000   8329460   1934860
     Q2          .  66515200  54535300  21279500   7520910  20964000   6329840   1479390
     Q3  244240000  56598300  45626600  17543000   6189600  17200800   5179630   1218750
     Q4  225334000  52457300  42270800  16209200   5719570  15874300   4780680   1126850
2009 Q1          . 200254000  45963400  36937200  14002500   4919130  13655300   4113640
     Q2          . 163088000  36309800  28405100  10660200   3751290  10371900   3133100
     Q3   73044200 140024000  30605100  23631900   8834790   3114870   8576880   2597770
     Q4   67029800 129388000  28286400  21804200   8145300   2871780   7907890   2395120
2010 Q1          .  59010900 112673000  24535700  18714200   6961260   2453200   6770290
     Q2          .  47487800  88252200  18840000  14273300   5326060   1876610   5159590
     Q3   81330100  40141100  73203200  15534500  11732500   4384630   1550610   4246450
     Q4   74346800  37014500  67459800  14322400  10809000   4038920   1427780   3914630
2011 Q1          .  65130500  32198700  58451800  12307600   9267030   3457300   1223150
     Q2          .  51932800  25279600  44753800   9383940   7095050   2651790    937783
     Q3   94413300  43602200  21126600  36884100   7712090   5862730   2189340    775073
     Q4   86503600  40286100  19538900  34017900   7113750   5414780   2021110    715742
2012 Q1          .  76292700  35289100  17077600  29436800   6143830   4686110   1745390
     Q2          .  61808300  28422900  13517000  23066700   4840480   3696900   1376650
     Q3   86848700  52461300  24189100  11456400  19464300   4096440   3130460   1164680
     Q4   79647400  48615900  22450400  10630900  18049900   3799680   2902970   1080400
2013 Q1          .  70579800  43019100  19927800   9360540  15832600   3334620   2551830
     Q2          .  57213300  34625300  15741000   7338040  12411000   2618320   2002030
     Q3   83323200  48336700  29350700  13272800   6169030  10444500   2202230   1684160
     Q4   76158700  44713900  27168700  12290500   5710140   9665980   2039550   1559410
2014 Q1          .  67064700  39328900  23882700  10736500   4966030   8409660   1774170
     Q2          .  53605700  31048100  18424000   8239150   3822540   6475220   1363410
     Q3  302748000  44815300  25940700  15264900   6833140   3177950   5377880   1127530
     Q4  279719000  41646500  24093800  14160500   6336440   2948750   4988660   1045850
2015 Q1          . 250955000  36908000  21284700  12386200   5524730   2571310   4351820
     Q2          . 211051000  30603400  17308400  10011100   4475130   2085010   3524960
     Q3  104487000 185660000  26724200  14969100   8634350   3867740   1804740   3042900
     Q4   96837900 173033000  24891900  13929000   8034160   3602220   1681800   2831960
2016 Q1          .  87411600 155070000  22207900  12342100   7099700   3184660   1488240
     Q2          .  74668300 129589000  18404900  10190500   5875940   2642420   1233620
     Q3   78584100  66355500 113746000  16081500   8908550   5141340   2313160   1079800
     Q4   73111300  62006700 106175000  15020500   8318830   4801040   2160890   1008590
2017 Q1          .  66521400  56079000  95430600  13465500   7447430   4296760   1934090
     Q2          .  57043700  46640600  77680800  10919800   6059780   3497300   1574150
     Q3  100580000  50801800  40805000  67272700   9463960   5259900   3035320   1365370
     Q4   93806100  47515100  38115600  62715200   8821720   4906760   2832380   1273860
2018 Q1          .  85802100  42954000  34258800  55847200   7843510   4364970   2518510
     Q2          .  74197500  36126600  28192500  45579600   6417530   3582430   2067040
     Q3   69428100  66371800  31747800  24524600  39509900   5581780   3120770   1797240
     Q4   64757300  62096500  29664800  22885500  36827300   5210300   2914040   1677750
2019 Q1          .  59232100  56221300  26700700  20437000  32764400   4643340   2597270
     Q2          .  50887300  46263800  21441900  16251500  26055200   3707480   2074160
     Q3  125631000  45363100  40130100  18390200  13885000  22273400   3183250   1780600
     Q4  117631000  42461200  37464600  17138200  12933500  20736600   2966800   1659330
2020 Q1          . 108349000  38341600  33557100  15192900  11420300  18309100   2624360
     Q2          .  94316500  32194600  27481500  12337200   9280710  14879200   2138180
     Q3  108095000  84756600  28352600  23905800  10688700   8052280  12914900   1858530
     Q4  101308000  79430900  26527500  22320500   9981100   7519080  12049700   1734640
2021 Q1          .  93371400  72037400  23912900  19922800   8881520   6692900  10719900
     Q2          .  81851700  60998700  19837600  16396200   7317750   5520700   8839680
     Q3  124082000  73933200  53998900  17374000  14306500   6387240   4831690   7725600
     Q4  116577000  69401100  50600300  16256400  13374600   5973300   4521560   7223810
2022 Q1          . 108024000  63282600  45860500  14615300  11984200   5356710   4056150
     Q2          .         .         .         .         .         .         .         .
     Q3          .         .         .         .         .         .         .         .
     Q4          .         .         .         .         .         .         .         .
