
Table  1    Herring :  Stock numbers (thousands) 

            Age 1    Age 2    Age 3    Age 4    Age 5    Age 6    Age 7    Age 8
                                                                                
1974 Q1  16000700 14536400  8443800  8700730  3851930  1744780  1099760  3881680
1975 Q1  12321300  9850980  9285420  5374600  5530160  2364480  1073440  3182880
1976 Q1  22646700  7264650  6127260  5802810  3366250  3352860  1434820  2689360
1977 Q1  16620900 14065700  4463540  3644580  3420950  1885440  1880720  2389860
1978 Q1  21400700  9986940  8918870  2821990  2305910  2097230  1158370  2713700
1979 Q1  18792800 10379300  6170200  5529590  1759780  1421920  1327320  2543960
1980 Q1  25010800  7618890  6255740  3804730  3406400  1064280   867510  2526290
1981 Q1  34848300  9844700  3898680  3327380  2072060  1752950   574990  1928990
1982 Q1  35933500 14832600  5046180  2069680  1817580  1101470   931861  1418310
1983 Q1  25681300 15055700  7781060  2681110  1142270   980152   605389  1337660
1984 Q1  31129400 11561100  7077880  3884600  1327090   546116   482730   993306
1985 Q1  22878600 15573000  5787220  3587080  2048440   649528   274898   775610
1986 Q1  12500700 12575900  8283420  3130690  1984090  1091000   348492   581071
1987 Q1  24781300  7177250  7070040  4436420  1744730  1051990   589297   516374
1988 Q1   9675310 14311700  4497980  4309130  2683720  1034890   634220   680245
1989 Q1  13849400  5492320  8231940  2635830  2485050  1475650   582661   761594
1990 Q1  17608600  8358030  3478680  4683910  1457090  1274340   765232   717369
1991 Q1  14685300 12079500  5621180  2123790  2607340   743314   654335   768991
1992 Q1  18692200 10770900  8411640  3611920  1283840  1408860   408971   784533
1993 Q1  17665100 13817900  7749610  5689370  2354680   778275   846614   727283
1994 Q1  14921600 12155000  9201150  4853900  3372440  1291080   431163   874037
1995 Q1  20433300 10111700  7922120  5540630  2779390  1755460   680154   698073
1996 Q1  16618200 14247200  6636150  4700620  3070920  1390040   882415   702296
1997 Q1   8483350 11983500  9494000  4014760  2634470  1547370   706220   813770
1998 Q1  13606100  6185980  7926150  5592510  2165590  1260500   744442   735824
1999 Q1   7838840  9753990  4023750  4506960  2897010   980367   574456   679454
2000 Q1  13159200  5581940  6522170  2437050  2524310  1462690   500179   645207
2001 Q1  10403500  8505350  3499230  3593030  1223120  1114220   655080   518150
2002 Q1   9908610  6416990  4960680  1761790  1595840   463660   425561   450370
2003 Q1  20899100  6294880  4040310  2865880   953446   773538   227061   431246
2004 Q1  11727500 14187300  4379110  2605720  1745800   533375   436095   374666
2005 Q1   7960680  8278170  9620240  2917360  1661450  1049860   322627   495069
2006 Q1  14100800  5347920  5558100  6325450  1898710  1009170   647735   511680
2007 Q1  11517500  9142490  3712250  3665730  3987310  1113180   609229   709668
2008 Q1  21095800  7422120  6262060  2477950  2357770  2363430   679507   821557
2009 Q1  15145800 13218900  5029320  4101220  1557920  1374500  1366280   896406
2010 Q1  11468000  9336030  8680770  3273420  2526050   887841   796966  1304790
2011 Q1   7036830  6739420  5851870  5448030  1992020  1385760   496296  1194920
2012 Q1  14440400  4136810  4443820  3759330  3441030  1173510   821506  1020410
2013 Q1  15586700  9059060  3020550  3103090  2600080  2281710   785345  1253520
2014 Q1  11356900  9997060  6523270  2230360  2194270  1770230  1576010  1422810
2015 Q1  30363000  7203570  7048250  4646670  1568150  1421320  1170250  2001310
2016 Q1  10587300 20345100  5083720  4802310  3015130   925032   839128  1895760
2017 Q1   9801230  7108980 13051600  3271410  2861250  1572730   487195  1454370
2018 Q1  12264800  6760860  4805010  8223960  1939830  1464060   811983  1013950
2019 Q1   7485380  8530560  4560170  3036900  4678710   948060   716469   898997
2020 Q1  19514400  5234270  5842610  2875620  1752930  2277160   468089   801805
2021 Q1  10562800 13982300  3659130  3819710  1719580   906362  1176350   664624
2022 Q1  19196400  7779140 10230700  2534540  2494220  1001940   531635  1084320

Table  1    Sprat :  Stock numbers (thousands) 

             Age 1     Age 2     Age 3     Age 4     Age 5     Age 6     Age 7
                                                                              
1974 Q1   95029000  75610000  27782200  13678900   6383980   4020580   2405710
1975 Q1   28143600  42984100  37118200  13422700   6742810   3146890   2008200
1976 Q1  238395000  12643600  20664300  17524000   6471880   3251110   1539760
1977 Q1   71832300 124476000   6932780  11237700   9670090   3571310   1811180
1978 Q1   31538800  30807100  61499200   3503630   5774780   4969240   1858140
1979 Q1   71516400   9722120  12963200  26536100   1633750   2721120   2364830
1980 Q1   44821600  19753900   3905510   5373080  10926100    712233   1181280
1981 Q1  133919000  12418600   7481210   1613800   2250610   4529230    306760
1982 Q1   69978000  42671400   5701860   3474720    776779   1080310   2115440
1983 Q1  208025000  22469500  18807300   2665650   1653750    379882    513450
1984 Q1   93797700  86844700  11084400   9785540   1411230    887921    206484
1985 Q1   77160300  45306100  46754900   6340340   5622670    824138    521697
1986 Q1   28216800  40565700  26153800  27498400   3778960   3413260    508252
1987 Q1   57421700  14557000  23826400  15413800  16620200   2317750   2106420
1988 Q1   19093200  29492800   8582760  14403500   9468870  10257900   1431480
1989 Q1   62260200  10110300  17565000   5084010   8788350   5866730   6376290
1990 Q1   69992600  36859400   6485680  11381900   3307420   5768180   3862220
1991 Q1   73574600  47934700  26182700   4551870   8030780   2347260   4087230
1992 Q1  109505000  52490900  35307100  19031300   3319470   5868560   1717630
1993 Q1  110578000  75888500  36132900  23527800  12685600   2220410   3931050
1994 Q1   66152400  74530700  50764700  23817300  15635600   8462330   1486570
1995 Q1  259567000  44254600  48033300  31619400  14960900   9842850   5349240
1996 Q1  184918000 180812000  28959800  29687000  19609700   9316160   6140030
1997 Q1   63014000 131894000 116646000  17663900  18055900  11992100   5704870
1998 Q1  187426000  45000800  84211100  69024900  10485300  10789900   7170650
1999 Q1   52655500 131986000  27955400  47987100  39213600   6002780   6188460
2000 Q1  115568000  36174400  82158600  16220800  27678400  22647400   3491050
2001 Q1   58611600  73064600  21930300  47254000   9194790  15752800  12924700
2002 Q1   69572700  36918500  44726500  13034400  27586700   5400610   9229310
2003 Q1  165321000  42094700  21124800  24212400   6938470  14695400   2878030
2004 Q1  289935000 103420000  24455700  11595000  12971200   3736600   7885510
2005 Q1   55975900 183843000  58930600  13269200   6169870   6886200   1988210
2006 Q1   85915200  33773200 101048000  30767000   6915360   3232180   3624560
2007 Q1  119197000  51420200  19256900  55050900  16576600   3797960   1785460
2008 Q1   81686000  69002400  27727100   9898550  27602000   8329460   1934860
2009 Q1  200254000  45963400  36937200  14002500   4919130  13655300   4113640
2010 Q1   59010900 112673000  24535700  18714200   6961260   2453200   6770290
2011 Q1   65130500  32198700  58451800  12307600   9267030   3457300   1223150
2012 Q1   76292700  35289100  17077600  29436800   6143830   4686110   1745390
2013 Q1   70579800  43019100  19927800   9360540  15832600   3334620   2551830
2014 Q1   67064700  39328900  23882700  10736500   4966030   8409660   1774170
2015 Q1  250955000  36908000  21284700  12386200   5524730   2571310   4351820
2016 Q1   87411600 155070000  22207900  12342100   7099700   3184660   1488240
2017 Q1   66521400  56079000  95430600  13465500   7447430   4296760   1934090
2018 Q1   85802100  42954000  34258800  55847200   7843510   4364970   2518510
2019 Q1   59232100  56221300  26700700  20437000  32764400   4643340   2597270
2020 Q1  108349000  38341600  33557100  15192900  11420300  18309100   2624360
2021 Q1   93371400  72037400  23912900  19922800   8881520   6692900  10719900
2022 Q1  108024000  63282600  45860500  14615300  11984200   5356710   4056150
