
Table  1    Herring :  Fishing mortality 

         Age 0 Age 1 Age 2 Age 3 Age 4 Age 5 Age 6 Age 7 Age 8
                                                              
1974 Q1      . 0.003 0.016 0.021 0.023 0.028 0.028 0.028 0.028
     Q2      . 0.007 0.059 0.093 0.103 0.126 0.126 0.126 0.126
     Q3  0.000 0.011 0.026 0.046 0.051 0.063 0.063 0.063 0.063
     Q4  0.000 0.023 0.036 0.038 0.042 0.051 0.051 0.051 0.051
1975 Q1      . 0.003 0.016 0.020 0.023 0.028 0.028 0.028 0.028
     Q2      . 0.006 0.057 0.091 0.100 0.123 0.123 0.123 0.123
     Q3  0.000 0.010 0.025 0.045 0.050 0.061 0.061 0.061 0.061
     Q4  0.000 0.022 0.035 0.037 0.041 0.050 0.050 0.050 0.050
1976 Q1      . 0.004 0.021 0.028 0.030 0.037 0.037 0.037 0.037
     Q2      . 0.009 0.078 0.123 0.136 0.165 0.165 0.165 0.165
     Q3  0.000 0.014 0.034 0.061 0.068 0.083 0.083 0.083 0.083
     Q4  0.000 0.030 0.048 0.050 0.055 0.067 0.067 0.067 0.067
1977 Q1      . 0.003 0.015 0.020 0.022 0.026 0.026 0.026 0.026
     Q2      . 0.006 0.055 0.087 0.096 0.117 0.117 0.117 0.117
     Q3  0.000 0.010 0.024 0.043 0.048 0.059 0.059 0.059 0.059
     Q4  0.000 0.021 0.034 0.035 0.039 0.048 0.048 0.048 0.048
1978 Q1      . 0.002 0.011 0.014 0.016 0.019 0.019 0.019 0.019
     Q2      . 0.004 0.040 0.063 0.070 0.085 0.085 0.085 0.085
     Q3  0.000 0.007 0.017 0.032 0.035 0.043 0.043 0.043 0.043
     Q4  0.000 0.016 0.025 0.026 0.029 0.035 0.035 0.035 0.035
1979 Q1      . 0.002 0.011 0.014 0.015 0.019 0.019 0.019 0.019
     Q2      . 0.004 0.039 0.061 0.068 0.083 0.083 0.083 0.083
     Q3  0.000 0.007 0.017 0.031 0.034 0.041 0.041 0.041 0.041
     Q4  0.000 0.015 0.024 0.025 0.028 0.034 0.034 0.034 0.034
1980 Q1      . 0.003 0.018 0.023 0.025 0.031 0.031 0.031 0.031
     Q2      . 0.007 0.064 0.101 0.111 0.136 0.136 0.136 0.136
     Q3  0.000 0.011 0.028 0.050 0.056 0.068 0.068 0.068 0.068
     Q4  0.000 0.025 0.039 0.041 0.045 0.055 0.055 0.055 0.055
1981 Q1      . 0.004 0.020 0.025 0.028 0.034 0.034 0.034 0.034
     Q2      . 0.008 0.071 0.112 0.124 0.152 0.152 0.152 0.152
     Q3  0.000 0.013 0.031 0.056 0.062 0.076 0.076 0.076 0.076
     Q4  0.000 0.028 0.044 0.046 0.051 0.062 0.062 0.062 0.062
1982 Q1      . 0.004 0.019 0.025 0.027 0.033 0.033 0.033 0.033
     Q2      . 0.008 0.069 0.110 0.121 0.148 0.148 0.148 0.148
     Q3  0.000 0.012 0.030 0.055 0.061 0.074 0.074 0.074 0.074
     Q4  0.000 0.027 0.043 0.045 0.049 0.060 0.060 0.060 0.060
1983 Q1      . 0.005 0.026 0.033 0.037 0.045 0.045 0.045 0.045
     Q2      . 0.010 0.094 0.148 0.164 0.200 0.200 0.200 0.200
     Q3  0.000 0.017 0.041 0.074 0.082 0.100 0.100 0.100 0.100
     Q4  0.000 0.036 0.058 0.060 0.067 0.082 0.082 0.082 0.082
1984 Q1      . 0.005 0.025 0.032 0.036 0.044 0.044 0.044 0.044
     Q2      . 0.010 0.091 0.144 0.160 0.195 0.195 0.195 0.195
     Q3  0.000 0.016 0.040 0.072 0.080 0.097 0.097 0.097 0.097
     Q4  0.000 0.036 0.056 0.059 0.065 0.079 0.079 0.079 0.079
1985 Q1      . 0.004 0.023 0.030 0.033 0.040 0.040 0.040 0.040
     Q2      . 0.009 0.084 0.133 0.147 0.179 0.179 0.179 0.179
     Q3  0.000 0.015 0.036 0.066 0.073 0.089 0.089 0.089 0.089
     Q4  0.000 0.033 0.052 0.054 0.060 0.073 0.073 0.073 0.073
1986 Q1      . 0.005 0.024 0.031 0.034 0.042 0.042 0.042 0.042
     Q2      . 0.010 0.087 0.137 0.152 0.186 0.186 0.186 0.186
     Q3  0.000 0.016 0.038 0.069 0.076 0.093 0.093 0.093 0.093
     Q4  0.000 0.034 0.054 0.056 0.062 0.076 0.076 0.076 0.076
1987 Q1      . 0.003 0.018 0.024 0.026 0.032 0.032 0.032 0.032
     Q2      . 0.007 0.067 0.105 0.117 0.142 0.142 0.142 0.142
     Q3  0.000 0.012 0.029 0.053 0.058 0.071 0.071 0.071 0.071
     Q4  0.000 0.026 0.041 0.043 0.048 0.058 0.058 0.058 0.058
1988 Q1      . 0.004 0.022 0.028 0.031 0.038 0.038 0.038 0.038
     Q2      . 0.009 0.080 0.126 0.139 0.170 0.170 0.170 0.170
     Q3  0.000 0.014 0.035 0.063 0.070 0.085 0.085 0.085 0.085
     Q4  0.000 0.031 0.049 0.051 0.057 0.069 0.069 0.069 0.069
1989 Q1      . 0.013 0.041 0.063 0.081 0.104 0.104 0.104 0.104
     Q2      . 0.010 0.050 0.104 0.133 0.171 0.171 0.171 0.171
     Q3  0.000 0.014 0.022 0.039 0.050 0.064 0.064 0.064 0.064
     Q4  0.000 0.045 0.059 0.071 0.090 0.116 0.116 0.116 0.116
1990 Q1      . 0.014 0.046 0.070 0.090 0.116 0.116 0.116 0.116
     Q2      . 0.011 0.055 0.116 0.147 0.190 0.190 0.190 0.190
     Q3  0.000 0.016 0.025 0.043 0.055 0.071 0.071 0.071 0.071
     Q4  0.000 0.050 0.065 0.079 0.101 0.129 0.129 0.129 0.129
1991 Q1      . 0.013 0.042 0.064 0.081 0.104 0.104 0.104 0.104
     Q2      . 0.010 0.050 0.104 0.133 0.172 0.172 0.172 0.172
     Q3  0.000 0.014 0.023 0.039 0.050 0.064 0.064 0.064 0.064
     Q4  0.000 0.045 0.059 0.071 0.091 0.117 0.117 0.117 0.117
1992 Q1      . 0.010 0.033 0.051 0.064 0.083 0.083 0.083 0.083
     Q2      . 0.008 0.040 0.083 0.106 0.136 0.136 0.136 0.136
     Q3  0.000 0.011 0.018 0.031 0.040 0.051 0.051 0.051 0.051
     Q4  0.000 0.036 0.047 0.057 0.072 0.093 0.093 0.093 0.093
1993 Q1      . 0.012 0.039 0.059 0.076 0.098 0.098 0.098 0.098
     Q2      . 0.009 0.047 0.098 0.125 0.160 0.160 0.160 0.160
     Q3  0.000 0.013 0.021 0.037 0.047 0.060 0.060 0.060 0.060
     Q4  0.000 0.043 0.055 0.067 0.085 0.109 0.109 0.109 0.109
1994 Q1      . 0.013 0.043 0.065 0.083 0.107 0.107 0.107 0.107
     Q2      . 0.010 0.051 0.107 0.137 0.176 0.176 0.176 0.176
     Q3  0.000 0.015 0.023 0.040 0.051 0.066 0.066 0.066 0.066
     Q4  0.000 0.047 0.061 0.073 0.093 0.120 0.120 0.120 0.120
1995 Q1      . 0.014 0.046 0.071 0.090 0.116 0.116 0.116 0.116
     Q2      . 0.011 0.055 0.116 0.149 0.191 0.191 0.191 0.191
     Q3  0.000 0.016 0.025 0.044 0.056 0.072 0.072 0.072 0.072
     Q4  0.000 0.051 0.066 0.079 0.101 0.130 0.130 0.130 0.130
1996 Q1      . 0.014 0.046 0.071 0.090 0.116 0.116 0.116 0.116
     Q2      . 0.011 0.055 0.116 0.149 0.191 0.191 0.191 0.191
     Q3  0.000 0.016 0.025 0.044 0.056 0.072 0.072 0.072 0.072
     Q4  0.000 0.051 0.066 0.079 0.101 0.130 0.130 0.130 0.130
1997 Q1      . 0.016 0.052 0.080 0.102 0.132 0.132 0.132 0.132
     Q2      . 0.013 0.063 0.132 0.168 0.216 0.216 0.216 0.216
     Q3  0.000 0.018 0.028 0.049 0.063 0.081 0.081 0.081 0.081
     Q4  0.000 0.057 0.074 0.090 0.114 0.147 0.147 0.147 0.147
1998 Q1      . 0.018 0.058 0.089 0.113 0.146 0.146 0.146 0.146
     Q2      . 0.014 0.069 0.146 0.186 0.239 0.239 0.239 0.239
     Q3  0.000 0.020 0.031 0.055 0.070 0.090 0.090 0.090 0.090
     Q4  0.000 0.063 0.082 0.099 0.127 0.163 0.163 0.163 0.163
1999 Q1      . 0.015 0.047 0.072 0.092 0.119 0.119 0.119 0.119
     Q2      . 0.012 0.057 0.119 0.152 0.195 0.195 0.195 0.195
     Q3  0.000 0.016 0.026 0.045 0.057 0.073 0.073 0.073 0.073
     Q4  0.000 0.052 0.067 0.081 0.103 0.133 0.133 0.133 0.133
2000 Q1      . 0.017 0.056 0.086 0.110 0.142 0.142 0.142 0.142
     Q2      . 0.014 0.067 0.142 0.181 0.233 0.233 0.233 0.233
     Q3  0.000 0.019 0.031 0.053 0.068 0.087 0.087 0.087 0.087
     Q4  0.000 0.062 0.080 0.097 0.123 0.159 0.159 0.159 0.159
2001 Q1      . 0.022 0.071 0.108 0.138 0.177 0.177 0.177 0.177
     Q2      . 0.017 0.084 0.177 0.226 0.291 0.291 0.291 0.291
     Q3  0.000 0.024 0.038 0.067 0.085 0.109 0.109 0.109 0.109
     Q4  0.000 0.077 0.100 0.121 0.154 0.199 0.199 0.199 0.199
2002 Q1      . 0.015 0.048 0.074 0.094 0.121 0.121 0.121 0.121
     Q2      . 0.012 0.058 0.121 0.154 0.199 0.199 0.199 0.199
     Q3  0.000 0.017 0.026 0.045 0.058 0.075 0.075 0.075 0.075
     Q4  0.000 0.053 0.068 0.082 0.105 0.135 0.135 0.135 0.135
2003 Q1      . 0.011 0.037 0.057 0.073 0.093 0.093 0.093 0.093
     Q2      . 0.009 0.045 0.093 0.119 0.154 0.154 0.154 0.154
     Q3  0.000 0.013 0.020 0.035 0.045 0.058 0.058 0.058 0.058
     Q4  0.000 0.041 0.053 0.064 0.081 0.105 0.105 0.105 0.105
2004 Q1      . 0.010 0.031 0.048 0.061 0.079 0.079 0.079 0.079
     Q2      . 0.008 0.037 0.079 0.100 0.129 0.129 0.129 0.129
     Q3  0.000 0.011 0.017 0.030 0.038 0.048 0.048 0.048 0.048
     Q4  0.000 0.034 0.044 0.054 0.068 0.088 0.088 0.088 0.088
2005 Q1      . 0.016 0.041 0.062 0.084 0.120 0.120 0.120 0.120
     Q2      . 0.008 0.024 0.043 0.058 0.083 0.083 0.083 0.083
     Q3  0.000 0.004 0.006 0.015 0.020 0.028 0.028 0.028 0.028
     Q4  0.000 0.025 0.037 0.041 0.056 0.080 0.080 0.080 0.080
2006 Q1      . 0.017 0.042 0.064 0.088 0.125 0.125 0.125 0.125
     Q2      . 0.008 0.025 0.045 0.061 0.087 0.087 0.087 0.087
     Q3  0.000 0.004 0.007 0.015 0.021 0.030 0.030 0.030 0.030
     Q4  0.000 0.026 0.039 0.043 0.059 0.083 0.083 0.083 0.083
2007 Q1      . 0.016 0.041 0.062 0.084 0.120 0.120 0.120 0.120
     Q2      . 0.008 0.024 0.043 0.059 0.083 0.083 0.083 0.083
     Q3  0.000 0.004 0.006 0.015 0.020 0.029 0.029 0.029 0.029
     Q4  0.000 0.025 0.037 0.041 0.056 0.080 0.080 0.080 0.080
2008 Q1      . 0.017 0.044 0.067 0.091 0.130 0.130 0.130 0.130
     Q2      . 0.008 0.026 0.047 0.063 0.091 0.091 0.091 0.091
     Q3  0.000 0.005 0.007 0.016 0.022 0.031 0.031 0.031 0.031
     Q4  0.000 0.027 0.040 0.045 0.061 0.087 0.087 0.087 0.087
2009 Q1      . 0.018 0.046 0.070 0.095 0.135 0.135 0.135 0.135
     Q2      . 0.009 0.027 0.048 0.066 0.094 0.094 0.094 0.094
     Q3  0.000 0.005 0.007 0.017 0.022 0.032 0.032 0.032 0.032
     Q4  0.000 0.028 0.042 0.047 0.063 0.090 0.090 0.090 0.090
2010 Q1      . 0.019 0.048 0.073 0.099 0.141 0.141 0.141 0.141
     Q2      . 0.009 0.028 0.050 0.069 0.098 0.098 0.098 0.098
     Q3  0.000 0.005 0.007 0.017 0.023 0.033 0.033 0.033 0.033
     Q4  0.000 0.029 0.043 0.049 0.066 0.094 0.094 0.094 0.094
2011 Q1      . 0.016 0.041 0.062 0.084 0.119 0.119 0.119 0.119
     Q2      . 0.008 0.024 0.043 0.058 0.083 0.083 0.083 0.083
     Q3  0.000 0.004 0.006 0.015 0.020 0.028 0.028 0.028 0.028
     Q4  0.000 0.025 0.037 0.041 0.056 0.080 0.080 0.080 0.080
2012 Q1      . 0.012 0.030 0.045 0.061 0.087 0.087 0.087 0.087
     Q2      . 0.006 0.018 0.031 0.042 0.061 0.061 0.061 0.061
     Q3  0.000 0.003 0.005 0.011 0.015 0.021 0.021 0.021 0.021
     Q4  0.000 0.018 0.027 0.030 0.041 0.058 0.058 0.058 0.058
2013 Q1      . 0.011 0.027 0.041 0.056 0.080 0.080 0.080 0.080
     Q2      . 0.005 0.016 0.029 0.039 0.055 0.055 0.055 0.055
     Q3  0.000 0.003 0.004 0.010 0.013 0.019 0.019 0.019 0.019
     Q4  0.000 0.016 0.025 0.027 0.037 0.053 0.053 0.053 0.053
2014 Q1      . 0.013 0.033 0.050 0.068 0.097 0.097 0.097 0.097
     Q2      . 0.006 0.020 0.035 0.047 0.067 0.067 0.067 0.067
     Q3  0.000 0.003 0.005 0.012 0.016 0.023 0.023 0.023 0.023
     Q4  0.000 0.020 0.030 0.033 0.045 0.065 0.065 0.065 0.065
2015 Q1      . 0.019 0.048 0.073 0.099 0.141 0.141 0.141 0.141
     Q2      . 0.009 0.029 0.051 0.069 0.098 0.098 0.098 0.098
     Q3  0.000 0.005 0.007 0.017 0.024 0.034 0.034 0.034 0.034
     Q4  0.000 0.029 0.044 0.049 0.066 0.095 0.095 0.095 0.095
2016 Q1      . 0.025 0.063 0.096 0.130 0.186 0.186 0.186 0.186
     Q2      . 0.012 0.037 0.067 0.091 0.129 0.129 0.129 0.129
     Q3  0.000 0.007 0.010 0.023 0.031 0.044 0.044 0.044 0.044
     Q4  0.000 0.038 0.057 0.064 0.087 0.124 0.124 0.124 0.124
2017 Q1      . 0.026 0.067 0.102 0.139 0.198 0.198 0.198 0.198
     Q2      . 0.013 0.040 0.071 0.096 0.138 0.138 0.138 0.138
     Q3  0.000 0.007 0.010 0.024 0.033 0.047 0.047 0.047 0.047
     Q4  0.000 0.041 0.061 0.068 0.093 0.132 0.132 0.132 0.132
2018 Q1      . 0.029 0.076 0.115 0.156 0.222 0.222 0.222 0.222
     Q2      . 0.014 0.045 0.080 0.108 0.154 0.154 0.154 0.154
     Q3  0.000 0.008 0.012 0.027 0.037 0.053 0.053 0.053 0.053
     Q4  0.000 0.046 0.068 0.077 0.104 0.148 0.148 0.148 0.148
2019 Q1      . 0.029 0.075 0.113 0.154 0.219 0.219 0.219 0.219
     Q2      . 0.014 0.044 0.079 0.107 0.152 0.152 0.152 0.152
     Q3  0.000 0.008 0.011 0.027 0.036 0.052 0.052 0.052 0.052
     Q4  0.000 0.045 0.068 0.076 0.103 0.147 0.147 0.147 0.147
2020 Q1      . 0.026 0.068 0.103 0.140 0.199 0.199 0.199 0.199
     Q2      . 0.013 0.040 0.071 0.097 0.138 0.138 0.138 0.138
     Q3  0.000 0.007 0.010 0.024 0.033 0.047 0.047 0.047 0.047
     Q4  0.000 0.041 0.061 0.069 0.093 0.133 0.133 0.133 0.133
2021 Q1      . 0.020 0.051 0.078 0.106 0.151 0.151 0.151 0.151
     Q2      . 0.010 0.030 0.054 0.074 0.105 0.105 0.105 0.105
     Q3  0.000 0.005 0.008 0.019 0.025 0.036 0.036 0.036 0.036
     Q4  0.000 0.031 0.047 0.052 0.071 0.101 0.101 0.101 0.101

Table  1    Sprat :  Fishing mortality 

         Age 0 Age 1 Age 2 Age 3 Age 4 Age 5 Age 6 Age 7
                                                        
1974 Q1      . 0.007 0.070 0.104 0.106 0.106 0.106 0.106
     Q2      . 0.004 0.046 0.068 0.069 0.069 0.069 0.069
     Q3  0.000 0.003 0.011 0.017 0.017 0.017 0.017 0.017
     Q4  0.000 0.024 0.041 0.061 0.062 0.062 0.062 0.062
1975 Q1      . 0.007 0.070 0.103 0.106 0.106 0.106 0.106
     Q2      . 0.004 0.045 0.067 0.069 0.069 0.069 0.069
     Q3  0.000 0.003 0.011 0.016 0.017 0.017 0.017 0.017
     Q4  0.000 0.024 0.041 0.060 0.062 0.062 0.062 0.062
1976 Q1      . 0.005 0.049 0.072 0.074 0.074 0.074 0.074
     Q2      . 0.003 0.032 0.047 0.048 0.048 0.048 0.048
     Q3  0.000 0.002 0.008 0.011 0.012 0.012 0.012 0.012
     Q4  0.000 0.016 0.028 0.042 0.043 0.043 0.043 0.043
1977 Q1      . 0.005 0.056 0.082 0.084 0.084 0.084 0.084
     Q2      . 0.003 0.036 0.054 0.055 0.055 0.055 0.055
     Q3  0.000 0.003 0.009 0.013 0.013 0.013 0.013 0.013
     Q4  0.000 0.019 0.032 0.048 0.049 0.049 0.049 0.049
1978 Q1      . 0.003 0.034 0.050 0.051 0.051 0.051 0.051
     Q2      . 0.002 0.022 0.033 0.034 0.034 0.034 0.034
     Q3  0.000 0.002 0.005 0.008 0.008 0.008 0.008 0.008
     Q4  0.000 0.011 0.020 0.029 0.030 0.030 0.030 0.030
1979 Q1      . 0.003 0.032 0.048 0.049 0.049 0.049 0.049
     Q2      . 0.002 0.021 0.031 0.032 0.032 0.032 0.032
     Q3  0.000 0.002 0.005 0.008 0.008 0.008 0.008 0.008
     Q4  0.000 0.011 0.019 0.028 0.028 0.028 0.028 0.028
1980 Q1      . 0.004 0.036 0.053 0.054 0.054 0.054 0.054
     Q2      . 0.002 0.023 0.034 0.035 0.035 0.035 0.035
     Q3  0.000 0.002 0.006 0.008 0.009 0.009 0.009 0.009
     Q4  0.000 0.012 0.021 0.031 0.032 0.032 0.032 0.032
1981 Q1      . 0.003 0.026 0.038 0.039 0.039 0.039 0.039
     Q2      . 0.002 0.017 0.025 0.025 0.025 0.025 0.025
     Q3  0.000 0.001 0.004 0.006 0.006 0.006 0.006 0.006
     Q4  0.000 0.009 0.015 0.022 0.023 0.023 0.023 0.023
1982 Q1      . 0.002 0.021 0.032 0.033 0.033 0.033 0.033
     Q2      . 0.001 0.014 0.021 0.021 0.021 0.021 0.021
     Q3  0.000 0.001 0.003 0.005 0.005 0.005 0.005 0.005
     Q4  0.000 0.007 0.013 0.019 0.019 0.019 0.019 0.019
1983 Q1      . 0.001 0.013 0.019 0.019 0.019 0.019 0.019
     Q2      . 0.001 0.008 0.012 0.013 0.013 0.013 0.013
     Q3  0.000 0.001 0.002 0.003 0.003 0.003 0.003 0.003
     Q4  0.000 0.004 0.007 0.011 0.011 0.011 0.011 0.011
1984 Q1      . 0.001 0.010 0.015 0.015 0.015 0.015 0.015
     Q2      . 0.001 0.007 0.010 0.010 0.010 0.010 0.010
     Q3  0.000 0.000 0.002 0.002 0.002 0.002 0.002 0.002
     Q4  0.000 0.003 0.006 0.009 0.009 0.009 0.009 0.009
1985 Q1      . 0.001 0.014 0.020 0.020 0.020 0.020 0.020
     Q2      . 0.001 0.009 0.013 0.013 0.013 0.013 0.013
     Q3  0.000 0.001 0.002 0.003 0.003 0.003 0.003 0.003
     Q4  0.000 0.005 0.008 0.012 0.012 0.012 0.012 0.012
1986 Q1      . 0.002 0.019 0.028 0.029 0.029 0.029 0.029
     Q2      . 0.001 0.012 0.018 0.019 0.019 0.019 0.019
     Q3  0.000 0.001 0.003 0.005 0.005 0.005 0.005 0.005
     Q4  0.000 0.006 0.011 0.017 0.017 0.017 0.017 0.017
1987 Q1      . 0.002 0.018 0.027 0.028 0.028 0.028 0.028
     Q2      . 0.001 0.012 0.018 0.018 0.018 0.018 0.018
     Q3  0.000 0.001 0.003 0.004 0.004 0.004 0.004 0.004
     Q4  0.000 0.006 0.011 0.016 0.016 0.016 0.016 0.016
1988 Q1      . 0.002 0.018 0.026 0.027 0.027 0.027 0.027
     Q2      . 0.001 0.012 0.017 0.018 0.018 0.018 0.018
     Q3  0.000 0.001 0.003 0.004 0.004 0.004 0.004 0.004
     Q4  0.000 0.006 0.010 0.015 0.016 0.016 0.016 0.016
1989 Q1      . 0.002 0.017 0.025 0.025 0.025 0.025 0.025
     Q2      . 0.001 0.011 0.016 0.016 0.016 0.016 0.016
     Q3  0.000 0.001 0.003 0.004 0.004 0.004 0.004 0.004
     Q4  0.000 0.006 0.010 0.014 0.015 0.015 0.015 0.015
1990 Q1      . 0.001 0.014 0.021 0.022 0.022 0.022 0.022
     Q2      . 0.001 0.009 0.014 0.014 0.014 0.014 0.014
     Q3  0.000 0.001 0.002 0.003 0.003 0.003 0.003 0.003
     Q4  0.000 0.005 0.008 0.012 0.013 0.013 0.013 0.013
1991 Q1      . 0.001 0.015 0.022 0.022 0.022 0.022 0.022
     Q2      . 0.001 0.010 0.014 0.015 0.015 0.015 0.015
     Q3  0.000 0.001 0.002 0.003 0.004 0.004 0.004 0.004
     Q4  0.000 0.005 0.009 0.013 0.013 0.013 0.013 0.013
1992 Q1      . 0.004 0.039 0.058 0.059 0.059 0.059 0.059
     Q2      . 0.002 0.025 0.038 0.038 0.038 0.038 0.038
     Q3  0.000 0.002 0.006 0.009 0.009 0.009 0.009 0.009
     Q4  0.000 0.013 0.023 0.034 0.034 0.034 0.034 0.034
1993 Q1      . 0.003 0.027 0.040 0.041 0.041 0.041 0.041
     Q2      . 0.002 0.017 0.026 0.026 0.026 0.026 0.026
     Q3  0.000 0.001 0.004 0.006 0.006 0.006 0.006 0.006
     Q4  0.000 0.009 0.016 0.023 0.024 0.024 0.024 0.024
1994 Q1      . 0.004 0.044 0.065 0.067 0.067 0.067 0.067
     Q2      . 0.003 0.029 0.043 0.044 0.044 0.044 0.044
     Q3  0.000 0.002 0.007 0.010 0.011 0.011 0.011 0.011
     Q4  0.000 0.015 0.026 0.038 0.039 0.039 0.039 0.039
1995 Q1      . 0.005 0.051 0.076 0.078 0.078 0.078 0.078
     Q2      . 0.003 0.033 0.050 0.051 0.051 0.051 0.051
     Q3  0.000 0.002 0.008 0.012 0.012 0.012 0.012 0.012
     Q4  0.000 0.017 0.030 0.044 0.045 0.045 0.045 0.045
1996 Q1      . 0.006 0.061 0.090 0.092 0.092 0.092 0.092
     Q2      . 0.004 0.040 0.059 0.060 0.060 0.060 0.060
     Q3  0.000 0.003 0.010 0.014 0.015 0.015 0.015 0.015
     Q4  0.000 0.021 0.035 0.053 0.054 0.054 0.054 0.054
1997 Q1      . 0.007 0.070 0.104 0.107 0.107 0.107 0.107
     Q2      . 0.004 0.046 0.068 0.070 0.070 0.070 0.070
     Q3  0.000 0.003 0.011 0.017 0.017 0.017 0.017 0.017
     Q4  0.000 0.024 0.041 0.061 0.062 0.062 0.062 0.062
1998 Q1      . 0.008 0.079 0.118 0.121 0.121 0.121 0.121
     Q2      . 0.005 0.052 0.077 0.079 0.079 0.079 0.079
     Q3  0.000 0.004 0.013 0.019 0.019 0.019 0.019 0.019
     Q4  0.000 0.027 0.046 0.069 0.070 0.070 0.070 0.070
1999 Q1      . 0.007 0.071 0.105 0.107 0.107 0.107 0.107
     Q2      . 0.004 0.046 0.069 0.070 0.070 0.070 0.070
     Q3  0.000 0.003 0.011 0.017 0.017 0.017 0.017 0.017
     Q4  0.000 0.024 0.041 0.061 0.063 0.063 0.063 0.063
2000 Q1      . 0.035 0.091 0.116 0.125 0.125 0.125 0.125
     Q2      . 0.015 0.050 0.063 0.069 0.069 0.069 0.069
     Q3  0.000 0.005 0.009 0.011 0.012 0.012 0.012 0.012
     Q4  0.000 0.027 0.035 0.045 0.049 0.049 0.049 0.049
2001 Q1      . 0.030 0.078 0.099 0.107 0.107 0.107 0.107
     Q2      . 0.013 0.043 0.054 0.059 0.059 0.059 0.059
     Q3  0.000 0.005 0.007 0.009 0.010 0.010 0.010 0.010
     Q4  0.000 0.023 0.030 0.039 0.042 0.042 0.042 0.042
2002 Q1      . 0.041 0.107 0.136 0.148 0.148 0.148 0.148
     Q2      . 0.018 0.058 0.075 0.081 0.081 0.081 0.081
     Q3  0.000 0.006 0.010 0.013 0.014 0.014 0.014 0.014
     Q4  0.000 0.032 0.042 0.053 0.058 0.058 0.058 0.058
2003 Q1      . 0.044 0.112 0.143 0.155 0.155 0.155 0.155
     Q2      . 0.019 0.062 0.079 0.085 0.085 0.085 0.085
     Q3  0.000 0.007 0.011 0.013 0.015 0.015 0.015 0.015
     Q4  0.000 0.033 0.044 0.056 0.061 0.061 0.061 0.061
2004 Q1      . 0.047 0.121 0.155 0.168 0.168 0.168 0.168
     Q2      . 0.020 0.067 0.085 0.092 0.092 0.092 0.092
     Q3  0.000 0.007 0.011 0.015 0.016 0.016 0.016 0.016
     Q4  0.000 0.036 0.047 0.061 0.066 0.066 0.066 0.066
2005 Q1      . 0.045 0.116 0.148 0.160 0.160 0.160 0.160
     Q2      . 0.019 0.064 0.081 0.088 0.088 0.088 0.088
     Q3  0.000 0.007 0.011 0.014 0.015 0.015 0.015 0.015
     Q4  0.000 0.035 0.045 0.058 0.063 0.063 0.063 0.063
2006 Q1      . 0.036 0.092 0.117 0.127 0.127 0.127 0.127
     Q2      . 0.015 0.050 0.064 0.070 0.070 0.070 0.070
     Q3  0.000 0.006 0.009 0.011 0.012 0.012 0.012 0.012
     Q4  0.000 0.027 0.036 0.046 0.050 0.050 0.050 0.050
2007 Q1      . 0.045 0.117 0.149 0.162 0.162 0.162 0.162
     Q2      . 0.020 0.064 0.082 0.089 0.089 0.089 0.089
     Q3  0.000 0.007 0.011 0.014 0.015 0.015 0.015 0.015
     Q4  0.000 0.035 0.046 0.058 0.063 0.063 0.063 0.063
2008 Q1      . 0.046 0.120 0.153 0.166 0.166 0.166 0.166
     Q2      . 0.020 0.066 0.084 0.091 0.091 0.091 0.091
     Q3  0.000 0.007 0.011 0.014 0.016 0.016 0.016 0.016
     Q4  0.000 0.036 0.047 0.060 0.065 0.065 0.065 0.065
2009 Q1      . 0.047 0.120 0.153 0.166 0.166 0.166 0.166
     Q2      . 0.020 0.066 0.084 0.091 0.091 0.091 0.091
     Q3  0.000 0.007 0.011 0.014 0.016 0.016 0.016 0.016
     Q4  0.000 0.036 0.047 0.060 0.065 0.065 0.065 0.065
2010 Q1      . 0.043 0.111 0.142 0.154 0.154 0.154 0.154
     Q2      . 0.019 0.061 0.078 0.084 0.084 0.084 0.084
     Q3  0.000 0.007 0.010 0.013 0.014 0.014 0.014 0.014
     Q4  0.000 0.033 0.044 0.056 0.060 0.060 0.060 0.060
2011 Q1      . 0.042 0.107 0.136 0.148 0.148 0.148 0.148
     Q2      . 0.018 0.059 0.075 0.081 0.081 0.081 0.081
     Q3  0.000 0.006 0.010 0.013 0.014 0.014 0.014 0.014
     Q4  0.000 0.032 0.042 0.053 0.058 0.058 0.058 0.058
2012 Q1      . 0.037 0.094 0.120 0.130 0.130 0.130 0.130
     Q2      . 0.016 0.052 0.066 0.071 0.071 0.071 0.071
     Q3  0.000 0.006 0.009 0.011 0.012 0.012 0.012 0.012
     Q4  0.000 0.028 0.037 0.047 0.051 0.051 0.051 0.051
2013 Q1      . 0.041 0.106 0.136 0.147 0.147 0.147 0.147
     Q2      . 0.018 0.058 0.074 0.081 0.081 0.081 0.081
     Q3  0.000 0.006 0.010 0.013 0.014 0.014 0.014 0.014
     Q4  0.000 0.032 0.042 0.053 0.057 0.057 0.057 0.057
2014 Q1      . 0.045 0.116 0.148 0.160 0.160 0.160 0.160
     Q2      . 0.019 0.064 0.081 0.088 0.088 0.088 0.088
     Q3  0.000 0.007 0.011 0.014 0.015 0.015 0.015 0.015
     Q4  0.000 0.035 0.045 0.058 0.063 0.063 0.063 0.063
2015 Q1      . 0.035 0.089 0.113 0.123 0.123 0.123 0.123
     Q2      . 0.015 0.049 0.062 0.067 0.067 0.067 0.067
     Q3  0.000 0.005 0.008 0.011 0.012 0.012 0.012 0.012
     Q4  0.000 0.027 0.035 0.044 0.048 0.048 0.048 0.048
2016 Q1      . 0.029 0.074 0.094 0.102 0.102 0.102 0.102
     Q2      . 0.012 0.040 0.052 0.056 0.056 0.056 0.056
     Q3  0.000 0.004 0.007 0.009 0.010 0.010 0.010 0.010
     Q4  0.000 0.022 0.029 0.037 0.040 0.040 0.040 0.040
2017 Q1      . 0.035 0.090 0.115 0.125 0.125 0.125 0.125
     Q2      . 0.015 0.049 0.063 0.068 0.068 0.068 0.068
     Q3  0.000 0.005 0.008 0.011 0.012 0.012 0.012 0.012
     Q4  0.000 0.027 0.035 0.045 0.049 0.049 0.049 0.049
2018 Q1      . 0.034 0.088 0.112 0.122 0.122 0.122 0.122
     Q2      . 0.015 0.048 0.062 0.067 0.067 0.067 0.067
     Q3  0.000 0.005 0.008 0.011 0.011 0.011 0.011 0.011
     Q4  0.000 0.026 0.034 0.044 0.048 0.048 0.048 0.048
2019 Q1      . 0.042 0.108 0.138 0.149 0.149 0.149 0.149
     Q2      . 0.018 0.059 0.075 0.082 0.082 0.082 0.082
     Q3  0.000 0.007 0.010 0.013 0.014 0.014 0.014 0.014
     Q4  0.000 0.032 0.042 0.054 0.058 0.058 0.058 0.058
2020 Q1      . 0.037 0.096 0.122 0.132 0.132 0.132 0.132
     Q2      . 0.016 0.052 0.067 0.073 0.073 0.073 0.073
     Q3  0.000 0.006 0.009 0.011 0.012 0.012 0.012 0.012
     Q4  0.000 0.029 0.037 0.048 0.052 0.052 0.052 0.052
2021 Q1      . 0.033 0.086 0.110 0.119 0.119 0.119 0.119
     Q2      . 0.014 0.047 0.060 0.065 0.065 0.065 0.065
     Q3  0.000 0.005 0.008 0.010 0.011 0.011 0.011 0.011
     Q4  0.000 0.026 0.034 0.043 0.047 0.047 0.047 0.047
