
Table  1    Herring :   Natural mortality (M1+M2) 

         Age 0 Age 1 Age 2 Age 3 Age 4 Age 5 Age 6 Age 7 Age 8
                                                              
1974 Q1      . 0.170 0.093 0.063 0.054 0.052 0.051 0.046 0.039
     Q2      . 0.064 0.048 0.040 0.038 0.037 0.039 0.037 0.033
     Q3  0.218 0.094 0.076 0.071 0.069 0.061 0.056 0.056 0.047
     Q4  0.245 0.115 0.095 0.079 0.072 0.071 0.072 0.064 0.054
1975 Q1      . 0.209 0.117 0.080 0.068 0.065 0.064 0.058 0.047
     Q2      . 0.078 0.057 0.048 0.045 0.043 0.046 0.044 0.038
     Q3  0.194 0.093 0.077 0.073 0.071 0.063 0.059 0.059 0.050
     Q4  0.201 0.107 0.089 0.076 0.070 0.069 0.069 0.063 0.055
1976 Q1      . 0.164 0.100 0.072 0.063 0.060 0.060 0.055 0.046
     Q2      . 0.060 0.046 0.041 0.039 0.038 0.040 0.039 0.035
     Q3  0.186 0.088 0.073 0.070 0.068 0.061 0.057 0.057 0.048
     Q4  0.201 0.107 0.088 0.075 0.069 0.068 0.069 0.062 0.053
1977 Q1      . 0.178 0.101 0.072 0.063 0.060 0.059 0.055 0.046
     Q2      . 0.066 0.047 0.042 0.040 0.039 0.041 0.040 0.035
     Q3  0.247 0.091 0.078 0.074 0.072 0.064 0.059 0.059 0.050
     Q4  0.280 0.134 0.101 0.085 0.078 0.077 0.077 0.069 0.058
1978 Q1      . 0.278 0.131 0.090 0.077 0.064 0.063 0.059 0.055
     Q2      . 0.101 0.056 0.055 0.052 0.051 0.049 0.047 0.042
     Q3  0.344 0.129 0.080 0.082 0.086 0.086 0.069 0.069 0.059
     Q4  0.383 0.186 0.121 0.116 0.108 0.101 0.095 0.085 0.072
1979 Q1      . 0.364 0.131 0.102 0.084 0.079 0.079 0.064 0.048
     Q2      . 0.129 0.066 0.058 0.063 0.061 0.057 0.052 0.048
     Q3  0.392 0.159 0.093 0.087 0.093 0.086 0.080 0.078 0.064
     Q4  0.421 0.222 0.127 0.106 0.100 0.100 0.101 0.089 0.074
1980 Q1      . 0.385 0.158 0.131 0.116 0.116 0.095 0.085 0.075
     Q2      . 0.146 0.106 0.081 0.072 0.079 0.067 0.060 0.054
     Q3  0.342 0.153 0.107 0.087 0.086 0.082 0.076 0.074 0.064
     Q4  0.364 0.202 0.151 0.117 0.096 0.098 0.089 0.083 0.073
1981 Q1      . 0.329 0.175 0.125 0.105 0.086 0.090 0.074 0.067
     Q2      . 0.120 0.096 0.071 0.063 0.060 0.061 0.052 0.047
     Q3  0.344 0.150 0.090 0.080 0.076 0.073 0.070 0.068 0.059
     Q4  0.372 0.204 0.142 0.117 0.096 0.090 0.086 0.082 0.063
1982 Q1      . 0.343 0.157 0.106 0.083 0.074 0.073 0.070 0.059
     Q2      . 0.126 0.100 0.081 0.070 0.059 0.054 0.059 0.045
     Q3  0.324 0.152 0.095 0.088 0.078 0.077 0.070 0.070 0.056
     Q4  0.343 0.199 0.132 0.123 0.105 0.091 0.086 0.081 0.068
1983 Q1      . 0.292 0.172 0.110 0.096 0.081 0.073 0.072 0.062
     Q2      . 0.098 0.087 0.060 0.062 0.055 0.049 0.047 0.043
     Q3  0.295 0.150 0.115 0.085 0.080 0.076 0.070 0.063 0.054
     Q4  0.307 0.190 0.163 0.124 0.115 0.100 0.090 0.083 0.077
1984 Q1      . 0.247 0.158 0.117 0.091 0.087 0.076 0.068 0.062
     Q2      . 0.082 0.077 0.062 0.049 0.049 0.044 0.042 0.039
     Q3  0.247 0.134 0.100 0.082 0.070 0.071 0.069 0.061 0.055
     Q4  0.252 0.163 0.144 0.111 0.090 0.092 0.083 0.076 0.063
1985 Q1      . 0.201 0.121 0.084 0.077 0.066 0.062 0.064 0.056
     Q2      . 0.071 0.060 0.045 0.043 0.039 0.041 0.039 0.036
     Q3  0.223 0.121 0.108 0.087 0.069 0.063 0.061 0.056 0.053
     Q4  0.224 0.145 0.147 0.115 0.091 0.080 0.076 0.068 0.060
1986 Q1      . 0.190 0.125 0.109 0.084 0.076 0.068 0.062 0.054
     Q2      . 0.069 0.065 0.055 0.045 0.042 0.040 0.037 0.035
     Q3  0.208 0.105 0.080 0.071 0.059 0.054 0.052 0.051 0.045
     Q4  0.207 0.127 0.103 0.096 0.073 0.068 0.060 0.057 0.050
1987 Q1      . 0.186 0.088 0.068 0.061 0.052 0.049 0.047 0.044
     Q2      . 0.068 0.053 0.044 0.043 0.039 0.037 0.035 0.033
     Q3  0.226 0.112 0.074 0.068 0.065 0.056 0.051 0.050 0.045
     Q4  0.222 0.134 0.097 0.090 0.085 0.072 0.065 0.060 0.050
1988 Q1      . 0.199 0.125 0.082 0.083 0.071 0.063 0.055 0.048
     Q2      . 0.075 0.068 0.045 0.042 0.043 0.039 0.038 0.033
     Q3  0.200 0.109 0.073 0.057 0.055 0.055 0.048 0.046 0.042
     Q4  0.194 0.125 0.101 0.082 0.073 0.067 0.062 0.055 0.049
1989 Q1      . 0.167 0.104 0.101 0.084 0.069 0.065 0.059 0.048
     Q2      . 0.064 0.049 0.047 0.039 0.038 0.037 0.034 0.033
     Q3  0.153 0.091 0.059 0.062 0.054 0.050 0.045 0.042 0.040
     Q4  0.149 0.101 0.073 0.076 0.062 0.055 0.054 0.048 0.043
1990 Q1      . 0.101 0.066 0.058 0.059 0.048 0.043 0.042 0.038
     Q2      . 0.050 0.040 0.036 0.036 0.033 0.032 0.032 0.031
     Q3  0.102 0.067 0.047 0.044 0.046 0.044 0.042 0.041 0.038
     Q4  0.093 0.067 0.052 0.047 0.052 0.043 0.043 0.039 0.039
1991 Q1      . 0.079 0.058 0.049 0.043 0.047 0.039 0.041 0.038
     Q2      . 0.042 0.038 0.034 0.031 0.033 0.030 0.031 0.030
     Q3  0.082 0.053 0.045 0.038 0.035 0.038 0.034 0.034 0.032
     Q4  0.077 0.054 0.048 0.042 0.038 0.041 0.036 0.038 0.034
1992 Q1      . 0.073 0.055 0.048 0.038 0.035 0.038 0.033 0.034
     Q2      . 0.042 0.038 0.034 0.031 0.030 0.030 0.029 0.029
     Q3  0.096 0.058 0.045 0.040 0.037 0.036 0.038 0.034 0.032
     Q4  0.094 0.063 0.055 0.047 0.040 0.036 0.039 0.038 0.036
1993 Q1      . 0.089 0.064 0.052 0.050 0.043 0.040 0.045 0.039
     Q2      . 0.047 0.041 0.037 0.035 0.033 0.032 0.033 0.030
     Q3  0.121 0.077 0.064 0.055 0.049 0.046 0.044 0.045 0.040
     Q4  0.119 0.083 0.076 0.063 0.056 0.051 0.046 0.047 0.040
1994 Q1      . 0.103 0.076 0.064 0.053 0.047 0.042 0.039 0.039
     Q2      . 0.051 0.045 0.041 0.038 0.036 0.034 0.032 0.032
     Q3  0.107 0.074 0.062 0.054 0.050 0.048 0.046 0.042 0.041
     Q4  0.104 0.077 0.068 0.062 0.053 0.053 0.050 0.044 0.044
1995 Q1      . 0.086 0.067 0.063 0.055 0.052 0.050 0.046 0.046
     Q2      . 0.044 0.040 0.037 0.036 0.035 0.034 0.033 0.032
     Q3  0.095 0.069 0.059 0.055 0.050 0.048 0.047 0.043 0.042
     Q4  0.091 0.069 0.062 0.056 0.053 0.048 0.047 0.044 0.044
1996 Q1      . 0.074 0.057 0.052 0.050 0.047 0.045 0.044 0.040
     Q2      . 0.039 0.038 0.035 0.034 0.033 0.033 0.032 0.030
     Q3  0.083 0.061 0.059 0.052 0.050 0.047 0.044 0.043 0.040
     Q4  0.078 0.060 0.060 0.053 0.049 0.048 0.046 0.043 0.039
1997 Q1      . 0.067 0.060 0.051 0.049 0.044 0.044 0.043 0.040
     Q2      . 0.038 0.038 0.034 0.032 0.032 0.031 0.030 0.030
     Q3  0.074 0.053 0.048 0.046 0.044 0.041 0.039 0.038 0.036
     Q4  0.072 0.054 0.050 0.047 0.045 0.044 0.042 0.042 0.042
1998 Q1      . 0.065 0.049 0.046 0.041 0.038 0.038 0.038 0.037
     Q2      . 0.037 0.035 0.033 0.031 0.030 0.029 0.029 0.029
     Q3  0.086 0.056 0.052 0.048 0.044 0.042 0.039 0.037 0.034
     Q4  0.085 0.059 0.053 0.050 0.046 0.044 0.042 0.042 0.035
1999 Q1      . 0.076 0.061 0.049 0.047 0.044 0.041 0.040 0.037
     Q2      . 0.041 0.039 0.034 0.033 0.032 0.031 0.030 0.029
     Q3  0.097 0.061 0.051 0.049 0.045 0.041 0.039 0.039 0.037
     Q4  0.098 0.067 0.056 0.052 0.051 0.046 0.042 0.041 0.036
2000 Q1      . 0.142 0.088 0.081 0.074 0.071 0.064 0.061 0.059
     Q2      . 0.045 0.039 0.036 0.035 0.035 0.033 0.032 0.033
     Q3  0.065 0.046 0.038 0.037 0.035 0.034 0.032 0.031 0.031
     Q4  0.136 0.091 0.068 0.065 0.063 0.059 0.053 0.050 0.049
2001 Q1      . 0.154 0.095 0.075 0.073 0.067 0.062 0.063 0.059
     Q2      . 0.048 0.041 0.036 0.035 0.033 0.033 0.032 0.033
     Q3  0.068 0.047 0.041 0.039 0.038 0.037 0.037 0.034 0.034
     Q4  0.143 0.095 0.069 0.063 0.063 0.056 0.054 0.053 0.053
2002 Q1      . 0.169 0.116 0.091 0.078 0.076 0.067 0.063 0.070
     Q2      . 0.052 0.044 0.041 0.038 0.036 0.036 0.034 0.033
     Q3  0.065 0.046 0.037 0.035 0.033 0.032 0.032 0.031 0.031
     Q4  0.134 0.091 0.067 0.060 0.053 0.050 0.050 0.049 0.047
2003 Q1      . 0.149 0.075 0.064 0.063 0.058 0.056 0.053 0.053
     Q2      . 0.047 0.040 0.037 0.036 0.034 0.033 0.032 0.031
     Q3  0.055 0.041 0.033 0.033 0.031 0.031 0.031 0.030 0.029
     Q4  0.110 0.077 0.061 0.056 0.048 0.048 0.044 0.041 0.040
2004 Q1      . 0.120 0.101 0.072 0.065 0.056 0.053 0.049 0.046
     Q2      . 0.040 0.038 0.032 0.032 0.030 0.030 0.030 0.029
     Q3  0.062 0.042 0.039 0.033 0.032 0.031 0.030 0.030 0.029
     Q4  0.131 0.084 0.081 0.060 0.054 0.047 0.045 0.044 0.042
2005 Q1      . 0.148 0.119 0.102 0.073 0.062 0.057 0.051 0.048
     Q2      . 0.047 0.044 0.040 0.035 0.034 0.032 0.032 0.030
     Q3  0.075 0.048 0.040 0.038 0.034 0.033 0.031 0.031 0.030
     Q4  0.162 0.102 0.087 0.079 0.069 0.059 0.051 0.049 0.045
2006 Q1      . 0.179 0.089 0.096 0.089 0.077 0.064 0.059 0.055
     Q2      . 0.052 0.038 0.040 0.039 0.034 0.033 0.032 0.031
     Q3  0.076 0.046 0.036 0.035 0.034 0.033 0.031 0.031 0.029
     Q4  0.163 0.101 0.091 0.078 0.071 0.065 0.052 0.048 0.046
2007 Q1      . 0.183 0.115 0.091 0.088 0.077 0.059 0.056 0.047
     Q2      . 0.052 0.039 0.038 0.036 0.037 0.034 0.032 0.031
     Q3  0.080 0.047 0.034 0.035 0.033 0.033 0.032 0.032 0.030
     Q4  0.172 0.104 0.082 0.079 0.065 0.063 0.056 0.049 0.046
2008 Q1      . 0.198 0.109 0.093 0.082 0.072 0.076 0.060 0.056
     Q2      . 0.058 0.046 0.044 0.041 0.037 0.040 0.036 0.034
     Q3  0.080 0.047 0.039 0.038 0.035 0.034 0.035 0.033 0.031
     Q4  0.177 0.107 0.077 0.073 0.068 0.058 0.059 0.055 0.050
2009 Q1      . 0.202 0.120 0.094 0.084 0.076 0.069 0.075 0.062
     Q2      . 0.055 0.047 0.043 0.042 0.038 0.036 0.038 0.034
     Q3  0.089 0.050 0.041 0.038 0.036 0.035 0.033 0.034 0.032
     Q4  0.198 0.118 0.091 0.074 0.076 0.062 0.056 0.062 0.057
2010 Q1      . 0.230 0.138 0.107 0.088 0.087 0.078 0.071 0.067
     Q2      . 0.061 0.055 0.046 0.042 0.042 0.040 0.036 0.037
     Q3  0.096 0.054 0.044 0.039 0.038 0.037 0.036 0.035 0.034
     Q4  0.211 0.125 0.103 0.084 0.072 0.067 0.061 0.058 0.058
2011 Q1      . 0.250 0.123 0.120 0.102 0.085 0.084 0.073 0.070
     Q2      . 0.064 0.054 0.050 0.043 0.040 0.039 0.036 0.036
     Q3  0.091 0.051 0.041 0.036 0.035 0.034 0.033 0.033 0.033
     Q4  0.194 0.114 0.091 0.077 0.062 0.060 0.056 0.053 0.057
2012 Q1      . 0.225 0.104 0.107 0.088 0.073 0.067 0.060 0.057
     Q2      . 0.058 0.039 0.040 0.039 0.035 0.034 0.034 0.032
     Q3  0.087 0.047 0.032 0.032 0.032 0.031 0.031 0.030 0.029
     Q4  0.179 0.099 0.061 0.063 0.051 0.045 0.042 0.040 0.036
2013 Q1      . 0.206 0.104 0.066 0.073 0.062 0.055 0.052 0.049
     Q2      . 0.056 0.042 0.034 0.035 0.034 0.032 0.032 0.031
     Q3  0.092 0.047 0.034 0.031 0.032 0.031 0.030 0.030 0.029
     Q4  0.190 0.100 0.077 0.066 0.061 0.050 0.046 0.042 0.041
2014 Q1      . 0.226 0.120 0.082 0.064 0.070 0.058 0.056 0.052
     Q2      . 0.060 0.046 0.040 0.034 0.037 0.034 0.033 0.031
     Q3  0.074 0.042 0.032 0.031 0.029 0.030 0.029 0.028 0.028
     Q4  0.153 0.084 0.064 0.056 0.048 0.046 0.040 0.039 0.038
2015 Q1      . 0.171 0.094 0.071 0.063 0.054 0.052 0.046 0.046
     Q2      . 0.046 0.038 0.035 0.032 0.031 0.031 0.030 0.029
     Q3  0.070 0.041 0.032 0.032 0.031 0.030 0.031 0.030 0.029
     Q4  0.141 0.080 0.057 0.055 0.048 0.045 0.045 0.043 0.040
2016 Q1      . 0.160 0.130 0.075 0.068 0.062 0.056 0.054 0.050
     Q2      . 0.044 0.041 0.036 0.034 0.032 0.032 0.031 0.030
     Q3  0.063 0.040 0.036 0.031 0.031 0.030 0.030 0.030 0.029
     Q4  0.124 0.073 0.068 0.050 0.046 0.043 0.040 0.039 0.038
2017 Q1      . 0.141 0.093 0.080 0.061 0.056 0.050 0.046 0.043
     Q2      . 0.042 0.037 0.036 0.032 0.031 0.030 0.029 0.029
     Q3  0.058 0.037 0.032 0.032 0.029 0.029 0.028 0.027 0.027
     Q4  0.111 0.064 0.051 0.048 0.039 0.038 0.037 0.035 0.035
2018 Q1      . 0.127 0.074 0.056 0.055 0.046 0.043 0.041 0.038
     Q2      . 0.040 0.035 0.032 0.031 0.029 0.029 0.029 0.028
     Q3  0.058 0.036 0.032 0.029 0.029 0.028 0.028 0.028 0.028
     Q4  0.109 0.062 0.054 0.044 0.043 0.035 0.036 0.036 0.034
2019 Q1      . 0.129 0.070 0.060 0.052 0.051 0.043 0.040 0.039
     Q2      . 0.040 0.035 0.033 0.031 0.030 0.029 0.028 0.028
     Q3  0.052 0.035 0.031 0.030 0.029 0.029 0.028 0.028 0.028
     Q4  0.096 0.057 0.045 0.043 0.038 0.040 0.036 0.036 0.034
2020 Q1      . 0.117 0.066 0.055 0.051 0.046 0.047 0.039 0.038
     Q2      . 0.039 0.034 0.031 0.030 0.029 0.029 0.028 0.028
     Q3  0.050 0.035 0.031 0.029 0.029 0.029 0.029 0.028 0.028
     Q4  0.093 0.056 0.047 0.042 0.040 0.038 0.038 0.035 0.035
2021 Q1      . 0.115 0.067 0.058 0.050 0.048 0.046 0.044 0.039
     Q2      . 0.038 0.033 0.033 0.031 0.031 0.029 0.029 0.028
     Q3  0.046 0.034 0.031 0.029 0.030 0.028 0.028 0.028 0.030
     Q4  0.083 0.052 0.045 0.043 0.040 0.039 0.036 0.037 0.036

Table  1    Sprat :   Natural mortality (M1+M2) 

         Age 0 Age 1 Age 2 Age 3 Age 4 Age 5 Age 6 Age 7
                                                        
1974 Q1      . 0.203 0.126 0.116 0.105 0.105 0.102 0.105
     Q2      . 0.241 0.160 0.133 0.124 0.124 0.116 0.120
     Q3  0.246 0.177 0.135 0.116 0.112 0.112 0.110 0.112
     Q4  0.170 0.133 0.123 0.114 0.111 0.111 0.111 0.111
1975 Q1      . 0.219 0.143 0.132 0.121 0.121 0.117 0.121
     Q2      . 0.279 0.190 0.159 0.148 0.148 0.140 0.144
     Q3  0.191 0.149 0.123 0.109 0.107 0.107 0.104 0.107
     Q4  0.141 0.115 0.109 0.103 0.101 0.101 0.101 0.101
1976 Q1      . 0.170 0.118 0.111 0.103 0.103 0.101 0.103
     Q2      . 0.198 0.140 0.119 0.113 0.113 0.108 0.111
     Q3  0.192 0.142 0.118 0.104 0.102 0.102 0.100 0.102
     Q4  0.144 0.114 0.108 0.102 0.100 0.100 0.100 0.100
1977 Q1      . 0.210 0.127 0.112 0.106 0.106 0.103 0.106
     Q2      . 0.290 0.172 0.134 0.126 0.126 0.119 0.122
     Q3  0.283 0.176 0.140 0.117 0.114 0.114 0.111 0.114
     Q4  0.199 0.141 0.133 0.122 0.118 0.118 0.118 0.118
1978 Q1      . 0.307 0.179 0.161 0.137 0.137 0.133 0.142
     Q2      . 0.455 0.271 0.240 0.202 0.187 0.187 0.187
     Q3  0.342 0.220 0.177 0.153 0.148 0.148 0.148 0.143
     Q4  0.252 0.176 0.158 0.166 0.152 0.158 0.152 0.147
1979 Q1      . 0.346 0.207 0.184 0.176 0.164 0.164 0.170
     Q2      . 0.502 0.266 0.254 0.266 0.235 0.235 0.244
     Q3  0.334 0.233 0.196 0.167 0.167 0.162 0.157 0.157
     Q4  0.257 0.188 0.166 0.161 0.161 0.152 0.161 0.161
1980 Q1      . 0.340 0.222 0.183 0.177 0.177 0.166 0.172
     Q2      . 0.554 0.340 0.281 0.271 0.281 0.261 0.271
     Q3  0.289 0.203 0.170 0.151 0.151 0.151 0.144 0.147
     Q4  0.227 0.167 0.154 0.142 0.142 0.142 0.142 0.142
1981 Q1      . 0.299 0.161 0.156 0.151 0.151 0.156 0.147
     Q2      . 0.463 0.240 0.231 0.202 0.209 0.231 0.202
     Q3  0.298 0.199 0.166 0.147 0.143 0.143 0.143 0.136
     Q4  0.237 0.168 0.150 0.141 0.141 0.138 0.138 0.134
1982 Q1      . 0.305 0.200 0.165 0.154 0.150 0.150 0.154
     Q2      . 0.475 0.278 0.244 0.235 0.219 0.244 0.244
     Q3  0.260 0.186 0.148 0.140 0.140 0.136 0.140 0.140
     Q4  0.213 0.158 0.142 0.135 0.135 0.132 0.132 0.135
1983 Q1      . 0.240 0.173 0.152 0.143 0.140 0.136 0.136
     Q2      . 0.310 0.213 0.186 0.186 0.175 0.175 0.175
     Q3  0.226 0.171 0.154 0.140 0.133 0.136 0.130 0.130
     Q4  0.187 0.146 0.137 0.130 0.127 0.125 0.122 0.120
1984 Q1      . 0.200 0.155 0.134 0.127 0.125 0.122 0.122
     Q2      . 0.248 0.181 0.149 0.153 0.149 0.145 0.142
     Q3  0.190 0.148 0.136 0.124 0.121 0.116 0.119 0.119
     Q4  0.159 0.127 0.124 0.115 0.115 0.111 0.109 0.111
1985 Q1      . 0.170 0.133 0.121 0.113 0.108 0.106 0.106
     Q2      . 0.214 0.154 0.143 0.143 0.127 0.122 0.124
     Q3  0.179 0.135 0.121 0.113 0.109 0.111 0.103 0.107
     Q4  0.148 0.116 0.110 0.106 0.104 0.104 0.104 0.106
1986 Q1      . 0.173 0.123 0.116 0.107 0.104 0.102 0.100
     Q2      . 0.243 0.158 0.144 0.131 0.120 0.120 0.120
     Q3  0.180 0.126 0.106 0.103 0.101 0.101 0.095 0.097
     Q4  0.147 0.109 0.100 0.098 0.096 0.094 0.096 0.092
1987 Q1      . 0.174 0.112 0.103 0.098 0.098 0.096 0.094
     Q2      . 0.236 0.147 0.125 0.118 0.118 0.114 0.114
     Q3  0.189 0.132 0.116 0.108 0.105 0.102 0.105 0.100
     Q4  0.154 0.114 0.110 0.103 0.101 0.099 0.101 0.096
1988 Q1      . 0.173 0.125 0.120 0.111 0.105 0.105 0.102
     Q2      . 0.226 0.149 0.143 0.130 0.122 0.119 0.116
     Q3  0.162 0.123 0.105 0.103 0.098 0.096 0.096 0.093
     Q4  0.134 0.105 0.097 0.095 0.091 0.091 0.091 0.090
1989 Q1      . 0.143 0.106 0.097 0.097 0.093 0.091 0.090
     Q2      . 0.178 0.125 0.110 0.108 0.105 0.103 0.103
     Q3  0.131 0.103 0.091 0.087 0.086 0.084 0.084 0.083
     Q4  0.111 0.090 0.083 0.080 0.079 0.078 0.079 0.078
1990 Q1      . 0.096 0.076 0.075 0.073 0.072 0.072 0.071
     Q2      . 0.120 0.089 0.087 0.084 0.081 0.081 0.080
     Q3  0.097 0.082 0.075 0.074 0.073 0.071 0.072 0.070
     Q4  0.083 0.072 0.068 0.067 0.067 0.067 0.067 0.065
1991 Q1      . 0.085 0.068 0.066 0.066 0.065 0.064 0.064
     Q2      . 0.105 0.074 0.073 0.071 0.070 0.069 0.070
     Q3  0.088 0.073 0.065 0.065 0.064 0.064 0.064 0.064
     Q4  0.078 0.067 0.063 0.062 0.061 0.061 0.061 0.061
1992 Q1      . 0.086 0.067 0.063 0.063 0.062 0.062 0.062
     Q2      . 0.110 0.078 0.072 0.071 0.070 0.069 0.068
     Q3  0.099 0.078 0.069 0.068 0.067 0.066 0.066 0.064
     Q4  0.087 0.072 0.066 0.064 0.064 0.063 0.063 0.063
1993 Q1      . 0.093 0.077 0.072 0.072 0.072 0.069 0.068
     Q2      . 0.117 0.090 0.086 0.082 0.080 0.079 0.078
     Q3  0.110 0.089 0.089 0.085 0.081 0.079 0.081 0.077
     Q4  0.096 0.080 0.081 0.080 0.077 0.077 0.075 0.075
1994 Q1      . 0.098 0.082 0.077 0.074 0.073 0.073 0.072
     Q2      . 0.119 0.098 0.090 0.085 0.085 0.083 0.083
     Q3  0.098 0.084 0.080 0.077 0.076 0.075 0.074 0.074
     Q4  0.087 0.076 0.074 0.073 0.071 0.071 0.069 0.070
1995 Q1      . 0.086 0.072 0.072 0.070 0.069 0.069 0.069
     Q2      . 0.097 0.082 0.082 0.079 0.077 0.076 0.075
     Q3  0.089 0.079 0.077 0.076 0.075 0.074 0.074 0.074
     Q4  0.080 0.072 0.070 0.069 0.068 0.068 0.067 0.067
1996 Q1      . 0.079 0.072 0.069 0.068 0.066 0.065 0.066
     Q2      . 0.084 0.078 0.073 0.072 0.071 0.070 0.070
     Q3  0.083 0.074 0.075 0.071 0.071 0.070 0.070 0.070
     Q4  0.075 0.068 0.068 0.066 0.066 0.064 0.065 0.065
1997 Q1      . 0.077 0.069 0.068 0.066 0.064 0.063 0.063
     Q2      . 0.086 0.076 0.074 0.071 0.068 0.068 0.068
     Q3  0.080 0.070 0.069 0.068 0.066 0.065 0.065 0.064
     Q4  0.073 0.065 0.066 0.065 0.063 0.063 0.063 0.062
1998 Q1      . 0.078 0.067 0.066 0.065 0.064 0.063 0.063
     Q2      . 0.086 0.076 0.073 0.073 0.071 0.070 0.070
     Q3  0.088 0.074 0.073 0.071 0.070 0.068 0.067 0.069
     Q4  0.080 0.069 0.069 0.069 0.069 0.067 0.066 0.066
1999 Q1      . 0.087 0.073 0.071 0.070 0.069 0.067 0.067
     Q2      . 0.099 0.085 0.080 0.080 0.080 0.077 0.076
     Q3  0.093 0.078 0.075 0.073 0.073 0.072 0.071 0.070
     Q4  0.086 0.074 0.071 0.069 0.070 0.070 0.069 0.068
2000 Q1      . 0.122 0.095 0.094 0.091 0.090 0.089 0.085
     Q2      . 0.102 0.080 0.082 0.081 0.079 0.078 0.076
     Q3  0.074 0.066 0.061 0.062 0.062 0.062 0.061 0.061
     Q4  0.102 0.086 0.080 0.079 0.079 0.079 0.078 0.076
2001 Q1      . 0.128 0.101 0.094 0.096 0.095 0.096 0.095
     Q2      . 0.108 0.088 0.084 0.082 0.080 0.081 0.082
     Q3  0.075 0.066 0.063 0.062 0.062 0.061 0.062 0.062
     Q4  0.105 0.089 0.082 0.079 0.079 0.078 0.078 0.078
2002 Q1      . 0.136 0.105 0.102 0.099 0.100 0.100 0.100
     Q2      . 0.118 0.096 0.095 0.093 0.092 0.091 0.091
     Q3  0.072 0.065 0.062 0.062 0.061 0.061 0.061 0.061
     Q4  0.099 0.086 0.079 0.078 0.077 0.076 0.077 0.077
2003 Q1      . 0.123 0.095 0.093 0.093 0.091 0.092 0.093
     Q2      . 0.104 0.087 0.084 0.084 0.082 0.084 0.084
     Q3  0.067 0.061 0.059 0.059 0.059 0.058 0.059 0.059
     Q4  0.088 0.078 0.074 0.073 0.072 0.072 0.072 0.072
2004 Q1      . 0.108 0.090 0.083 0.081 0.081 0.081 0.081
     Q2      . 0.090 0.079 0.074 0.072 0.073 0.073 0.074
     Q3  0.071 0.063 0.063 0.061 0.060 0.060 0.060 0.060
     Q4  0.098 0.084 0.083 0.078 0.076 0.077 0.076 0.076
2005 Q1      . 0.128 0.107 0.101 0.092 0.091 0.089 0.091
     Q2      . 0.110 0.097 0.093 0.085 0.084 0.084 0.085
     Q3  0.078 0.068 0.067 0.065 0.064 0.063 0.062 0.062
     Q4  0.111 0.094 0.091 0.089 0.085 0.083 0.081 0.082
2006 Q1      . 0.146 0.115 0.112 0.110 0.102 0.101 0.100
     Q2      . 0.122 0.105 0.101 0.098 0.092 0.089 0.091
     Q3  0.078 0.068 0.067 0.066 0.065 0.064 0.062 0.062
     Q4  0.112 0.093 0.089 0.090 0.088 0.084 0.084 0.082
2007 Q1      . 0.149 0.118 0.111 0.110 0.108 0.103 0.102
     Q2      . 0.126 0.108 0.102 0.101 0.099 0.094 0.090
     Q3  0.081 0.069 0.066 0.065 0.065 0.064 0.064 0.062
     Q4  0.117 0.095 0.088 0.085 0.086 0.088 0.084 0.082
2008 Q1      . 0.159 0.116 0.112 0.109 0.109 0.109 0.103
     Q2      . 0.141 0.113 0.109 0.104 0.107 0.110 0.103
     Q3  0.081 0.069 0.065 0.065 0.063 0.065 0.065 0.063
     Q4  0.118 0.096 0.088 0.087 0.086 0.086 0.086 0.081
2009 Q1      . 0.159 0.116 0.109 0.106 0.105 0.109 0.106
     Q2      . 0.132 0.105 0.100 0.097 0.095 0.099 0.096
     Q3  0.086 0.072 0.067 0.066 0.066 0.066 0.066 0.066
     Q4  0.127 0.102 0.095 0.093 0.092 0.093 0.090 0.088
2010 Q1      . 0.174 0.133 0.122 0.117 0.114 0.114 0.118
     Q2      . 0.149 0.126 0.115 0.112 0.110 0.106 0.110
     Q3  0.090 0.074 0.071 0.068 0.068 0.068 0.068 0.067
     Q4  0.132 0.106 0.100 0.096 0.094 0.095 0.094 0.091
2011 Q1      . 0.185 0.135 0.131 0.123 0.119 0.117 0.118
     Q2      . 0.157 0.121 0.119 0.115 0.110 0.111 0.109
     Q3  0.087 0.073 0.068 0.068 0.067 0.066 0.066 0.066
     Q4  0.126 0.101 0.093 0.091 0.089 0.087 0.089 0.084
2012 Q1      . 0.174 0.122 0.114 0.114 0.108 0.107 0.107
     Q2      . 0.148 0.110 0.100 0.098 0.096 0.095 0.096
     Q3  0.087 0.070 0.066 0.064 0.063 0.063 0.063 0.063
     Q4  0.121 0.094 0.082 0.080 0.080 0.080 0.078 0.079
2013 Q1      . 0.169 0.111 0.100 0.096 0.096 0.095 0.096
     Q2      . 0.151 0.107 0.096 0.093 0.092 0.092 0.092
     Q3  0.090 0.071 0.067 0.064 0.063 0.064 0.063 0.063
     Q4  0.127 0.097 0.087 0.082 0.082 0.082 0.082 0.082
2014 Q1      . 0.179 0.120 0.112 0.104 0.101 0.101 0.103
     Q2      . 0.160 0.116 0.107 0.099 0.097 0.098 0.102
     Q3  0.079 0.066 0.063 0.061 0.060 0.060 0.060 0.060
     Q4  0.109 0.086 0.079 0.076 0.074 0.074 0.074 0.073
2015 Q1      . 0.139 0.098 0.093 0.090 0.088 0.087 0.088
     Q2      . 0.113 0.087 0.083 0.081 0.078 0.077 0.080
     Q3  0.076 0.065 0.063 0.061 0.060 0.060 0.059 0.060
     Q4  0.102 0.083 0.079 0.077 0.076 0.075 0.074 0.075
2016 Q1      . 0.129 0.106 0.094 0.090 0.087 0.085 0.086
     Q2      . 0.106 0.090 0.083 0.079 0.078 0.077 0.077
     Q3  0.072 0.063 0.062 0.059 0.059 0.059 0.059 0.059
     Q4  0.094 0.078 0.078 0.072 0.071 0.071 0.071 0.071
2017 Q1      . 0.119 0.094 0.091 0.085 0.081 0.081 0.081
     Q2      . 0.101 0.084 0.081 0.075 0.073 0.073 0.074
     Q3  0.070 0.061 0.060 0.059 0.059 0.058 0.057 0.058
     Q4  0.089 0.074 0.071 0.071 0.069 0.068 0.069 0.067
2018 Q1      . 0.111 0.085 0.082 0.081 0.079 0.076 0.076
     Q2      . 0.097 0.081 0.078 0.076 0.073 0.071 0.073
     Q3  0.070 0.061 0.060 0.059 0.059 0.057 0.057 0.057
     Q4  0.089 0.073 0.071 0.069 0.069 0.068 0.067 0.068
2019 Q1      . 0.110 0.087 0.082 0.080 0.080 0.076 0.076
     Q2      . 0.097 0.083 0.078 0.076 0.075 0.071 0.071
     Q3  0.066 0.060 0.059 0.058 0.057 0.057 0.056 0.057
     Q4  0.082 0.070 0.068 0.067 0.066 0.066 0.064 0.064
2020 Q1      . 0.102 0.079 0.078 0.076 0.075 0.075 0.072
     Q2      . 0.091 0.075 0.072 0.071 0.069 0.069 0.068
     Q3  0.065 0.059 0.058 0.057 0.056 0.056 0.057 0.057
     Q4  0.082 0.069 0.066 0.066 0.065 0.065 0.065 0.064
2021 Q1      . 0.098 0.080 0.077 0.076 0.074 0.073 0.074
     Q2      . 0.087 0.075 0.072 0.071 0.071 0.068 0.069
     Q3  0.062 0.058 0.057 0.056 0.056 0.056 0.055 0.056
     Q4  0.076 0.067 0.065 0.063 0.063 0.062 0.062 0.063
