
Table  1    Cod :  Stock numbers (thousands) 

          Age 01  Age 02  Age 03  Age 04  Age 05  Age 06  Age 07  Age 08  Age 09  Age 10
                                                                                        
1974 Q1   724978  171272   27698   35212   10517    2228     990     935     572     484
1975 Q1  1094050  163506   39691   10065   14800    4697     991     429     417     444
1976 Q1   746337  283126   36401   13910    4105    6432    2033     417     186     351
1977 Q1  1740730  170416   60724   11859    5343    1689    2634     808     171     207
1978 Q1  1200930  383751   37444   19798    4608    2222     699    1059     335     147
1979 Q1  1169060  240307   76131   10583    6853    1725     827     252     396     167
1980 Q1  1596550  247530   56704   26544    4311    2975     746     348     109     229
1981 Q1   930561  368819   54061   17215    9688    1694    1163     282     136     124
1982 Q1  1494170  164131   74800   16511    6332    3833     667     443     111      96
1983 Q1   929035  285633   28724   20767    5678    2356    1419     238     165      71
1984 Q1  1427170  173760   49793    7955    7098    2102     867     505      88      81
1985 Q1   548630  310255   33625   14839    2884    2772     816     326     197      61
1986 Q1  1422240  103777   60693    9929    5337    1118    1069     305     126      93
1987 Q1   724642  320832   18633   16271    3278    1929     402     371     110      73
1988 Q1   545035  161669   61258    5048    5471    1195     699     141     135      62
1989 Q1   771556  114306   29218   16762    1702    2022     439     248      52      67
1990 Q1   435804  178667   20404    7624    5543     611     722     151      89      39
1991 Q1   448032   94748   32200    5670    2680    2104     231     264      57      45
1992 Q1   705886  103873   16513    8929    1991    1017     794      84     100      36
1993 Q1   349101  170687   19254    4881    3243     779     396     299      33      49
1994 Q1   640724  105105   40264    5833    1666    1119     280     140     105      28
1995 Q1   475207  189812   25266   11915    1959     566     396      98      48      45
1996 Q1   375859  140527   42638    6775    3601     600     181     125      30      28
1997 Q1   796123   98649   27785   10398    1929    1039     182      54      37      17
1998 Q1   182302  238257   22368    7636    3298     619     349      60      18      17
1999 Q1   264245   47511   47068    5341    2172     969     191     106      18      10
2000 Q1   425417   75240    8104    9732    1303     552     260      50      27       7
2001 Q1   180259  140114   14464    1812    2575     357     159      74      14       9
2002 Q1   205359   57039   28203    3370     513     739     108      47      21       7
2003 Q1   156130   65292   11891    6960    1051     162     244      35      15       9
2004 Q1   237377   46749   12620    2775    2036     326      53      78      11       7
2005 Q1   218669   68512    8907    3109     881     686     115      18      27       6
2006 Q1   361400   57547   12949    2343    1142     327     264      44       7      12
2007 Q1   189356   97366   10599    3410     807     398     119      94      15       7
2008 Q1   183139   53045   24417    3374    1309     284     132      44      37      12
2009 Q1   186955   48388   12267    7056    1190     419      85      45      16      25
2010 Q1   237166   52324   11517    3683    2404     366     120      28      16      21
2011 Q1   138330   76137   13827    3697    1298     769     109      41      10      18
2012 Q1   183753   38990   20306    5010    1530     497     278      44      17      16
2013 Q1   264927   51680   10814    7650    2179     618     191     117      20      19
2014 Q1   384169   75921   15441    4550    3585     957     260      87      56      23
2015 Q1   206888  113131   24063    7188    2337    1744     449     130      45      50
2016 Q1   133769   59186   38838   11490    3977    1235     894     244      73      63
2017 Q1   443318   31560   19371   19768    6956    2325     705     533     149      94

Table  1    Whiting :  Stock numbers (thousands) 

           Age 1   Age 2   Age 3   Age 4   Age 5   Age 6   Age 7   Age 8
                                                                        
1974 Q1  3987110 2361680  498658   69874   22574    1258   12719     605
1975 Q1  7994360  971762  724590  134764   16415    6001     251    2664
1976 Q1  8229880 2258840  319954  204121   32781    4488    1022     604
1977 Q1  6167930 2130120  727349   87579   47138    8222     855     313
1978 Q1  7902240 1417150  684790  231015   25667   14576    1919     290
1979 Q1  7524270 1784650  537875  218715   67112    7505    3302     546
1980 Q1  7726960 1878650  669075  174048   62068   19459    1738    1044
1981 Q1  4497860 2113110  720893  209360   48804   16990    4204     637
1982 Q1  3478480  699047  768361  231194   61090   14260    3935    1172
1983 Q1  3013720  701153  280430  273974   77614   21453    4410    1744
1984 Q1  3999950  661644  269704   93397   81556   23133    5048    1527
1985 Q1  2965020 1196720  245951   82163   24947   21283    4595    1385
1986 Q1  5192330  746387  468833   83505   24938    7540    5064    1576
1987 Q1  5022540 1537480  281711  134954   21017    6313    1468    1340
1988 Q1  3335870 1403770  560646   77242   31124    4772    1009     530
1989 Q1  6823150  770691  540105  172986   21418    8500    1029     393
1990 Q1  3078060 1932470  307322  162843   45512    5528    1650     279
1991 Q1  3288770  741016  780924   98553   45253   12352    1174     480
1992 Q1  2717070  826645  301315  275314   30582   12690    3277     444
1993 Q1  3232090  742756  353030  113697   91914    9200    3654    1073
1994 Q1  2967140  843578  286258  118741   32812   23268    2205    1133
1995 Q1  2656800  806565  335731   99069   36235    8867    5931     870
1996 Q1  2059840  716636  338505  128100   33704   11084    2596    1993
1997 Q1  1273360  497648  297452  128091   43307   10675    3348    1399
1998 Q1  1897360  362549  221012  124938   49306   15572    3742    1665
1999 Q1  2991950  487407  165563   97545   51771   19388    5955    2067
2000 Q1  2949150  765129  211988   64729   35481   17370    6298    2600
2001 Q1  2615890  900965  332383   81868   22064   10895    5072    2598
2002 Q1  2527840  746052  434840  153034   35134    8844    4246    2975
2003 Q1   851589  643037  360832  201728   68643   15214    3752    3063
2004 Q1   976149  201263  318273  170332   92536   30081    6673    2995
2005 Q1  1226110  205331   95038  146059   77171   40219   12816    4143
2006 Q1  1022030  284951   97730   44256   65025   32990   16869    7096
2007 Q1   924076  270748  123998   41424   17724   24595   12591    8835
2008 Q1  1583920  240942  117753   54252   16921    6348    8558    7467
2009 Q1  1263650  435395  101010   49563   21372    5914    2164    5404
2010 Q1  1208710  391357  184989   44690   20606    7867    2292    2725
2011 Q1  1742990  430802  176844   85232   19109    7765    2883    1842
2012 Q1  1060800  524649  190443   84287   37469    7543    3686    2058
2013 Q1   755716  284471  236148   89032   37804   15224    3010    2311
2014 Q1  1595130  210088  125327  110225   40634   17889    7595    2645
2015 Q1  1522750  483871   95417   59209   48598   18769    9251    5688
2016 Q1  1518460  504281  220937   46652   27702   20950    9389    8150
2017 Q1  3094070  397497  207270   96208   19806   10627    7884    7471

Table  1    Haddock :  Stock numbers (thousands) 

           Age 01   Age 02   Age 03   Age 04   Age 05   Age 06   Age 07   Age 08   Age 09   Age 10
                                                                                                  
1974 Q1   7661360   471552   771783   111361     4467     3045    36686     1008      129      184
1975 Q1  16065300  1423170   126544   177934    29962     1548     1074    13328      377      119
1976 Q1   1285880  3530350   334700    26659    41631     8410      490      340     4216      162
1977 Q1   1819150   272392   934234    76815     6753    12409     2724      172      119     1510
1978 Q1   3195370   303422    73012   216740    22558     2163     4187      969       63      600
1979 Q1   5736520   503891    81240    15740    49523     7048      697     1409      334      231
1980 Q1  10319000   963409   137052    18847     4117    15159     2297      237      479      193
1981 Q1   3497310  2364750   309705    35271     5795     1394     5283      833       86      245
1982 Q1   5824860   412604   774862   100897    13775     2520      625     2399      383      152
1983 Q1   2999380   757273   155007   267372    41300     6153     1182      298     1142      256
1984 Q1   5849620   451292   271446    44022    85856    15319     2396      469      120      560
1985 Q1   1539710  1540230   149603    71516    12627    27284     5234      848      168      243
1986 Q1   1780300   358078   509366    43750    21919     4350    11129     1982      323      157
1987 Q1   3830830   546019   127415   147840    12962     7352     1760     4067      732      177
1988 Q1    434094  1171570   173540    31707    39181     3920     2717      581     1342      301
1989 Q1    474735   114794   356305    44506     8153    11351     1440      896      191      535
1990 Q1    692376   133180    38413    90872    12142     2508     4218      487      304      244
1991 Q1   1815980   202983    43712    10562    25080     3883      978     1489      173      195
1992 Q1   2392850   531313    64870    11456     2793     7314     1420      325      496      123
1993 Q1   3588350   637023   185686    19240     3518      949     2924      523      120      228
1994 Q1   1304220  1020520   208690    48403     5086     1044      344      945      171      114
1995 Q1   6651100   368821   332864    56955    13258     1575      397      117      322       97
1996 Q1   1958630  1608490   135895   101708    17633     4594      652      150       44      159
1997 Q1   1782420   410126   532236    37214    27579     5395     1728      218       51       69
1998 Q1   1118420   535240   156362   183415    13292    10520     2456      724       92       51
1999 Q1    599133   273255   207383    50052    58146     4698     4464      970      286       57
2000 Q1   8764950   170565    89073    49792    12126    15534     1588     1342      294      106
2001 Q1   1973900  3240820    69540    23233    10447     2435     2845      242      204       61
2002 Q1    314874   652652  1454340    23340     6667     2895      639      649       55       61
2003 Q1    418193    86451   300695   531043     8097     2220      942      182      187       33
2004 Q1    568172   124433    47579   150466   258414     3951     1082      441       85      103
2005 Q1    402904   105412    60744    21896    63586   107005     1778      483      197       85
2006 Q1   3906650    86084    53809    27195     9755    27503    44683      742      203      119
2007 Q1    826178   970166    38075    18083     7979     2898     7653    10736      191       83
2008 Q1    543233   199796   428885    14457     5926     2512      865     1984     2840       75
2009 Q1    327598   129412    98237   211923     6694     2672     1092      367      842     1235
2010 Q1   2314100   102442    66578    46376   100362     3259     1304      501      170      960
2011 Q1    258034   825848    52305    34145    21961    46366     1478      578      223      503
2012 Q1    108928    73609   388367    23423    13545     8432    17108      496      210      259
2013 Q1    360252    31375    36411   213291    12130     6964     4219     8044      251      236
2014 Q1    300353   114455    16302    21506   114926     6717     3915     2197     4188      262
2015 Q1   2026050    74961    54086     8229     9835    50614     3000     1632      924     1846
2016 Q1    536830   590559    33581    24309     3545     3972    19566     1050      612      974
2017 Q1   1045480   127171   273882    19400    13750     2050     2263     9965      552      869

Table  1    Saithe :  Stock numbers (thousands) 

         Age 01 Age 02 Age 03 Age 04 Age 05 Age 06 Age 07 Age 08 Age 09 Age 10
                                                                              
1974 Q1  478946 210732 120852  76726  48388  70204  48313  20252   5830   7644
1975 Q1  245072 392128 172533  64548  36794  24191  37507  26680  11573   7699
1976 Q1  137498 200648 321047  86147  28450  17018  12083  19464  14406  10406
1977 Q1  178327 112574 164276 153307  35907  12498   8129   6018  10122  12903
1978 Q1  146170 146002  92167  68924  54340  13584   5246   3593   2806  10738
1979 Q1  334287 119674 119536  50776  34360  28156   7486   2981   2108   7945
1980 Q1  259202 273691  97981  64455  24642  17368  15186   4170   1717   5791
1981 Q1  256863 212216 224079  49063  28511  11435   8699   7902   2257   4064
1982 Q1  229448 210301 173748 117206  22920  13914   5983   4712   4437   3549
1983 Q1  272890 187857 172180  89341  53595  10967   7157   3190   2608   4420
1984 Q1  524765 223423 153804  72469  31793  20350   4618   3173   1492   3286
1985 Q1  268837 429641 182924  71930  29428  13634   9521   2256   1621   2442
1986 Q1  232124 220105 351760  86386  29567  12763   6441   4694   1162   2093
1987 Q1  143084 190047 180207 142725  29362  10762   5181   2761   2128   1476
1988 Q1  147137 117147 155597  80609  54814  11961   4816   2429   1359   1774
1989 Q1  194216 120466  95912  64884  28354  20591   4990   2117   1127   1454
1990 Q1  180951 159011  98629  42949  24953  11565   9224   2342   1043   1271
1991 Q1  207566 148150 130187  47161  17931  10979   5532   4600   1219   1205
1992 Q1  153302 169941 121295  63592  20222   8086   5364   2813   2438   1285
1993 Q1  456317 125513 139136  81597  32614   9120   3721   2609   1421   1881
1994 Q1  191838 373601 102762  88137  36266  12254   3518   1543   1137   1439
1995 Q1  276746 157063 305878  69859  46346  16884   5815   1759    800   1335
1996 Q1  127695 226580 128593 199952  33463  19158   7143   2621    828   1005
1997 Q1  223252 104548 185508  86552 102677  15115   8830   3479   1326    927
1998 Q1  126014 182783  85596 131415  50204  54173   8094   4925   1995   1292
1999 Q1  307174 103172 149650  60123  74696  25812  28295   4414   2766   1847
2000 Q1  300369 251493  84470 100208  30497  33217  11718  13592   2205   2304
2001 Q1  211491 245922 205905  60171  58894  16363  18079   6632   7903   2622
2002 Q1  169671 173154 201344 150961  37876  34488   9691  11045   4140   6569
2003 Q1  282807 138915 141767 141485  85895  19500  18037   5291   6211   6022
2004 Q1  110525 231543 113734  98722  78787  43022   9931   9613   2910   6728
2005 Q1  153163  90490 189571  82939  61354  45391  25083   5981   5921   5936
2006 Q1  108902 125399  74087 135409  49065  33194  24905  14300   3501   6941
2007 Q1  100759  89161 102668  53170  81012  26929  18467  14378   8469   6185
2008 Q1  174951  82495  72999  75366  33569  47621  16008  11320   9002   9174
2009 Q1  101076 143237  67541  50519  41350  16499  23813   8392   6131   9844
2010 Q1  185069  82754 117273  46802  27804  20404   8282  12527   4560   8680
2011 Q1  162409 151521  67753  81286  25774  13730  10250   4360   6811   7198
2012 Q1   96478 132969 124055  47766  46610  13401   7249   5644   2471   7941
2013 Q1  182571  78989 108866  88532  28197  25149   7333   4123   3297   6082
2014 Q1  199842 149476  64671  79088  54526  16059  14500   4373   2516   5723
2015 Q1  221394 163617 122381  47039  48852  31170   9292   8674   2676   5043
2016 Q1  211098 181262 133958  89644  29547  28529  18412   5664   5402   4808
2017 Q1  210279 172833 148405  99528  58245  18015  17570  11653   3652   6584

Table  1    Mackerel :  Stock numbers (thousands) 

          Age 01  Age 02  Age 03  Age 04  Age 05  Age 06  Age 07  Age 08  Age 09  Age 10
                                                                                        
1974 Q1  3317830 1338480 4004220 1146000 1729230 3536560 1755100  872330  431525  379963
1975 Q1  4588690 2789180 1106750 3221860  878924 1322860 2683110 1323460  657797  611918
1976 Q1  4500420 3827390 2275700  870745 2377890  646493  962328 1936060  954973  916190
1977 Q1  2747090 3738410 3101060 1769560  629888 1713560  460088  678595 1365230 1319470
1978 Q1   737259 2300440 3070850 2467640 1331640  472608 1273330  339468  500690 1980860
1979 Q1  2256320  613157 1867670 2396010 1795510  965349  338492  903924  240985 1761630
1980 Q1  4302570 1862190  491354 1425640 1679200 1252660  663603  230174  614666 1361770
1981 Q1  4991970 3581670 1483740  371601 1019800 1165830  856088  433093  150220 1289900
1982 Q1  5956210 4152670 2849200 1119110  264796  704868  792935  555510  281032  934487
1983 Q1  1567750 4957380 3307410 2153350  799766  183638  481145  516760  362029  792160
1984 Q1  1037080 1310950 3991210 2545320 1579250  571577  129464  325948  350075  781897
1985 Q1  5671270  866176 1052560 3057460 1854470 1120060  399667   86845  218647  759333
1986 Q1  2618110 4750680  700203  815566 2264270 1340440  799291  274726   59696  672251
1987 Q1  3003710 2196820 3855340  546094  609644 1654460  967738  557139  191495  510198
1988 Q1  4348130 2514570 1773340 2980130  403039  438909 1175620  661811  381013  479870
1989 Q1  2805130 3629820 2016650 1355880 2165370  284950  305864  785412  442146  575143
1990 Q1  3796220 2352010 2940700 1568310 1009390 1574700  204674  211898  544122  704763
1991 Q1  2702340 3175580 1895230 2266340 1152540  723108 1112990  139079  143988  848638
1992 Q1  3112090 2247680 2525340 1428700 1613710  795902  491348  721382   90144  643368
1993 Q1  3926480 2573450 1763520 1861200  984950 1073340  519466  303445  445509  453000
1994 Q1  4256970 3229370 1994020 1272780 1245220  632710  674846  306744  179184  530569
1995 Q1  3649920 3490970 2485410 1422930  837862  784998  389856  388958  176797  409077
1996 Q1  2970480 3001040 2703130 1791750  950465  537213  492562  229653  229124  345122
1997 Q1  3143100 2471050 2387290 2038810 1276760  656934  365378  319615  149018  372618
1998 Q1  2611140 2617730 1971070 1808860 1462350  889196  450469  239422  209434  341813
1999 Q1  2662390 2165350 2067400 1468780 1266820  990614  591862  284829  151385  348550
2000 Q1  2990190 2204370 1703890 1531160 1019690  849487  652215  369366  177755  311997
2001 Q1  1861830 2459010 1707550 1229150 1023710  654506  533647  384738  217887  288902
2002 Q1  3779550 1522050 1878900 1203860  795266  632518  394681  299719  216085  284635
2003 Q1  5259150 3052920 1131140 1264450  728759  454823  351057  200669  152387  254583
2004 Q1  3168930 4258690 2281990  768637  776115  423545  256830  182226  104163  211249
2005 Q1  4272630 2677240 3451900 1676100  507900  457203  223708  116879   82928  143539
2006 Q1  6517090 3628340 2206430 2649220 1191660  332329  276455  121457   63457  122955
2007 Q1  7963740 5547160 3012670 1727060 1946410  817340  213519  162464   71377  109549
2008 Q1  6815750 6767370 4581520 2325330 1239600 1291030  502961  118609   90248  100503
2009 Q1  6504280 5796340 5603330 3559700 1687500  835312  810790  286914   67660  108814
2010 Q1  5352490 5536220 4812670 4385670 2615070 1157250  536577  476354  168567  103682
2011 Q1  7641070 4558420 4605060 3784960 3247750 1814080  754456  321392  285320  163068
2012 Q1  7869840 6510340 3797120 3635330 2820530 2273320 1196440  458776  195434  272660
2013 Q1  4823980 6711370 5439010 3020880 2744290 2011250 1535580  750587  287813  293659
2014 Q1  4133440 4112440 5600670 4314310 2269200 1943060 1346210  951936  465303  360465
2015 Q1  6412070 3512640 3397040 4324500 3098540 1506490 1197080  748945  529595  459404
2016 Q1  2911180 5449340 2902090 2624220 3108290 2059380  929455  667232  417451  551253
2017 Q1  3864960 2473110 4496450 2234360 1875660 2049340 1257500  511120  366920  532704

Table  1    Herring :  Stock numbers (thousands) 

            Age 1    Age 2    Age 3    Age 4    Age 5    Age 6    Age 7    Age 8    Age 9
                                                                                         
1974 Q1   2737290  1340250   666286   200902    69440    25148    10431     3773     3077
1975 Q1   3069020  1015690   383787   215542    79637    28067    10225     4276     2812
1976 Q1   1042450   796013   147006    68649    54910    20269     7245     2653     1844
1977 Q1    649466   351955   206435    45496    26994    21876     8151     2928     1818
1978 Q1   1254960   306245   199158   127040    31087    18804    15553     5821     3388
1979 Q1    925425   583281   205633   141851    92303    23722    14475    12038     7127
1980 Q1   2678140   453078   400063   145475   100932    69201    18059    11158    14786
1981 Q1   7246780  1137170   307001   284467   100074    74222    51817    13633    19586
1982 Q1   8182810  1934890   616429   185904   161451    64806    49465    34831    22330
1983 Q1  11799900  3093430  1158980   393651   116191   113350    45799    35727    41386
1984 Q1  11447200  5388760  1604160   604727   209035    62509    62971    25602    43335
1985 Q1  10636800  4967240  2670660   791429   289061   100990    30477    30988    34003
1986 Q1  17112700  4127030  2236780  1186590   341718   126632    45000    13665    29095
1987 Q1  20676600  7037290  1935730  1121880   572434   164666    61766    22108    21008
1988 Q1  15321300  8682170  3478480   973848   555069   281256    81750    30904    21832
1989 Q1   9111370  6110850  4156320  1713670   479852   270871   139133    40695    26429
1990 Q1   7917980  4150940  3325400  2296900   938490   263416   149114    77674    37663
1991 Q1   7034100  3404650  2287490  1836890  1250240   513799   146623    83636    65148
1992 Q1   7029910  3224530  1808590  1233740   968508   664495   276343    79260    80550
1993 Q1  10049300  3051800  1528860   834033   560914   442715   308918   129849    75431
1994 Q1   9680940  3912610  1202150   588857   309522   211078   169677   119101    79772
1995 Q1   7617560  3884940  1653110   504844   234692   124333    86017    69146    81836
1996 Q1   7366910  3051340  1523990   654381   186337    87196    46620    32613    58972
1997 Q1  10642400  3565470  1717740   907831   384254   110714    53844    28788    57169
1998 Q1   5943270  5508780  2012670  1015870   535016   233777    68131    33554    54003
1999 Q1   5195780  3161870  3146140  1094480   519160   226872   102840    30401    39755
2000 Q1  16361500  2717100  1958080  1959010   635233   260324   116338    53182    36557
2001 Q1  10716300  9317500  1774520  1189430  1131360   309397   128947    57785    45415
2002 Q1  30344400  5523680  5884790  1125850   752008   636134   174700    72809    58721
2003 Q1  11712900 15842900  3398410  3759080   704256   429555   366657   100672    76008
2004 Q1   6496360  5598980  9727590  2221460  2342060   393496   242739   208793   100405
2005 Q1   7391310  3046500  3282080  5633010  1284340  1201270   204291   128675   164719
2006 Q1   4858660  3440050  1682500  1807930  3025350   584628   565013    97612   140038
2007 Q1   5907500  2486210  2092750   992054  1024650  1513770   297235   293328   124898
2008 Q1   7745860  3040150  1528570  1270520   600080   566355   854945   170351   241377
2009 Q1   8045200  4280580  1987300   987943   810671   363201   351454   540784   262996
2010 Q1   9711510  4821270  3069260  1420840   696247   558891   254910   248862   573290
2011 Q1   9244210  6232560  3458080  2205500   997397   468101   379248   173843   565174
2012 Q1   6361290  5242930  4244270  2357040  1516830   655917   309745   253765   502084
2013 Q1   6499330  3232240  3386360  2731920  1451360   859818   380530   180888   449811
2014 Q1  10041000  3452330  1999800  2104090  1599740   764231   454106   203807   342433
2015 Q1  12373500  5433670  2142120  1209330  1224800   819185   398986   237078   289837
2016 Q1   3218100  7067150  3366390  1264120   670806   589805   396450   193609   258203
2017 Q1  11682400  1570140  4109830  1847450   638661   288984   256942   174804   201410

Table  1    N. sandeel :  Stock numbers (thousands) 

             Age 1     Age 2     Age 3     Age 4
                                                
1974 Q1  122900000   8733600   4449690   1011240
1975 Q1   61496100  20852500   2057530   1786790
1976 Q1   62019300   5761190   3074870   1120910
1977 Q1   77772100   9621940   1130180   1022850
1978 Q1   44593300   9934650   1265460    364842
1979 Q1   72774400   7837570   2048520    437527
1980 Q1  136052000  17400200   2419920   1043350
1981 Q1   68438000  17282100   2702910    895031
1982 Q1   85331100   9061490   2910760    770721
1983 Q1   72804400  13587700   1664380    864563
1984 Q1   67326200  17240000   3642430    922687
1985 Q1   44980900  16090100   5438980   2088190
1986 Q1  107197000  11532900   5191450   2824660
1987 Q1  106103000  22025400   2367660   1827770
1988 Q1   47430900  22725000   5014780   1433170
1989 Q1  125264000   8179980   5542130   1785700
1990 Q1   53981000  17924000   1119540   1268490
1991 Q1   75744100   8676910   2533960    490331
1992 Q1   61093400  13048300   1939940    988957
1993 Q1  107644000  15557400   3494440    992129
1994 Q1  127105000  20755400   4685150   1468520
1995 Q1  141893000  20166400   3709560   1173910
1996 Q1   90163800  26320200   3799750   1382650
1997 Q1  322830000  17257600   6407030   1429220
1998 Q1   41511700  65012600   3660900   2066410
1999 Q1   56065100   6115110  11151000   1163310
2000 Q1  118595000  10423000   1099940   2782990
2001 Q1   82580600  12975100   1223040    688268
2002 Q1   61359700   9199310   1659360    322093
2003 Q1   23557500   6732480   1027010    243213
2004 Q1   37408400   2612450   1288010    253458
2005 Q1   20109500   3046560    197596    119599
2006 Q1   27874700   2740040    526522     60645
2007 Q1   53509800   4651590    600198    166009
2008 Q1   47994100   8502080   1095840    147005
2009 Q1   44826800   7765650   1686380    176174
2010 Q1  127658000  11956300   2413260    710848
2011 Q1   17240500  30534300   3534480    943440
2012 Q1    9888470   2315810   5135210    809025
2013 Q1   70477800   2197310    777828   1975250
2014 Q1   68418800  17075000    638657    842363
2015 Q1   89653000  11773000   2673140    162567
2016 Q1    5585560  23135700   3145090    662854
2017 Q1  385018000    863133   5362890    938028

Table  1    S. sandeel :  Stock numbers (thousands) 

             Age 1     Age 2     Age 3     Age 4
                                                
1974 Q1   51045600  25329800   3790830   9990030
1975 Q1  115668000  18200300   9526000   5536920
1976 Q1   58328100  40582300   6144130   5392220
1977 Q1   88466900  16960700  10513600   3024160
1978 Q1  217435000  27248100   4172480   3434990
1979 Q1  102328000  59018000   6218730   1707700
1980 Q1  108233000  26616500   9592720   1181030
1981 Q1   68694900  33529100   6146510   2494810
1982 Q1  235368000  14498800   7003890   1836570
1983 Q1   25183400  48707800   1960030    987818
1984 Q1  205860000   7134540  11639400    716321
1985 Q1   62795100  47483900   1313570   2120060
1986 Q1  237687000  14108600   6937800    483468
1987 Q1   52378000  82867600   4703630   2260660
1988 Q1   42820200  18259700  29121900   2695550
1989 Q1  131031000  12196800   4091080   7452560
1990 Q1   62829600  34822000   2523660   2096440
1991 Q1   87454000  14522700   5922770    739672
1992 Q1  133137000  24728000   3733380   1775900
1993 Q1   35348800  43927400   6954900   1524900
1994 Q1  124321000  10919700  11811400   2231700
1995 Q1  170773000  37669100   2907790   3703660
1996 Q1   49937400  60102900  12720800   2329940
1997 Q1  289797000  13212000  12765300   3168190
1998 Q1   57391000 105378000   4679860   5449720
1999 Q1   84215200  15644000  27679300   2670080
2000 Q1  104999000  15330000   2360030   4262610
2001 Q1  162743000  28423800   3901260   1710240
2002 Q1  196775000  31192100   4218360    736799
2003 Q1   22054100  59614100   8408950   1386620
2004 Q1   76126800   4070640   7621890   1431820
2005 Q1   41036200  14729100    683091   1273650
2006 Q1   84153800   6631890   1834920    312243
2007 Q1   63130600  18210400    978214    342555
2008 Q1  129844000  12772900   3598800    345897
2009 Q1   57242200  29706900   2632040    939230
2010 Q1  343285000  12224900   4935790    743683
2011 Q1   39507600 116396000   4716260   2340030
2012 Q1   47106900   9827770  37001300   2582340
2013 Q1   86386300  12455100   4006480  16769100
2014 Q1   66304800  18501200   1928880   4097380
2015 Q1  156747000  18651500   5437420   2290810
2016 Q1   26929200  53509300   7107370   3294370
2017 Q1  200108000   8715070  26446800   5699130

Table  1    Nor. pout :  Stock numbers (thousands) 

             Age 1     Age 2     Age 3
                                      
1974 Q1  132091000   2373670    219507
1975 Q1   73197800   8110800     23371
1976 Q1  102244000   4976870    177765
1977 Q1   97404400   5954770    109472
1978 Q1   44609500   8312980    233671
1979 Q1   69915000   3472620    278756
1980 Q1   88590600   6758460    119469
1981 Q1   34056700   8207520    251731
1982 Q1   59382300   1925800    243086
1983 Q1   70803600   4351190     45847
1984 Q1   70230100   6961800    155049
1985 Q1   33803700   6178130    169262
1986 Q1   30837800   2014540     92644
1987 Q1   38352100   2684430     85255
1988 Q1    8851370   3067210     78546
1989 Q1   32730600    916533    177321
1990 Q1   29692000   4071720     70636
1991 Q1   35191000   3505600    213519
1992 Q1   47339500   3564440     86754
1993 Q1   27232900   6127590    180054
1994 Q1   20764300   2907710    219966
1995 Q1   71950900   2054570     95532
1996 Q1   25379400  10414100    183583
1997 Q1   42329900   3127230    912440
1998 Q1   12520700   6378540    306038
1999 Q1   22520200   1604010    626300
2000 Q1   46984400   2654760    114514
2001 Q1   19922300   8271180    342005
2002 Q1   22206900   2314900   1277790
2003 Q1   14553800   2061230    199440
2004 Q1    8493710   1476700     90928
2005 Q1    8713250    762372     84889
2006 Q1   25361000    913673     99812
2007 Q1   18155700   3178860     45898
2008 Q1   18580800   2440310    559836
2009 Q1   35322300   2659200    258022
2010 Q1   50668600   7416150    469355
2011 Q1   12398100   8468550    528988
2012 Q1   14355900   1112640    979303
2013 Q1   37248600   1623590    149270
2014 Q1   11766900   3503680     58430
2015 Q1   49305300    972516    111779
2016 Q1   28120300   6537250     68555
2017 Q1   69953600   2811700    321114

Table  1    Sprat :  Stock numbers (thousands) 

             Age 1     Age 2     Age 3
                                      
1974 Q1  299422000  18028700    821859
1975 Q1  141484000  53174700   2418620
1976 Q1  393569000  16152300   1929440
1977 Q1   91620200  53989700   1116820
1978 Q1  125431000  10741700   2695770
1979 Q1  285760000  17332400    827858
1980 Q1   80091300  36750700    799390
1981 Q1   55004100   8442860   1324670
1982 Q1   20191100   5656350    375059
1983 Q1   11637100   2950590    413706
1984 Q1   19527300   1757040    158399
1985 Q1   22419500   3383280    197040
1986 Q1    9944580   3510380    356171
1987 Q1   32961600    944732     97908
1988 Q1   14993300   6189660    206258
1989 Q1   33365000   3201430   1218230
1990 Q1   18769000   5608080   1038660
1991 Q1   35236000   2105620    416797
1992 Q1   26872200   5742280    247748
1993 Q1   59459500   5499870    971832
1994 Q1  101537000  10822600    636673
1995 Q1   48931900  18319800   1113090
1996 Q1   19579800   7512590   1444930
1997 Q1   24612900   3729190   1348350
1998 Q1   33264100   6625160    955381
1999 Q1   68898100   6704680    758811
2000 Q1   42844000  11117600    798118
2001 Q1   34955200   7010920   1002210
2002 Q1   36016700   4482960    455406
2003 Q1   36711300   4997320    284950
2004 Q1   28463400   4129550    222934
2005 Q1   90178900   4431690    312264
2006 Q1   28246500  15396900    499938
2007 Q1   27665600   3593580   1050390
2008 Q1   31811800   6750390    837961
2009 Q1   70547600   4394420    597772
2010 Q1   45340300  18568700   1229290
2011 Q1   54296000  11377200   4046090
2012 Q1   35510100   8440120   1762650
2013 Q1   29039900   7326380   1874810
2014 Q1   82481600   7124440   2404610
2015 Q1   76623600  30241400   3848760
2016 Q1   66902400  15581700   4063330
2017 Q1  120221000   6898510    823208

Table  1    Plaice :  Stock numbers (thousands) 

          Age 01  Age 02  Age 03  Age 04  Age 05  Age 06  Age 07  Age 08  Age 09  Age 10
                                                                                        
1974 Q1  1145220 1081530  171229  114359   95955   61866   28374   21114   19564   74375
1975 Q1   773872  829853  638080   97439   62905   52996   36085   18120   13483   59989
1976 Q1   624073  541105  457082  337028   49478   32093   28806   21789   10941   44365
1977 Q1   929273  458300  327560  267463  191022   28151   19220   18785   14209   36067
1978 Q1   786173  670147  267899  184540  145548  104383   16265   12182   11906   31865
1979 Q1   821815  577554  405965  156884  104681   82878   62560   10613    7949   28561
1980 Q1  1075610  544958  287245  191957   70740   47471   40566   34760    5897   20286
1981 Q1   952981  763953  309348  156762  100954   37369   26614   25104   21511   16203
1982 Q1  2056160  671675  427293  166137   81037   52426   20634   16272   15349   23060
1983 Q1  1404130 1417960  360236  219268   81788   40093   27728   12192    9615   22695
1984 Q1  1339430  977633  774648  188594  110287   41336   21610   16632    7313   19380
1985 Q1  1798070  924517  525235  398261   93030   54673   21901   12787    9841   15794
1986 Q1  4578600 1276490  524336  286365  209234   49093   30623   13543    7907   15852
1987 Q1  2089520 3073800  650105  254392  132741   97520   24622   17348    7672   13460
1988 Q1  1950030 1394380 1547470  311482  116344   61047   48332   13817    9735   11858
1989 Q1  1379000 1283810  683937  720782  138200   51922   29458   26553    7591   11863
1990 Q1  1149880  936643  668692  340009  342959   66104   26648   16996   15320   11224
1991 Q1   980948  927519  556499  367277  175698  166755   32291   15206    9698   15147
1992 Q1   827042  774282  509027  278177  170750   75980   72513   16891    7954   12996
1993 Q1   564819  648312  414330  246932  125048   71137   31839   36894    8594   10659
1994 Q1   543659  444034  350600  203526  112573   52915   30274   16388   18989    9909
1995 Q1   897869  427512  240361  172418   92904   47704   22551   15599    8444   14890
1996 Q1   900008  715843  243388  125496   84172   42413   21890   12280    8494   12706
1997 Q1  2301130  700749  373682  114647   54582   33808   17139   10839    6080   10497
1998 Q1   827056 1736180  326007  153534   42773   18494   11540    7480    4730    7235
1999 Q1   779114  641153  891995  150689   65375   16780    7301    5615    3640    5822
2000 Q1   953250  600746  322979  402776   62503   24912    6436    3477    2674    4506
2001 Q1   583267  765025  350369  173533  203054   29569   11843    3599    1944    4014
2002 Q1  1824130  455945  405219  167919   76954   83330   12207    5959    1811    2998
2003 Q1   612156 1431500  244971  197519   75891   32252   35126    6238    3045    2457
2004 Q1  1191700  417665  615084  104837   81471   32493   15582   22739    4038    3562
2005 Q1   775254  881099  221826  325740   54075   43160   18768   11096   16192    5412
2006 Q1   810101  578752  480030  120522  172593   29390   25470   13518    7992   15561
2007 Q1  1227860  610814  323694  267783   65651   96309   17731   18563    9852   17166
2008 Q1  1041430  939852  355471  187930  152111   38126   60082   13156   13773   20047
2009 Q1  1010350  830238  608894  229882  119541   98390   26035   46782   10244   26333
2010 Q1  1223000  800967  530009  387977  143970   76186   66357   20138   36185   28292
2011 Q1  1541920  988177  537642  355191  256193   96501   53601   52498   15932   51011
2012 Q1  1150600 1233680  646333  351038  228217  167308   66428   41915   41052   52347
2013 Q1  1312630  928808  826068  432081  231203  152595  117468   52496   33124   73811
2014 Q1  1667340 1085290  662483  588447  304190  164721  112995   95506   42681   86942
2015 Q1   926936 1384730  783258  477533  419446  219298  123189   92356   78062  105948
2016 Q1  1209130  771221 1004160  567317  342111  303848  164669  100906   75651  150726
2017 Q1  1318020 1009480  564381  734007  410356  250104  229914  135436   82993  186190

Table  1    Sole :  Stock numbers (thousands) 

         Age 01 Age 02 Age 03 Age 04 Age 05 Age 06 Age 07 Age 08 Age 09 Age 10
                                                                              
1974 Q1  100177 100894  48280  11775  19546   5031   4799   2531   1380  19062
1975 Q1   46238  90644  74643  24824   5893  10869   2890   3025   1596  12888
1976 Q1  104597  41838  66892  38109  12332   3257   6207   1814   1899   9090
1977 Q1  130446  94644  31292  35462  19693   7041   1917   3991   1166   7065
1978 Q1   48336 118032  72144  17498  19379  11772   4326   1275   2655   5475
1979 Q1   13928  43736  86466  36082   8507  10522   6612   2680    790   5036
1980 Q1  141767  12603  32136  43614  17698   4653   5951   4118   1669   3628
1981 Q1  152217 128276   9239  16104  21247   9626   2618   3691   2554   3285
1982 Q1  138442 137732  94127   4642   7868  11584   5428   1626   2293   3628
1983 Q1  144960 125267  98411  43892   2097   4022   6150   3215    963   3507
1984 Q1   74308 131165  90732  47677  20639   1108   2202   3733   1951   2713
1985 Q1   90463  67237  92059  40238  20435  10104    565   1263   2141   2675
1986 Q1  141739  81854  47832  42405  17946  10337   5312    332    742   2830
1987 Q1   67066 128250  56530  20273  17333   8450   5083   2960    185   1991
1988 Q1  498233  60684  93262  27694   9645   9245   4668   3107   1809   1330
1989 Q1  111562 450820  44023  45384  13083   5115   5080   2841   1891   1911
1990 Q1  221386 100945 340550  23999  24149   7651   3079   3325   1860   2488
1991 Q1   80653 200319  75624 198571  12808  12706   4243   1799   1942   2540
1992 Q1  378391  72978 147084  42080 100178   6361   6689   2366   1003   2499
1993 Q1   72872 342382  53821  82691  21494  50391   3387   3768   1333   1973
1994 Q1   52878  65938 247332  28834  39860  10187  25430   1819   2023   1775
1995 Q1   93728  47846  46927 127986  13331  18100   4946  13190    943   1970
1996 Q1   60592  84809  34730  25424  62530   6407   9249   2685   7161   1581
1997 Q1  247589  54825  56394  15344   9721  23363   2608   4098   1190   3874
1998 Q1  113289 224028  38270  27895   6720   4175  10787   1293   2032   2511
1999 Q1   91688 102508 153842  18223  11670   2754   1848   5150    617   2169
2000 Q1  121164  82962  72392  78189   8245   5183   1311    941   2624   1420
2001 Q1   65473 109634  56684  34068  32253   3330   2264    618    444   1908
2002 Q1  186644  59242  78403  29664  15965  14851   1637   1187    324   1234
2003 Q1   80292 168883  42565  41479  14084   7451   7390    868    630    826
2004 Q1   44951  72652 121679  22665  19848   6626   3735   3944    463    777
2005 Q1   46523  40673  52457  65115  10911   9394   3339   2003   2115    665
2006 Q1  177741  42096  28794  26813  29664   4880   4499   1711   1026   1424
2007 Q1   68460 160827  30957  16081  13587  14800   2579   2518    957   1371
2008 Q1   70060  61945 118338  17311   8161   6789   7834   1445   1411   1305
2009 Q1   88604  63393  47068  71314   9612   4472   3906   4729    872   1639
2010 Q1  194964  80172  46979  26761  36920   4902   2412   2225   2694   1431
2011 Q1  215538 176410  58393  25654  13199  17917   2527   1320   1218   2257
2012 Q1   55668 195027 133023  34568  13942   7076  10106   1499    783   2060
2013 Q1  111306  50370 145357  76642  18185   7229   3872   5833    865   1641
2014 Q1  197793 100714  38635  89533  43687  10238   4261   2389   3599   1546
2015 Q1  129089 178970  78830  24946  54009  26069   6361   2755   1545   3327
2016 Q1   46851 116805 144071  54337  16278  34934  17420   4389   1901   3361
2017 Q1   95142  42392  94673 100900  36140  10737  23762  12213   3077   3690
