################################################
# Catch at age by area (for testing only))
##### Quarter:1
# area:1
 0 2789.153 1379.676 2646.819 378.969 295.060 225.471 81.437 23.276 6.019 7.359  # Cod        
 0 14647.612 8156.863 12268.623 5224.569 3041.005 1655.237 429.232 735.876  0  0  # Whiting    
 0 4837.324 3419.634 7189.392 2636.756 4318.059 168.548 130.051 16.920 16.370 71.865  # Haddock    
 0 0.000 0.000 2236.469 2921.808 3801.316 2814.685 915.136 379.755 360.133 397.908  # Saithe     
 0 10373.438 25309.341 88934.896 37542.058 102353.188 61541.859 69930.973 75913.277 51297.278 58695.570  # Mackerel   
 0 30524.459 15630.350 36959.905 16504.873 63077.048 30891.982 8929.182 17445.382  0  0  # Herring    
 0 0.000 0.000 0.000 0.000  0  0  0  0  0  0  # N. sandeel 
 0 0.000 0.000 0.000 0.000  0  0  0  0  0  0  # S. sandeel 
 0 54489.859 7223.461 1567.863  0  0  0  0  0  0  0  # Nor. pout  
 0 784023.153 960915.167 142353.703  0  0  0  0  0  0  0  # Sprat      
 0 43641.105 31678.851 38533.426 16739.407 8514.583 8168.063 3663.231 2048.574 1462.564 1588.269  # Plaice     
 0 1573.268 3023.822 6466.139 2380.058 2202.126 1507.103 504.870 159.332 343.961 240.671  # Sole       
##### Quarter:2
# area:1
 0 2044.120 979.297 2060.882 303.142 229.762 174.919 63.606 18.317 4.892 5.981  # Cod        
 0 10108.808 6483.748 10126.412 4307.343 2506.055 1365.004 353.969 606.846  0  0  # Whiting    
 0 3349.276 2890.757 6189.811 2283.204 3728.265 147.736 111.413 14.519 14.051 61.668  # Haddock    
 0 0.000 0.000 2063.140 2561.035 3275.929 2433.890 798.259 333.550 316.316 349.494  # Saithe     
 0 9972.304 24217.000 84221.469 35189.208 94885.935 56449.819 63137.229 68538.356 46313.783 52993.337  # Mackerel   
 0 47748.348 26153.569 61962.904 27563.810 104511.261 51445.362 14878.771 29069.386  0  0  # Herring    
 0 7989101.454 826942.234 3895749.780 195936.015  0  0  0  0  0  0  # N. sandeel 
 0 5465422.357 739010.305 1580391.212 151763.360  0  0  0  0  0  0  # S. sandeel 
 0 320813.615 44007.677 8001.049  0  0  0  0  0  0  0  # Nor. pout  
 0 0.000 0.000 0.000  0  0  0  0  0  0  0  # Sprat      
 0 41680.227 29145.958 35268.115 15203.287 7696.039 7399.791 3354.435 1875.887 1339.276 1454.384  # Plaice     
 0 1530.364 2854.564 5854.596 2121.126 1958.434 1350.510 456.530 144.076 311.028 217.627  # Sole       
##### Quarter:3
# area:1
0.000 1564.959 718.642 1613.906 242.487 178.914 135.701 49.679 14.414 3.976 4.860  # Cod        
6359.572 7458.503 5311.906 8463.294 3594.930 2090.564 1136.568 300.410 515.023  0  0  # Whiting    
7298.607 2499.609 2484.148 5333.601 1984.847 3231.710 129.478 95.504 12.460 12.061 52.921  # Haddock    
0.000 0.000 0.000 1903.244 2244.808 2823.157 2104.612 696.309 292.967 277.830 306.972  # Saithe     
0.000 9586.681 23171.805 79757.848 32983.818 87963.461 51779.100 57003.491 61879.903 41814.432 47845.071  # Mackerel   
321010.907 109772.505 61781.468 144585.871 63188.372 235059.281 116116.576 33619.838 65881.888  0  0  # Herring    
0.000 0.000 0.000 0.000 0.000  0  0  0  0  0  0  # N. sandeel 
69015.366 363525.570 28124.643 62002.763 5954.062  0  0  0  0  0  0  # S. sandeel 
64476.656 1109942.922 128131.705 16763.984  0  0  0  0  0  0  0  # Nor. pout  
0.000 5851861.631 1603809.142 124600.956  0  0  0  0  0  0  0  # Sprat      
0.000 39807.455 26815.582 32279.506 13808.132 6956.185 6703.780 3071.668 1717.757 1226.380 1331.784  # Plaice     
0.000 1488.631 2694.779 5300.890 1890.364 1741.708 1210.187 412.819 130.282 281.248 196.790  # Sole       
##### Quarter:4
# area:1
0.000 1212.369 537.736 1262.177 193.968 139.319 105.276 38.801 11.343 3.231 3.950  # Cod        
3037.714 6182.661 4522.778 7196.340 3031.236 1760.981 948.553 261.809 448.846  0  0  # Whiting    
5145.360 2103.622 2193.169 4666.751 1725.893 2801.970 113.494 81.879 10.694 10.352 45.417  # Haddock    
0.000 0.000 0.000 1755.740 1967.628 2432.963 1819.881 607.379 257.322 244.027 269.623  # Saithe     
0.000 9215.970 22171.720 75530.792 30916.644 81546.021 47494.841 51465.642 55868.314 37752.189 43196.956  # Mackerel   
194232.442 72713.860 40429.596 92574.524 39502.153 143639.347 70972.012 20574.316 40450.417  0  0  # Herring    
0.000 0.000 0.000 0.000 0.000  0  0  0  0  0  0  # N. sandeel 
0.000 0.000 0.000 0.000 0.000  0  0  0  0  0  0  # S. sandeel 
512709.344 1478415.929 100371.324 10328.015  0  0  0  0  0  0  0  # Nor. pout  
0.000 3904130.909 1941874.137 189703.665  0  0  0  0  0  0  0  # Sprat      
0.000 38018.831 24671.533 29544.151 12541.006 6287.456 6073.236 2812.738 1572.956 1123.000 1219.520  # Plaice     
0.000 1448.035 2543.939 4799.552 1684.707 1548.966 1084.444 373.294 117.808 254.320 177.948  # Sole       
