################################################
# Food ration (consumption) per individual 
##### Quarter:1
## area:1
 0  34.420 0  0  0  0  0  0  0  0  0  # Fulmar     
 0  32.456 0  0  0  0  0  0  0  0  0  # Guillemot  
 0  28.550 0  0  0  0  0  0  0  0  0  # Her.Gull   
 0  21.865 0  0  0  0  0  0  0  0  0  # Kittiwake  
 0  42.956 0  0  0  0  0  0  0  0  0  # GBB.Gull   
 0  84.200 0  0  0  0  0  0  0  0  0  # Gannet     
 0  14.950 0  0  0  0  0  0  0  0  0  # Puffin     
 0  20.116 0  0  0  0  0  0  0  0  0  # Razorbill  
 0  0.029 0.066 0.148 0  0  0  0  0  0  0  # A.radiata  
 0  0.004 0.028 0.069 0.169 0  0  0  0  0  0  # G.gurnards 
 0  0.000 0.000 0.000 0  0  0  0  0  0  0  # W.horse.mac
 0  0.000 0.000 0.000 0.000 0.000 0.000 0  0  0  0  # N.horse.mac
 0  477.855 0  0  0  0  0  0  0  0  0  # Grey.seal  
 0  219.000 0  0  0  0  0  0  0  0  0  # H.porpoise 
 0  0.176 0.261 0.368 0.558 0.889 1.303 1.811 2.737 4.666 0  # Hake       
 0  0.088 0.584 1.213 2.093 3.012 3.937 4.246 4.908 4.621 8.111 # Cod        
 0  0.040 0.089 0.139 0.185 0.220 0.251 0.253 0.271 0  0  # Whiting    
 0  0.041 0.099 0.168 0.215 0.266 0.328 0.318 0.419 0.380 0.456 # Haddock    
 0  0.009 0.073 0.288 0.441 0.591 0.839 1.155 1.563 1.798 2.655 # Saithe     
 0  0.003 0.011 0.010 0.012 0.015 0.016 0.018 0.020 0.022 0.027 # Mackerel   
##### Quarter:2
## area:1
 0  28.720 0  0  0  0  0  0  0  0  0  # Fulmar     
 0  32.258 0  0  0  0  0  0  0  0  0  # Guillemot  
 0  33.688 0  0  0  0  0  0  0  0  0  # Her.Gull   
 0  20.971 0  0  0  0  0  0  0  0  0  # Kittiwake  
 0  43.412 0  0  0  0  0  0  0  0  0  # GBB.Gull   
 0  89.900 0  0  0  0  0  0  0  0  0  # Gannet     
 0  15.084 0  0  0  0  0  0  0  0  0  # Puffin     
 0  20.916 0  0  0  0  0  0  0  0  0  # Razorbill  
 0  0.031 0.067 0.142 0  0  0  0  0  0  0  # A.radiata  
 0  0.009 0.059 0.135 0.304 0  0  0  0  0  0  # G.gurnards 
 0  0.000 0.000 0.000 0  0  0  0  0  0  0  # W.horse.mac
 0  0.002 0.010 0.039 0.118 0.285 0.553 0  0  0  0  # N.horse.mac
 0  438.480 0  0  0  0  0  0  0  0  0  # Grey.seal  
 0  219.000 0  0  0  0  0  0  0  0  0  # H.porpoise 
 0  0.459 0.689 1.001 1.552 2.524 3.785 5.355 8.299 14.530 0  # Hake       
 0  0.223 0.897 2.036 3.271 4.298 5.524 6.116 6.750 6.340 11.048 # Cod        
 0  0.060 0.110 0.159 0.207 0.243 0.272 0.277 0.293 0  0  # Whiting    
 0  0.075 0.156 0.250 0.315 0.386 0.471 0.451 0.598 0.541 0.636 # Haddock    
 0  0.035 0.246 1.022 1.437 1.894 2.622 3.565 4.735 5.421 7.973 # Saithe     
 0  0.108 0.199 0.175 0.211 0.241 0.262 0.287 0.314 0.340 0.403 # Mackerel   
##### Quarter:3
## area:1
 0.000 27.091 0  0  0  0  0  0  0  0  0  # Fulmar     
 0.000 32.828 0  0  0  0  0  0  0  0  0  # Guillemot  
 0.000 36.829 0  0  0  0  0  0  0  0  0  # Her.Gull   
 0.000 20.971 0  0  0  0  0  0  0  0  0  # Kittiwake  
 0.000 44.178 0  0  0  0  0  0  0  0  0  # GBB.Gull   
 0.000 89.900 0  0  0  0  0  0  0  0  0  # Gannet     
 0.000 15.084 0  0  0  0  0  0  0  0  0  # Puffin     
 0.000 21.159 0  0  0  0  0  0  0  0  0  # Razorbill  
 0.000 0.047 0.093 0.184 0  0  0  0  0  0  0  # A.radiata  
 0.000 0.017 0.087 0.182 0.374 0  0  0  0  0  0  # G.gurnards 
 0.000 0.000 0.000 0.000 0  0  0  0  0  0  0  # W.horse.mac
 0.000 0.002 0.014 0.056 0.168 0.406 0.790 0  0  0  0  # N.horse.mac
 0.000 382.284 0  0  0  0  0  0  0  0  0  # Grey.seal  
 0.000 219.000 0  0  0  0  0  0  0  0  0  # H.porpoise 
 0.000 0.263 0.397 0.582 0.923 1.510 2.296 3.281 5.167 9.177 0  # Hake       
 0.022 0.393 1.076 2.321 3.749 4.968 5.795 6.784 7.136 6.643 11.494 # Cod        
 0.024 0.106 0.176 0.253 0.321 0.378 0.414 0.422 0.449 0  0  # Whiting    
 0.022 0.127 0.236 0.359 0.445 0.539 0.649 0.622 0.827 0.735 0.869 # Haddock    
 0.002 0.061 0.270 0.615 0.825 1.111 1.492 2.002 2.626 2.986 4.369 # Saithe     
 0.002 0.162 0.292 0.235 0.275 0.304 0.323 0.352 0.378 0.407 0.481 # Mackerel   
##### Quarter:4
## area:1
 0.000 34.420 0  0  0  0  0  0  0  0  0  # Fulmar     
 0.000 32.148 0  0  0  0  0  0  0  0  0  # Guillemot  
 0.000 62.300 0  0  0  0  0  0  0  0  0  # Her.Gull   
 0.000 21.865 0  0  0  0  0  0  0  0  0  # Kittiwake  
 0.000 48.950 0  0  0  0  0  0  0  0  0  # GBB.Gull   
 0.000 84.200 0  0  0  0  0  0  0  0  0  # Gannet     
 0.000 14.950 0  0  0  0  0  0  0  0  0  # Puffin     
 0.000 20.116 0  0  0  0  0  0  0  0  0  # Razorbill  
 0.000 0.053 0.128 0.306 0  0  0  0  0  0  0  # A.radiata  
 0.000 0.009 0.053 0.119 0.262 0  0  0  0  0  0  # G.gurnards 
 0.000 0.237 0.383 0.566 0  0  0  0  0  0  0  # W.horse.mac
 0.000 0.018 0.053 0.120 0.228 0.383 0.566 0  0  0  0  # N.horse.mac
 0.000 708.882 0  0  0  0  0  0  0  0  0  # Grey.seal  
 0.000 219.000 0  0  0  0  0  0  0  0  0  # H.porpoise 
 0.000 0.351 0.511 0.722 1.107 1.753 2.582 3.601 5.500 9.360 0  # Hake       
 0.070 0.645 1.519 2.912 4.505 5.992 6.659 7.617 8.116 7.496 13.033 # Cod        
 0.039 0.105 0.160 0.227 0.281 0.325 0.360 0.362 0.394 0  0  # Whiting    
 0.048 0.131 0.265 0.381 0.467 0.558 0.664 0.643 0.847 0.739 0.890 # Haddock    
 0.012 0.120 0.462 0.816 1.077 1.398 1.878 2.461 3.203 3.633 5.256 # Saithe     
 0.002 0.026 0.041 0.033 0.039 0.044 0.047 0.051 0.056 0.061 0.071 # Mackerel   
