################################################
# F at age
##### Quarter:1
 0  0.0190 0.0938 0.1771 0.1733 0.2001 0.2039 0.1971 0.1896 0.1574 0.1574 # Cod        
 0  0.0133 0.0317 0.0527 0.0659 0.0747 0.0840 0.0840 0.0840 0  0  # Whiting    
 0  0.0085 0.0342 0.0643 0.0807 0.0836 0.0806 0.1028 0.1028 0.1028 0.1028 # Haddock    
 0  0.0000 0.0000 0.0307 0.0818 0.0987 0.0954 0.0866 0.0797 0.0797 0.0797 # Saithe     
 0  0.0019 0.0066 0.0170 0.0272 0.0383 0.0489 0.0647 0.0647 0.0647 0.0647 # Mackerel   
 0  0.0044 0.0097 0.0157 0.0217 0.0277 0.0277 0.0277 0.0277 0  0  # Herring    
 0  0.0000 0.0000 0.0000 0.0000 0  0  0  0  0  0  # N. sandeel 
 0  0.0000 0.0000 0.0000 0.0000 0  0  0  0  0  0  # S. sandeel 
 0  0.0018 0.0084 0.0164 0  0  0  0  0  0  0  # Nor. pout  
 0  0.0101 0.0723 0.1262 0  0  0  0  0  0  0  # Sprat      
 0  0.0210 0.0583 0.0635 0.0713 0.0761 0.0738 0.0631 0.0631 0.0631 0.0631 # Plaice     
 0  0.0026 0.0326 0.0744 0.0902 0.0923 0.0847 0.0756 0.0756 0.0756 0.0756 # Sole       
##### Quarter:2
 0  0.0190 0.0938 0.1771 0.1733 0.2001 0.2039 0.1971 0.1896 0.1574 0.1574 # Cod        
 0  0.0133 0.0317 0.0527 0.0659 0.0747 0.0840 0.0840 0.0840 0  0  # Whiting    
 0  0.0085 0.0342 0.0643 0.0807 0.0836 0.0806 0.1028 0.1028 0.1028 0.1028 # Haddock    
 0  0.0000 0.0000 0.0307 0.0818 0.0987 0.0954 0.0866 0.0797 0.0797 0.0797 # Saithe     
 0  0.0019 0.0066 0.0170 0.0272 0.0383 0.0489 0.0647 0.0647 0.0647 0.0647 # Mackerel   
 0  0.0080 0.0178 0.0288 0.0398 0.0509 0.0509 0.0509 0.0509 0  0  # Herring    
 0  0.0996 0.2348 0.2997 0.2997 0  0  0  0  0  0  # N. sandeel 
 0  0.1274 0.3016 0.3483 0.3483 0  0  0  0  0  0  # S. sandeel 
 0  0.0175 0.0812 0.1331 0  0  0  0  0  0  0  # Nor. pout  
 0  0.0000 0.0000 0.0000 0  0  0  0  0  0  0  # Sprat      
 0  0.0210 0.0583 0.0635 0.0713 0.0761 0.0738 0.0631 0.0631 0.0631 0.0631 # Plaice     
 0  0.0026 0.0326 0.0744 0.0902 0.0923 0.0847 0.0756 0.0756 0.0756 0.0756 # Sole       
##### Quarter:3
 0.0000 0.0190 0.0938 0.1771 0.1733 0.2001 0.2039 0.1971 0.1896 0.1574 0.1574 # Cod        
 0.0006 0.0133 0.0317 0.0527 0.0659 0.0747 0.0840 0.0840 0.0840 0  0  # Whiting    
 0.0009 0.0085 0.0342 0.0643 0.0807 0.0836 0.0806 0.1028 0.1028 0.1028 0.1028 # Haddock    
 0.0000 0.0000 0.0000 0.0307 0.0818 0.0987 0.0954 0.0866 0.0797 0.0797 0.0797 # Saithe     
 0.0000 0.0019 0.0066 0.0170 0.0272 0.0383 0.0489 0.0647 0.0647 0.0647 0.0647 # Mackerel   
 0.0288 0.0210 0.0465 0.0753 0.1041 0.1332 0.1332 0.1332 0.1332 0  0  # Herring    
 0.0000 0.0000 0.0000 0.0000 0.0000 0  0  0  0  0  0  # N. sandeel 
 0.0003 0.0120 0.0177 0.0205 0.0205 0  0  0  0  0  0  # S. sandeel 
 0.0004 0.1049 0.4881 0.5976 0  0  0  0  0  0  0  # Nor. pout  
 0.0000 0.1400 0.2081 0.1772 0  0  0  0  0  0  0  # Sprat      
 0.0000 0.0210 0.0583 0.0635 0.0713 0.0761 0.0738 0.0631 0.0631 0.0631 0.0631 # Plaice     
 0.0000 0.0026 0.0326 0.0744 0.0902 0.0923 0.0847 0.0756 0.0756 0.0756 0.0756 # Sole       
##### Quarter:4
 0.0000 0.0190 0.0938 0.1771 0.1733 0.2001 0.2039 0.1971 0.1896 0.1574 0.1574 # Cod        
 0.0006 0.0133 0.0317 0.0527 0.0659 0.0747 0.0840 0.0840 0.0840 0  0  # Whiting    
 0.0009 0.0085 0.0342 0.0643 0.0807 0.0836 0.0806 0.1028 0.1028 0.1028 0.1028 # Haddock    
 0.0000 0.0000 0.0000 0.0307 0.0818 0.0987 0.0954 0.0866 0.0797 0.0797 0.0797 # Saithe     
 0.0000 0.0019 0.0066 0.0170 0.0272 0.0383 0.0489 0.0647 0.0647 0.0647 0.0647 # Mackerel   
 0.0247 0.0151 0.0334 0.0541 0.0747 0.0956 0.0956 0.0956 0.0956 0  0  # Herring    
 0.0000 0.0000 0.0000 0.0000 0.0000 0  0  0  0  0  0  # N. sandeel 
 0.0000 0.0000 0.0000 0.0000 0.0000 0  0  0  0  0  0  # S. sandeel 
 0.0054 0.2199 1.0229 1.0229 0  0  0  0  0  0  0  # Nor. pout  
 0.0000 0.1382 0.4045 0.4045 0  0  0  0  0  0  0  # Sprat      
 0.0000 0.0210 0.0583 0.0635 0.0713 0.0761 0.0738 0.0631 0.0631 0.0631 0.0631 # Plaice     
 0.0000 0.0026 0.0326 0.0744 0.0902 0.0923 0.0847 0.0756 0.0756 0.0756 0.0756 # Sole       
