################################################
# Multispecies Natural mortality (M1+M2)
##### Quarter:1
 0  0.3277 0.2513 0.0744 0.0500 0.0500 0.0500 0.0500 0.0500 0.0500 0.0500 # Cod        
 0  0.3574 0.1796 0.1319 0.1201 0.1150 0.0936 0.1112 0.0771 0  0  # Whiting    
 0  0.3298 0.1302 0.0830 0.0692 0.0560 0.0507 0.0518 0.0509 0.0551 0.0502 # Haddock    
 0  0.0500 0.0500 0.0500 0.0500 0.0500 0.0500 0.0500 0.0500 0.0500 0.0500 # Saithe     
 0  0.0375 0.0375 0.0375 0.0375 0.0375 0.0375 0.0375 0.0375 0.0375 0.0375 # Mackerel   
 0  0.1445 0.0737 0.0641 0.0583 0.0560 0.0499 0.0495 0.0495 0  0  # Herring    
 0  0.2300 0.2207 0.1722 0.1540 0  0  0  0  0  0  # N. sandeel 
 0  0.1494 0.1476 0.1165 0.0990 0  0  0  0  0  0  # S. sandeel 
 0  0.3738 0.2842 0.2720 0  0  0  0  0  0  0  # Nor. pout  
 0  0.2038 0.1759 0.1510 0  0  0  0  0  0  0  # Sprat      
 0  0.0250 0.0250 0.0250 0.0250 0.0250 0.0250 0.0250 0.0250 0.0250 0.0250 # Plaice     
 0  0.0250 0.0250 0.0250 0.0250 0.0250 0.0250 0.0250 0.0250 0.0250 0.0250 # Sole       
##### Quarter:2
 0  0.2575 0.2306 0.0720 0.0500 0.0500 0.0500 0.0500 0.0500 0.0500 0.0500 # Cod        
 0  0.4026 0.1970 0.1425 0.1219 0.1142 0.0880 0.0880 0.0741 0  0  # Whiting    
 0  0.4320 0.1462 0.0954 0.0616 0.0545 0.0508 0.0512 0.0506 0.0555 0.0502 # Haddock    
 0  0.0500 0.0500 0.0500 0.0500 0.0500 0.0500 0.0500 0.0500 0.0500 0.0500 # Saithe     
 0  0.0375 0.0375 0.0375 0.0375 0.0375 0.0375 0.0375 0.0375 0.0375 0.0375 # Mackerel   
 0  0.1693 0.0941 0.0814 0.0707 0.0689 0.0617 0.0620 0.0620 0  0  # Herring    
 0  0.3578 0.2955 0.2130 0.2081 0  0  0  0  0  0  # N. sandeel 
 0  0.2910 0.2791 0.2114 0.1941 0  0  0  0  0  0  # S. sandeel 
 0  0.7422 0.7026 0.6517 0  0  0  0  0  0  0  # Nor. pout  
 0  0.3054 0.2194 0.1911 0  0  0  0  0  0  0  # Sprat      
 0  0.0250 0.0250 0.0250 0.0250 0.0250 0.0250 0.0250 0.0250 0.0250 0.0250 # Plaice     
 0  0.0250 0.0250 0.0250 0.0250 0.0250 0.0250 0.0250 0.0250 0.0250 0.0250 # Sole       
##### Quarter:3
 2.9372 0.2494 0.2042 0.0709 0.0500 0.0500 0.0500 0.0500 0.0500 0.0500 0.0500 # Cod        
 1.1003 0.2432 0.1408 0.1143 0.1070 0.1008 0.0685 0.0554 0.0554 0  0  # Whiting    
 0.4198 0.1716 0.0992 0.0748 0.0583 0.0532 0.0508 0.0509 0.0505 0.0545 0.0501 # Haddock    
 0.0500 0.0500 0.0500 0.0500 0.0500 0.0500 0.0500 0.0500 0.0500 0.0500 0.0500 # Saithe     
 0.0375 0.0375 0.0375 0.0375 0.0375 0.0375 0.0375 0.0375 0.0375 0.0375 0.0375 # Mackerel   
 0.4829 0.0677 0.0584 0.0522 0.0496 0.0473 0.0466 0.0454 0.0393 0  0  # Herring    
 0.4103 0.2874 0.2039 0.1809 0.1667 0  0  0  0  0  0  # N. sandeel 
 0.3555 0.3023 0.2725 0.2358 0.2221 0  0  0  0  0  0  # S. sandeel 
 0.5396 0.3697 0.3367 0.3110 0  0  0  0  0  0  0  # Nor. pout  
 0.4782 0.3711 0.2363 0.1453 0  0  0  0  0  0  0  # Sprat      
 0.0250 0.0250 0.0250 0.0250 0.0250 0.0250 0.0250 0.0250 0.0250 0.0250 0.0250 # Plaice     
 0.0250 0.0250 0.0250 0.0250 0.0250 0.0250 0.0250 0.0250 0.0250 0.0250 0.0250 # Sole       
##### Quarter:4
 0.4392 0.2955 0.2296 0.0744 0.0500 0.0500 0.0500 0.0500 0.0500 0.0500 0.0500 # Cod        
 0.9329 0.2217 0.1483 0.1227 0.1164 0.1127 0.0757 0.0598 0.0581 0  0  # Whiting    
 0.5019 0.2244 0.1049 0.0753 0.0622 0.0545 0.0507 0.0511 0.0506 0.0584 0.0502 # Haddock    
 0.0500 0.0500 0.0500 0.0500 0.0500 0.0500 0.0500 0.0500 0.0500 0.0500 0.0500 # Saithe     
 0.0375 0.0375 0.0375 0.0375 0.0375 0.0375 0.0375 0.0375 0.0375 0.0375 0.0375 # Mackerel   
 0.2689 0.0781 0.0673 0.0651 0.0624 0.0567 0.0564 0.0563 0.0562 0  0  # Herring    
 0.3912 0.3077 0.2844 0.2220 0.2146 0  0  0  0  0  0  # N. sandeel 
 0.2634 0.2357 0.1816 0.1242 0.1228 0  0  0  0  0  0  # S. sandeel 
 0.6520 0.4491 0.4083 0.3802 0  0  0  0  0  0  0  # Nor. pout  
 0.3000 0.2147 0.1554 0.1442 0  0  0  0  0  0  0  # Sprat      
 0.0250 0.0250 0.0250 0.0250 0.0250 0.0250 0.0250 0.0250 0.0250 0.0250 0.0250 # Plaice     
 0.0250 0.0250 0.0250 0.0250 0.0250 0.0250 0.0250 0.0250 0.0250 0.0250 0.0250 # Sole       
