################################################
# Natural mortality (M)
##### Quarter:1
 0  0.3200 0.2242 0.0800 0.0499 0.0500 0.0500 0.0500 0.0500 0.0500 0.0500 # Cod        
 0  0.2946 0.1774 0.1454 0.1370 0.1250 0.0887 0.0887 0.0887 0  0  # Whiting    
 0  0.3145 0.1442 0.0720 0.0658 0.0638 0.0600 0.0668 0.0565 0.0588 0.0550 # Haddock    
 0  0.0500 0.0500 0.0500 0.0500 0.0500 0.0500 0.0500 0.0500 0.0500 0.0500 # Saithe     
 0  0.0375 0.0375 0.0375 0.0375 0.0375 0.0375 0.0375 0.0375 0.0375 0.0375 # Mackerel   
 0  0.1690 0.1103 0.0971 0.0946 0.0908 0.0887 0.0875 0.0851 0  0  # Herring    
 0  0.2300 0.2200 0.1550 0.1400 0  0  0  0  0  0  # N.sandeel  
 0  0.2300 0.2200 0.1550 0.1400 0  0  0  0  0  0  # S.sandeel  
 0  0.2900 0.3900 0.4400 0  0  0  0  0  0  0  # Nor.pout   
 0  0.2123 0.1772 0.1490 0  0  0  0  0  0  0  # Sprat      
 0  0.0250 0.0250 0.0250 0.0250 0.0250 0.0250 0.0250 0.0250 0.0250 0.0250 # Plaice     
 0  0.0250 0.0250 0.0250 0.0250 0.0250 0.0250 0.0250 0.0250 0.0250 0.0250 # Sole       
##### Quarter:2
 0  0.3200 0.2242 0.0800 0.0499 0.0500 0.0500 0.0500 0.0500 0.0500 0.0500 # Cod        
 0  0.2946 0.1774 0.1454 0.1370 0.1250 0.0887 0.0887 0.0887 0  0  # Whiting    
 0  0.3145 0.1442 0.0720 0.0658 0.0638 0.0600 0.0668 0.0565 0.0588 0.0550 # Haddock    
 0  0.0500 0.0500 0.0500 0.0500 0.0500 0.0500 0.0500 0.0500 0.0500 0.0500 # Saithe     
 0  0.0375 0.0375 0.0375 0.0375 0.0375 0.0375 0.0375 0.0375 0.0375 0.0375 # Mackerel   
 0  0.1690 0.1103 0.0971 0.0946 0.0908 0.0887 0.0875 0.0851 0  0  # Herring    
 0  0.2300 0.2200 0.1550 0.1400 0  0  0  0  0  0  # N.sandeel  
 0  0.2300 0.2200 0.1550 0.1400 0  0  0  0  0  0  # S.sandeel  
 0  0.2900 0.3900 0.4400 0  0  0  0  0  0  0  # Nor.pout   
 0  0.2779 0.2244 0.1805 0  0  0  0  0  0  0  # Sprat      
 0  0.0250 0.0250 0.0250 0.0250 0.0250 0.0250 0.0250 0.0250 0.0250 0.0250 # Plaice     
 0  0.0250 0.0250 0.0250 0.0250 0.0250 0.0250 0.0250 0.0250 0.0250 0.0250 # Sole       
##### Quarter:3
 0.6750 0.3200 0.2242 0.0800 0.0499 0.0500 0.0500 0.0500 0.0500 0.0500 0.0500 # Cod        
 0.5166 0.2946 0.1774 0.1454 0.1370 0.1250 0.0887 0.0887 0.0887 0  0  # Whiting    
 0.2452 0.3145 0.1442 0.0720 0.0658 0.0638 0.0600 0.0668 0.0565 0.0588 0.0550 # Haddock    
 0.0500 0.0500 0.0500 0.0500 0.0500 0.0500 0.0500 0.0500 0.0500 0.0500 0.0500 # Saithe     
 0.0375 0.0375 0.0375 0.0375 0.0375 0.0375 0.0375 0.0375 0.0375 0.0375 0.0375 # Mackerel   
 0.2172 0.1690 0.1103 0.0971 0.0946 0.0908 0.0887 0.0875 0.0851 0  0  # Herring    
 0.4800 0.2900 0.2100 0.1850 0.1800 0  0  0  0  0  0  # N.sandeel  
 0.4800 0.2900 0.2100 0.1850 0.1800 0  0  0  0  0  0  # S.sandeel  
 0.2900 0.2900 0.3900 0.4400 0  0  0  0  0  0  0  # Nor.pout   
 0.3771 0.3471 0.2598 0.1430 0  0  0  0  0  0  0  # Sprat      
 0.0250 0.0250 0.0250 0.0250 0.0250 0.0250 0.0250 0.0250 0.0250 0.0250 0.0250 # Plaice     
 0.0250 0.0250 0.0250 0.0250 0.0250 0.0250 0.0250 0.0250 0.0250 0.0250 0.0250 # Sole       
##### Quarter:4
 0.6750 0.3200 0.2242 0.0800 0.0499 0.0500 0.0500 0.0500 0.0500 0.0500 0.0500 # Cod        
 0.5166 0.2946 0.1774 0.1454 0.1370 0.1250 0.0887 0.0887 0.0887 0  0  # Whiting    
 0.2452 0.3145 0.1442 0.0720 0.0658 0.0638 0.0600 0.0668 0.0565 0.0588 0.0550 # Haddock    
 0.0500 0.0500 0.0500 0.0500 0.0500 0.0500 0.0500 0.0500 0.0500 0.0500 0.0500 # Saithe     
 0.0375 0.0375 0.0375 0.0375 0.0375 0.0375 0.0375 0.0375 0.0375 0.0375 0.0375 # Mackerel   
 0.2172 0.1690 0.1103 0.0971 0.0946 0.0908 0.0887 0.0875 0.0851 0  0  # Herring    
 0.4800 0.2900 0.2100 0.1850 0.1800 0  0  0  0  0  0  # N.sandeel  
 0.4800 0.2900 0.2100 0.1850 0.1800 0  0  0  0  0  0  # S.sandeel  
 0.2900 0.2900 0.3900 0.4400 0  0  0  0  0  0  0  # Nor.pout   
 0.2552 0.2001 0.1648 0.1535 0  0  0  0  0  0  0  # Sprat      
 0.0250 0.0250 0.0250 0.0250 0.0250 0.0250 0.0250 0.0250 0.0250 0.0250 0.0250 # Plaice     
 0.0250 0.0250 0.0250 0.0250 0.0250 0.0250 0.0250 0.0250 0.0250 0.0250 0.0250 # Sole       
