################################################
# Residual natural mortality (M1)
##### Quarter:1
 0  0.050 0.050 0.050 0.050 0.050 0.050 0.050 0.050 0.050 0.050 # Cod        
 0  0.050 0.050 0.050 0.050 0.050 0.050 0.050 0.050 0  0  # Whiting    
 0  0.050 0.050 0.050 0.050 0.050 0.050 0.050 0.050 0.050 0.050 # Haddock    
 0  0.050 0.050 0.050 0.050 0.050 0.050 0.050 0.050 0.050 0.050 # Saithe     
 0  0.037 0.037 0.037 0.037 0.037 0.037 0.037 0.037 0.037 0.037 # Mackerel   
 0  0.025 0.025 0.025 0.025 0.025 0.025 0.025 0.025 0  0  # Herring    
 0  0.050 0.050 0.050 0.050 0  0  0  0  0  0  # N.sandeel  
 0  0.050 0.050 0.050 0.050 0  0  0  0  0  0  # S.sandeel  
 0  0.050 0.050 0.050 0  0  0  0  0  0  0  # Nor.pout   
 0  0.050 0.050 0.050 0  0  0  0  0  0  0  # Sprat      
 0  0.025 0.025 0.025 0.025 0.025 0.025 0.025 0.025 0.025 0.025 # Plaice     
 0  0.025 0.025 0.025 0.025 0.025 0.025 0.025 0.025 0.025 0.025 # Sole       
##### Quarter:2
 0  0.050 0.050 0.050 0.050 0.050 0.050 0.050 0.050 0.050 0.050 # Cod        
 0  0.050 0.050 0.050 0.050 0.050 0.050 0.050 0.050 0  0  # Whiting    
 0  0.050 0.050 0.050 0.050 0.050 0.050 0.050 0.050 0.050 0.050 # Haddock    
 0  0.050 0.050 0.050 0.050 0.050 0.050 0.050 0.050 0.050 0.050 # Saithe     
 0  0.037 0.037 0.037 0.037 0.037 0.037 0.037 0.037 0.037 0.037 # Mackerel   
 0  0.025 0.025 0.025 0.025 0.025 0.025 0.025 0.025 0  0  # Herring    
 0  0.050 0.050 0.050 0.050 0  0  0  0  0  0  # N.sandeel  
 0  0.050 0.050 0.050 0.050 0  0  0  0  0  0  # S.sandeel  
 0  0.050 0.050 0.050 0  0  0  0  0  0  0  # Nor.pout   
 0  0.050 0.050 0.050 0  0  0  0  0  0  0  # Sprat      
 0  0.025 0.025 0.025 0.025 0.025 0.025 0.025 0.025 0.025 0.025 # Plaice     
 0  0.025 0.025 0.025 0.025 0.025 0.025 0.025 0.025 0.025 0.025 # Sole       
##### Quarter:3
 0.050 0.050 0.050 0.050 0.050 0.050 0.050 0.050 0.050 0.050 0.050 # Cod        
 0.050 0.050 0.050 0.050 0.050 0.050 0.050 0.050 0.050 0  0  # Whiting    
 0.050 0.050 0.050 0.050 0.050 0.050 0.050 0.050 0.050 0.050 0.050 # Haddock    
 0.050 0.050 0.050 0.050 0.050 0.050 0.050 0.050 0.050 0.050 0.050 # Saithe     
 0.037 0.037 0.037 0.037 0.037 0.037 0.037 0.037 0.037 0.037 0.037 # Mackerel   
 0.025 0.025 0.025 0.025 0.025 0.025 0.025 0.025 0.025 0  0  # Herring    
 0.050 0.050 0.050 0.050 0.050 0  0  0  0  0  0  # N.sandeel  
 0.050 0.050 0.050 0.050 0.050 0  0  0  0  0  0  # S.sandeel  
 0.050 0.050 0.050 0.050 0  0  0  0  0  0  0  # Nor.pout   
 0.050 0.050 0.050 0.050 0  0  0  0  0  0  0  # Sprat      
 0.025 0.025 0.025 0.025 0.025 0.025 0.025 0.025 0.025 0.025 0.025 # Plaice     
 0.025 0.025 0.025 0.025 0.025 0.025 0.025 0.025 0.025 0.025 0.025 # Sole       
##### Quarter:4
 0.050 0.050 0.050 0.050 0.050 0.050 0.050 0.050 0.050 0.050 0.050 # Cod        
 0.050 0.050 0.050 0.050 0.050 0.050 0.050 0.050 0.050 0  0  # Whiting    
 0.050 0.050 0.050 0.050 0.050 0.050 0.050 0.050 0.050 0.050 0.050 # Haddock    
 0.050 0.050 0.050 0.050 0.050 0.050 0.050 0.050 0.050 0.050 0.050 # Saithe     
 0.037 0.037 0.037 0.037 0.037 0.037 0.037 0.037 0.037 0.037 0.037 # Mackerel   
 0.025 0.025 0.025 0.025 0.025 0.025 0.025 0.025 0.025 0  0  # Herring    
 0.050 0.050 0.050 0.050 0.050 0  0  0  0  0  0  # N.sandeel  
 0.050 0.050 0.050 0.050 0.050 0  0  0  0  0  0  # S.sandeel  
 0.050 0.050 0.050 0.050 0  0  0  0  0  0  0  # Nor.pout   
 0.050 0.050 0.050 0.050 0  0  0  0  0  0  0  # Sprat      
 0.025 0.025 0.025 0.025 0.025 0.025 0.025 0.025 0.025 0.025 0.025 # Plaice     
 0.025 0.025 0.025 0.025 0.025 0.025 0.025 0.025 0.025 0.025 0.025 # Sole       
