################################################
# Stock numbers at age 1. January, (except for recruits)
  5625240.74 412539.31 55707.17 4926.27 6266.44 999.24 612.68 453.61 173.51 52.95 41.05  # Cod        
16397071.07 3430511.98 426097.78 131440.82 125636.54 42157.76 21561.46 10281.82 7894.03  0  0  # Whiting    
3529003.36 4562226.75 226625.61 60278.84 68083.08 19910.72 31159.94 1317.43 737.07 96.33 502.31  # Haddock    
220974.83 201507.48 163768.83 141960.18 54969.47 22506.28 22851.62 17730.92 6542.37 3022.51 6033.33  # Saithe     
4484773.08 4160757.92 4664975.36 3276537.64 4334658.05 1099350.14 2051977.58 930583.12 755518.42 820149.87 1188337.85  # Mackerel   
23188682.91 6949707.40 4624956.84 1158728.72 1623017.68 495986.01 1397648.25 690737.71 594010.44  0  0  # Herring    
206938456.11 240670593.39 41251871.08 1972978.34 7863568.21  0  0  0  0  0  0  # N. sandeel 
135790213.51 186844716.05 22174293.38 1171281.85 2671901.88  0  0  0  0  0  0  # S. sandeel 
88863216.92 73237767.38 5098259.97 47310.83  0  0  0  0  0  0  0  # Nor. pout  
84722994.91 119205900.00 24092253.08 3996588.88  0  0  0  0  0  0  0  # Sprat      
1105173.48 903508.78 1771433.44 405564.64 444640.04 167669.68 78542.07 78316.72 42667.36 23860.70 35534.48  # Plaice     
102369.40 23101.97 539053.68 75802.80 61398.00 17626.85 15820.70 12112.85 4690.63 1480.31 5431.67  # Sole       
