################################################
# Proportion of N, for calculation of M2, within model area at age
##### Quarter:1
 0  0.6500 0.6800 0.8400 0.8900 0.9400 0.9400 0.9400 0.9400 0.9400 0.9400 # Cod        
 0  0.9000 0.9000 0.9000 0.9000 0.9000 0.9000 0.9000 0.9000 0  0  # Whiting    
 0  0.8800 0.8800 0.8800 0.8800 0.8800 0.8800 0.8800 0.8800 0.8800 0.8800 # Haddock    
 0  0.9100 0.9100 0.9100 0.9100 0.9100 0.9100 0.9100 0.9100 0.9100 0.9100 # Saithe     
 0  0.0400 0.0500 0.0500 0.0500 0.0500 0.0500 0.0500 0.0500 0.0500 0.0500 # Mackerel   
 0  1.0000 1.0000 1.0000 1.0000 1.0000 1.0000 1.0000 1.0000 0  0  # Herring    
 0  1.0000 1.0000 1.0000 1.0000 0  0  0  0  0  0  # N.sandeel  
 0  1.0000 1.0000 1.0000 1.0000 0  0  0  0  0  0  # S.sandeel  
 0  1.0000 1.0000 1.0000 0  0  0  0  0  0  0  # Nor.pout   
 0  0.9700 0.9700 0.9700 0  0  0  0  0  0  0  # Sprat      
 0  1.0000 1.0000 1.0000 1.0000 1.0000 1.0000 1.0000 1.0000 1.0000 1.0000 # Plaice     
 0  1.0000 1.0000 1.0000 1.0000 1.0000 1.0000 1.0000 1.0000 1.0000 1.0000 # Sole       
##### Quarter:2
 0  0.6500 0.6800 0.8400 0.8900 0.9400 0.9400 0.9400 0.9400 0.9400 0.9400 # Cod        
 0  0.9000 0.9000 0.9000 0.9000 0.9000 0.9000 0.9000 0.9000 0  0  # Whiting    
 0  0.8800 0.8800 0.8800 0.8800 0.8800 0.8800 0.8800 0.8800 0.8800 0.8800 # Haddock    
 0  0.9100 0.9100 0.9100 0.9100 0.9100 0.9100 0.9100 0.9100 0.9100 0.9100 # Saithe     
 0  0.2100 0.0500 0.0400 0.0400 0.0400 0.0400 0.0400 0.0400 0.0400 0.0400 # Mackerel   
 0  1.0000 1.0000 1.0000 1.0000 1.0000 1.0000 1.0000 1.0000 0  0  # Herring    
 0  1.0000 1.0000 1.0000 1.0000 0  0  0  0  0  0  # N.sandeel  
 0  1.0000 1.0000 1.0000 1.0000 0  0  0  0  0  0  # S.sandeel  
 0  1.0000 1.0000 1.0000 0  0  0  0  0  0  0  # Nor.pout   
 0  0.9700 0.9700 0.9700 0  0  0  0  0  0  0  # Sprat      
 0  1.0000 1.0000 1.0000 1.0000 1.0000 1.0000 1.0000 1.0000 1.0000 1.0000 # Plaice     
 0  1.0000 1.0000 1.0000 1.0000 1.0000 1.0000 1.0000 1.0000 1.0000 1.0000 # Sole       
##### Quarter:3
 0.6500 0.6500 0.6800 0.8400 0.8900 0.9400 0.9400 0.9400 0.9400 0.9400 0.9400 # Cod        
 0.9000 0.9000 0.9000 0.9000 0.9000 0.9000 0.9000 0.9000 0.9000 0  0  # Whiting    
 0.8800 0.8800 0.8800 0.8800 0.8800 0.8800 0.8800 0.8800 0.8800 0.8800 0.8800 # Haddock    
 0.9100 0.9100 0.9100 0.9100 0.9100 0.9100 0.9100 0.9100 0.9100 0.9100 0.9100 # Saithe     
 0.1000 0.3000 0.2100 0.2000 0.2000 0.2000 0.2000 0.2000 0.2000 0.2000 0.2000 # Mackerel   
 1.0000 1.0000 1.0000 1.0000 1.0000 1.0000 1.0000 1.0000 1.0000 0  0  # Herring    
 1.0000 1.0000 1.0000 1.0000 1.0000 0  0  0  0  0  0  # N.sandeel  
 1.0000 1.0000 1.0000 1.0000 1.0000 0  0  0  0  0  0  # S.sandeel  
 1.0000 1.0000 1.0000 1.0000 0  0  0  0  0  0  0  # Nor.pout   
 0.9700 0.9700 0.9700 0.9700 0  0  0  0  0  0  0  # Sprat      
 1.0000 1.0000 1.0000 1.0000 1.0000 1.0000 1.0000 1.0000 1.0000 1.0000 1.0000 # Plaice     
 1.0000 1.0000 1.0000 1.0000 1.0000 1.0000 1.0000 1.0000 1.0000 1.0000 1.0000 # Sole       
##### Quarter:4
 0.6500 0.6500 0.6800 0.8400 0.8900 0.9400 0.9400 0.9400 0.9400 0.9400 0.9400 # Cod        
 0.9000 0.9000 0.9000 0.9000 0.9000 0.9000 0.9000 0.9000 0.9000 0  0  # Whiting    
 0.8800 0.8800 0.8800 0.8800 0.8800 0.8800 0.8800 0.8800 0.8800 0.8800 0.8800 # Haddock    
 0.9100 0.9100 0.9100 0.9100 0.9100 0.9100 0.9100 0.9100 0.9100 0.9100 0.9100 # Saithe     
 0.1000 0.3000 0.2800 0.2800 0.2800 0.2800 0.2800 0.2800 0.2800 0.2800 0.2800 # Mackerel   
 1.0000 1.0000 1.0000 1.0000 1.0000 1.0000 1.0000 1.0000 1.0000 0  0  # Herring    
 1.0000 1.0000 1.0000 1.0000 1.0000 0  0  0  0  0  0  # N.sandeel  
 1.0000 1.0000 1.0000 1.0000 1.0000 0  0  0  0  0  0  # S.sandeel  
 1.0000 1.0000 1.0000 1.0000 0  0  0  0  0  0  0  # Nor.pout   
 0.9700 0.9700 0.9700 0.9700 0  0  0  0  0  0  0  # Sprat      
 1.0000 1.0000 1.0000 1.0000 1.0000 1.0000 1.0000 1.0000 1.0000 1.0000 1.0000 # Plaice     
 1.0000 1.0000 1.0000 1.0000 1.0000 1.0000 1.0000 1.0000 1.0000 1.0000 1.0000 # Sole       
