################################################
# Stock numbers of other predator
##### Quarter:1
 0  589.0 0  0  0  0  0  0  0  0  0  # Fulmar     
 0  1303.0 0  0  0  0  0  0  0  0  0  # Guillemot  
 0  253.0 0  0  0  0  0  0  0  0  0  # Her. Gull  
 0  592.0 0  0  0  0  0  0  0  0  0  # Kittiwake  
 0  199.0 0  0  0  0  0  0  0  0  0  # GBB. Gull  
 0  105.0 0  0  0  0  0  0  0  0  0  # Gannet     
 0  102.0 0  0  0  0  0  0  0  0  0  # Puffin     
 0  281.0 0  0  0  0  0  0  0  0  0  # Razorbill  
 0  8129.0 10712.0 49045.5 0  0  0  0  0  0  0  # A. radiata 
 0  3873.0 763751.0 1222077.5 128467.0 0  0  0  0  0  0  # G. gurnards
 0  13056.0 10883.5 2532.0 0  0  0  0  0  0  0  # W.horse mac
 0  270758.0 294156.0 319873.0 336125.0 295372.0 67759.0 0  0  0  0  # N.horse mac
 0  88.0 0  0  0  0  0  0  0  0  0  # Grey seal  
 0  224.0 0  0  0  0  0  0  0  0  0  # H. porpoise
 0  4187.0 3780.0 4217.0 4696.0 2808.5 1732.0 1109.5 1168.5 87.5 0  # Hake       
##### Quarter:2
 0  933.0 0  0  0  0  0  0  0  0  0  # Fulmar     
 0  2566.0 0  0  0  0  0  0  0  0  0  # Guillemot  
 0  375.0 0  0  0  0  0  0  0  0  0  # Her. Gull  
 0  595.0 0  0  0  0  0  0  0  0  0  # Kittiwake  
 0  19.0 0  0  0  0  0  0  0  0  0  # GBB. Gull  
 0  387.0 0  0  0  0  0  0  0  0  0  # Gannet     
 0  483.0 0  0  0  0  0  0  0  0  0  # Puffin     
 0  209.0 0  0  0  0  0  0  0  0  0  # Razorbill  
 0  3473.5 5680.0 33719.5 0  0  0  0  0  0  0  # A. radiata 
 0  2150.5 539223.5 744017.0 61364.0 0  0  0  0  0  0  # G. gurnards
 0  -1.0 -1.0 -1.0 0  0  0  0  0  0  0  # W.horse mac
 0  260793.0 283330.0 308100.0 323754.0 284501.0 65265.0 0  0  0  0  # N.horse mac
 0  88.0 0  0  0  0  0  0  0  0  0  # Grey seal  
 0  224.0 0  0  0  0  0  0  0  0  0  # H. porpoise
 0  9520.0 7360.5 7622.5 9780.0 5628.5 3307.5 1995.5 2114.5 168.5 0  # Hake       
##### Quarter:3
 0.0 1148.0 0  0  0  0  0  0  0  0  0  # Fulmar     
 0.0 2347.0 0  0  0  0  0  0  0  0  0  # Guillemot  
 0.0 174.0 0  0  0  0  0  0  0  0  0  # Her. Gull  
 0.0 454.0 0  0  0  0  0  0  0  0  0  # Kittiwake  
 0.0 102.0 0  0  0  0  0  0  0  0  0  # GBB. Gull  
 0.0 402.0 0  0  0  0  0  0  0  0  0  # Gannet     
 0.0 438.0 0  0  0  0  0  0  0  0  0  # Puffin     
 0.0 313.0 0  0  0  0  0  0  0  0  0  # Razorbill  
 -1.0 5123.0 8882.5 40691.5 0  0  0  0  0  0  0  # A. radiata 
 -1.0 986.5 619375.5 1042367.5 97041.5 0  0  0  0  0  0  # G. gurnards
 -1.0 -1.0 -1.0 -1.0 0  0  0  0  0  0  0  # W.horse mac
 -1.0 268914.0 292167.0 317382.0 334346.0 291535.0 66457.0 0  0  0  0  # N.horse mac
 0.0 88.0 0  0  0  0  0  0  0  0  0  # Grey seal  
 0.0 224.0 0  0  0  0  0  0  0  0  0  # H. porpoise
 -1.0 18376.5 14701.0 13637.5 17399.0 10570.5 5894.0 3430.5 3589.0 299.0 0  # Hake       
##### Quarter:4
 0.0 801.0 0  0  0  0  0  0  0  0  0  # Fulmar     
 0.0 1436.0 0  0  0  0  0  0  0  0  0  # Guillemot  
 0.0 471.0 0  0  0  0  0  0  0  0  0  # Her. Gull  
 0.0 323.0 0  0  0  0  0  0  0  0  0  # Kittiwake  
 0.0 307.0 0  0  0  0  0  0  0  0  0  # GBB. Gull  
 0.0 250.0 0  0  0  0  0  0  0  0  0  # Gannet     
 0.0 63.0 0  0  0  0  0  0  0  0  0  # Puffin     
 0.0 189.0 0  0  0  0  0  0  0  0  0  # Razorbill  
 -1.0 7104.0 9823.0 58018.0 0  0  0  0  0  0  0  # A. radiata 
 -1.0 10472.5 990349.0 2013866.5 222028.0 0  0  0  0  0  0  # G. gurnards
 -1.0 69253.5 51852.5 11757.5 0  0  0  0  0  0  0  # W.horse mac
 -1.0 259016.0 281414.0 305700.0 322040.0 280805.0 64011.0 0  0  0  0  # N.horse mac
 0.0 107.0 0  0  0  0  0  0  0  0  0  # Grey seal  
 0.0 224.0 0  0  0  0  0  0  0  0  0  # H. porpoise
 -1.0 11190.5 11450.0 11055.0 13100.5 8354.5 4551.0 2509.5 2544.0 222.5 0  # Hake       
