################################################
# Proportion mature
##### Quarter:1
 0  0.03 0.32 0.60 0.85 0.94 1.00 1.00 1.00 1.00 1.00 # Cod        
 0  0.36 0.84 0.98 1.00 1.00 1.00 1.00 1.00 0  0  # Whiting    
 0  0.00 0.00 1.00 1.00 1.00 1.00 1.00 1.00 1.00 1.00 # Haddock    
 0  0.00 0.00 0.00 0.20 0.65 0.84 0.97 1.00 1.00 1.00 # Saithe     
 0  0.09 0.51 0.89 1.00 1.00 1.00 1.00 1.00 1.00 1.00 # Mackerel   
 0  0.00 0.50 0.95 0.98 1.00 1.00 1.00 1.00 0  0  # Herring    
 0  0.05 0.77 1.00 1.00 0  0  0  0  0  0  # N.sandeel  
 0  0.02 0.83 1.00 1.00 0  0  0  0  0  0  # S.sandeel  
 0  0.20 1.00 1.00 0  0  0  0  0  0  0  # Nor.pout   
 0  0.41 0.87 0.95 0  0  0  0  0  0  0  # Sprat      
 0  0.00 0.50 0.50 1.00 1.00 1.00 1.00 1.00 1.00 1.00 # Plaice     
 0  0.00 0.00 1.00 1.00 1.00 1.00 1.00 1.00 1.00 1.00 # Sole       
##### Quarter:2
 0  0.03 0.32 0.60 0.85 0.94 1.00 1.00 1.00 1.00 1.00 # Cod        
 0  0.36 0.84 0.98 1.00 1.00 1.00 1.00 1.00 0  0  # Whiting    
 0  0.00 0.00 1.00 1.00 1.00 1.00 1.00 1.00 1.00 1.00 # Haddock    
 0  0.00 0.00 0.00 0.20 0.65 0.84 0.97 1.00 1.00 1.00 # Saithe     
 0  0.09 0.51 0.89 1.00 1.00 1.00 1.00 1.00 1.00 1.00 # Mackerel   
 0  0.00 0.50 0.95 0.98 1.00 1.00 1.00 1.00 0  0  # Herring    
 0  0.05 0.77 1.00 1.00 0  0  0  0  0  0  # N.sandeel  
 0  0.02 0.83 1.00 1.00 0  0  0  0  0  0  # S.sandeel  
 0  0.20 1.00 1.00 0  0  0  0  0  0  0  # Nor.pout   
 0  0.41 0.87 0.95 0  0  0  0  0  0  0  # Sprat      
 0  0.00 0.50 0.50 1.00 1.00 1.00 1.00 1.00 1.00 1.00 # Plaice     
 0  0.00 0.00 1.00 1.00 1.00 1.00 1.00 1.00 1.00 1.00 # Sole       
##### Quarter:3
 0.00 0.03 0.32 0.60 0.85 0.94 1.00 1.00 1.00 1.00 1.00 # Cod        
 0.00 0.36 0.84 0.98 1.00 1.00 1.00 1.00 1.00 0  0  # Whiting    
 0.00 0.00 0.00 1.00 1.00 1.00 1.00 1.00 1.00 1.00 1.00 # Haddock    
 0.00 0.00 0.00 0.00 0.20 0.65 0.84 0.97 1.00 1.00 1.00 # Saithe     
 0.00 0.09 0.51 0.89 1.00 1.00 1.00 1.00 1.00 1.00 1.00 # Mackerel   
 0.00 0.00 0.50 0.95 0.98 1.00 1.00 1.00 1.00 0  0  # Herring    
 0.00 0.05 0.77 1.00 1.00 0  0  0  0  0  0  # N.sandeel  
 0.00 0.02 0.83 1.00 1.00 0  0  0  0  0  0  # S.sandeel  
 0.00 0.20 1.00 1.00 0  0  0  0  0  0  0  # Nor.pout   
 0.00 0.41 0.87 0.95 0  0  0  0  0  0  0  # Sprat      
 0.00 0.00 0.50 0.50 1.00 1.00 1.00 1.00 1.00 1.00 1.00 # Plaice     
 0.00 0.00 0.00 1.00 1.00 1.00 1.00 1.00 1.00 1.00 1.00 # Sole       
##### Quarter:4
 0.00 0.03 0.32 0.60 0.85 0.94 1.00 1.00 1.00 1.00 1.00 # Cod        
 0.00 0.36 0.84 0.98 1.00 1.00 1.00 1.00 1.00 0  0  # Whiting    
 0.00 0.00 0.00 1.00 1.00 1.00 1.00 1.00 1.00 1.00 1.00 # Haddock    
 0.00 0.00 0.00 0.00 0.20 0.65 0.84 0.97 1.00 1.00 1.00 # Saithe     
 0.00 0.09 0.51 0.89 1.00 1.00 1.00 1.00 1.00 1.00 1.00 # Mackerel   
 0.00 0.00 0.50 0.95 0.98 1.00 1.00 1.00 1.00 0  0  # Herring    
 0.00 0.05 0.77 1.00 1.00 0  0  0  0  0  0  # N.sandeel  
 0.00 0.02 0.83 1.00 1.00 0  0  0  0  0  0  # S.sandeel  
 0.00 0.20 1.00 1.00 0  0  0  0  0  0  0  # Nor.pout   
 0.00 0.41 0.87 0.95 0  0  0  0  0  0  0  # Sprat      
 0.00 0.00 0.50 0.50 1.00 1.00 1.00 1.00 1.00 1.00 1.00 # Plaice     
 0.00 0.00 0.00 1.00 1.00 1.00 1.00 1.00 1.00 1.00 1.00 # Sole       
