################################################
# Proportion of the catch landed
##### Quarter:1
 0  1.0000 1.0000 1.0000 1.0000 1.0000 1.0000 1.0000 1.0000 1.0000 1.0000 # Cod        
 0  1.0000 1.0000 1.0000 1.0000 1.0000 1.0000 1.0000 1.0000 0  0  # Whiting    
 0  1.0000 1.0000 1.0000 1.0000 1.0000 1.0000 1.0000 1.0000 1.0000 1.0000 # Haddock    
 0  1.0000 1.0000 1.0000 1.0000 1.0000 1.0000 1.0000 1.0000 1.0000 1.0000 # Saithe     
 0  1.0000 1.0000 1.0000 1.0000 1.0000 1.0000 1.0000 1.0000 1.0000 1.0000 # Mackerel   
 0  1.0000 1.0000 1.0000 1.0000 1.0000 1.0000 1.0000 1.0000 0  0  # Herring    
 0  1.0000 1.0000 1.0000 1.0000 0  0  0  0  0  0  # N.sandeel  
 0  1.0000 1.0000 1.0000 1.0000 0  0  0  0  0  0  # S.sandeel  
 0  1.0000 1.0000 1.0000 0  0  0  0  0  0  0  # Nor.pout   
 0  1.0000 1.0000 1.0000 0  0  0  0  0  0  0  # Sprat      
 0  1.0000 1.0000 1.0000 1.0000 1.0000 1.0000 1.0000 1.0000 1.0000 1.0000 # Plaice     
 0  1.0000 1.0000 1.0000 1.0000 1.0000 1.0000 1.0000 1.0000 1.0000 1.0000 # Sole       
##### Quarter:2
 0  1.0000 1.0000 1.0000 1.0000 1.0000 1.0000 1.0000 1.0000 1.0000 1.0000 # Cod        
 0  1.0000 1.0000 1.0000 1.0000 1.0000 1.0000 1.0000 1.0000 0  0  # Whiting    
 0  1.0000 1.0000 1.0000 1.0000 1.0000 1.0000 1.0000 1.0000 1.0000 1.0000 # Haddock    
 0  1.0000 1.0000 1.0000 1.0000 1.0000 1.0000 1.0000 1.0000 1.0000 1.0000 # Saithe     
 0  1.0000 1.0000 1.0000 1.0000 1.0000 1.0000 1.0000 1.0000 1.0000 1.0000 # Mackerel   
 0  1.0000 1.0000 1.0000 1.0000 1.0000 1.0000 1.0000 1.0000 0  0  # Herring    
 0  1.0000 1.0000 1.0000 1.0000 0  0  0  0  0  0  # N.sandeel  
 0  1.0000 1.0000 1.0000 1.0000 0  0  0  0  0  0  # S.sandeel  
 0  1.0000 1.0000 1.0000 0  0  0  0  0  0  0  # Nor.pout   
 0  1.0000 1.0000 1.0000 0  0  0  0  0  0  0  # Sprat      
 0  1.0000 1.0000 1.0000 1.0000 1.0000 1.0000 1.0000 1.0000 1.0000 1.0000 # Plaice     
 0  1.0000 1.0000 1.0000 1.0000 1.0000 1.0000 1.0000 1.0000 1.0000 1.0000 # Sole       
##### Quarter:3
 1.0000 1.0000 1.0000 1.0000 1.0000 1.0000 1.0000 1.0000 1.0000 1.0000 1.0000 # Cod        
 1.0000 1.0000 1.0000 1.0000 1.0000 1.0000 1.0000 1.0000 1.0000 0  0  # Whiting    
 1.0000 1.0000 1.0000 1.0000 1.0000 1.0000 1.0000 1.0000 1.0000 1.0000 1.0000 # Haddock    
 1.0000 1.0000 1.0000 1.0000 1.0000 1.0000 1.0000 1.0000 1.0000 1.0000 1.0000 # Saithe     
 1.0000 1.0000 1.0000 1.0000 1.0000 1.0000 1.0000 1.0000 1.0000 1.0000 1.0000 # Mackerel   
 1.0000 1.0000 1.0000 1.0000 1.0000 1.0000 1.0000 1.0000 1.0000 0  0  # Herring    
 1.0000 1.0000 1.0000 1.0000 1.0000 0  0  0  0  0  0  # N.sandeel  
 1.0000 1.0000 1.0000 1.0000 1.0000 0  0  0  0  0  0  # S.sandeel  
 1.0000 1.0000 1.0000 1.0000 0  0  0  0  0  0  0  # Nor.pout   
 1.0000 1.0000 1.0000 1.0000 0  0  0  0  0  0  0  # Sprat      
 1.0000 1.0000 1.0000 1.0000 1.0000 1.0000 1.0000 1.0000 1.0000 1.0000 1.0000 # Plaice     
 1.0000 1.0000 1.0000 1.0000 1.0000 1.0000 1.0000 1.0000 1.0000 1.0000 1.0000 # Sole       
##### Quarter:4
 1.0000 1.0000 1.0000 1.0000 1.0000 1.0000 1.0000 1.0000 1.0000 1.0000 1.0000 # Cod        
 1.0000 1.0000 1.0000 1.0000 1.0000 1.0000 1.0000 1.0000 1.0000 0  0  # Whiting    
 1.0000 1.0000 1.0000 1.0000 1.0000 1.0000 1.0000 1.0000 1.0000 1.0000 1.0000 # Haddock    
 1.0000 1.0000 1.0000 1.0000 1.0000 1.0000 1.0000 1.0000 1.0000 1.0000 1.0000 # Saithe     
 1.0000 1.0000 1.0000 1.0000 1.0000 1.0000 1.0000 1.0000 1.0000 1.0000 1.0000 # Mackerel   
 1.0000 1.0000 1.0000 1.0000 1.0000 1.0000 1.0000 1.0000 1.0000 0  0  # Herring    
 1.0000 1.0000 1.0000 1.0000 1.0000 0  0  0  0  0  0  # N.sandeel  
 1.0000 1.0000 1.0000 1.0000 1.0000 0  0  0  0  0  0  # S.sandeel  
 1.0000 1.0000 1.0000 1.0000 0  0  0  0  0  0  0  # Nor.pout   
 1.0000 1.0000 1.0000 1.0000 0  0  0  0  0  0  0  # Sprat      
 1.0000 1.0000 1.0000 1.0000 1.0000 1.0000 1.0000 1.0000 1.0000 1.0000 1.0000 # Plaice     
 1.0000 1.0000 1.0000 1.0000 1.0000 1.0000 1.0000 1.0000 1.0000 1.0000 1.0000 # Sole       
