################################################
# Size in the sea, for use in size selction model 
##### Quarter:1
# area:1
 0  5.0000 0  0  0  0  0  0  0  0  0  # Fulmar     
 0  5.0000 0  0  0  0  0  0  0  0  0  # Guillemot  
 0  5.0000 0  0  0  0  0  0  0  0  0  # Her.Gull   
 0  5.0000 0  0  0  0  0  0  0  0  0  # Kittiwake  
 0  5.0000 0  0  0  0  0  0  0  0  0  # GBB.Gull   
 0  5.0000 0  0  0  0  0  0  0  0  0  # Gannet     
 0  5.0000 0  0  0  0  0  0  0  0  0  # Puffin     
 0  5.0000 0  0  0  0  0  0  0  0  0  # Razorbill  
 0  0.0301 0.1349 0.5848 0  0  0  0  0  0  0  # A.radiata  
 0  0.0042 0.0435 0.1242 0.3472 0  0  0  0  0  0  # G.gurnards 
 0  0.1600 0.2550 0.3725 0  0  0  0  0  0  0  # W.horse.mac
 0  0.0133 0.0379 0.0830 0.1552 0.2558 0.3726 0  0  0  0  # N.horse.mac
 0  10.0000 0  0  0  0  0  0  0  0  0  # Grey.seal  
 0  10.0000 0  0  0  0  0  0  0  0  0  # H.porpoise 
 0  0.1441 0.2404 0.3780 0.6518 1.1943 1.9758 3.0661 5.3815 10.6673 0  # Hake       
 0  0.0519 0.5760 1.4570 2.8781 4.6658 6.7508 6.8996 9.2430 6.5643 17.3824 # Cod        
 0  0.0334 0.0967 0.1788 0.2697 0.3760 0.4191 0.4580 0.4746 0  0  # Whiting    
 0  0.0550 0.1910 0.3931 0.5540 0.5221 0.9361 0.9152 2.1083 2.5172 1.6281 # Haddock    
 0  0.0260 0.2000 0.7410 1.2347 1.5650 2.0782 2.8225 3.6486 4.4127 6.2913 # Saithe     
 0  0.0800 0.2150 0.1985 0.2416 0.2623 0.2948 0.3183 0.3246 0.3521 0.4016 # Mackerel   
 0  0.0120 0.0750 0.1101 0.1368 0.1678 0.1787 0.1893 0.2056 0  0  # Herring    
 0  0.0064 0.0084 0.0112 0.0150 0  0  0  0  0  0  # N.sandeel  
 0  0.0033 0.0059 0.0065 0.0082 0  0  0  0  0  0  # S.sandeel  
 0  0.0090 0.0250 0.0400 0  0  0  0  0  0  0  # Nor.pout   
 0  0.0033 0.0074 0.0104 0  0  0  0  0  0  0  # Sprat      
 0  0.0220 0.0630 0.1170 0.1730 0.2400 0.2610 0.3520 0.3910 0.4150 0.4430 # Plaice     
 0  0.0273 0.0725 0.1328 0.1525 0.1910 0.1684 0.1768 0.2236 0.1941 0.2481 # Sole       
##### Quarter:2
# area:1
 0  5.0000 0  0  0  0  0  0  0  0  0  # Fulmar     
 0  5.0000 0  0  0  0  0  0  0  0  0  # Guillemot  
 0  5.0000 0  0  0  0  0  0  0  0  0  # Her.Gull   
 0  5.0000 0  0  0  0  0  0  0  0  0  # Kittiwake  
 0  5.0000 0  0  0  0  0  0  0  0  0  # GBB.Gull   
 0  5.0000 0  0  0  0  0  0  0  0  0  # Gannet     
 0  5.0000 0  0  0  0  0  0  0  0  0  # Puffin     
 0  5.0000 0  0  0  0  0  0  0  0  0  # Razorbill  
 0  0.0301 0.1349 0.5848 0  0  0  0  0  0  0  # A.radiata  
 0  0.0042 0.0435 0.1242 0.3472 0  0  0  0  0  0  # G.gurnards 
 0  -1.0000 -1.0000 -1.0000 0  0  0  0  0  0  0  # W.horse.mac
 0  0.0133 0.0379 0.0830 0.1552 0.2558 0.3726 0  0  0  0  # N.horse.mac
 0  10.0000 0  0  0  0  0  0  0  0  0  # Grey.seal  
 0  10.0000 0  0  0  0  0  0  0  0  0  # H.porpoise 
 0  0.1438 0.2387 0.3793 0.6544 1.1931 1.9744 3.0586 5.3921 10.6755 0  # Hake       
 0  0.1160 0.6820 1.9299 3.4799 5.0254 7.1162 7.5206 9.4974 6.7257 17.6438 # Cod        
 0  0.0544 0.1184 0.1976 0.2901 0.3947 0.4285 0.4761 0.4847 0  0  # Whiting    
 0  0.0820 0.2310 0.4371 0.6015 0.5601 0.9899 0.9537 2.2093 2.6310 1.6529 # Haddock    
 0  0.0360 0.2310 0.9017 1.3821 1.7263 2.2369 3.0013 3.8115 4.5875 6.5160 # Saithe     
 0  0.1800 0.2750 0.2500 0.2953 0.3141 0.3515 0.3701 0.3775 0.4019 0.4508 # Mackerel   
 0  0.0310 0.1350 0.1591 0.1951 0.2269 0.2611 0.2664 0.2699 0  0  # Herring    
 0  0.0080 0.0107 0.0142 0.0190 0  0  0  0  0  0  # N.sandeel  
 0  0.0042 0.0075 0.0083 0.0103 0  0  0  0  0  0  # S.sandeel  
 0  0.0120 0.0250 0.0500 0  0  0  0  0  0  0  # Nor.pout   
 0  0.0046 0.0074 0.0099 0  0  0  0  0  0  0  # Sprat      
 0  0.0220 0.0630 0.1170 0.1730 0.2400 0.2610 0.3520 0.3910 0.4150 0.4430 # Plaice     
 0  0.0273 0.0725 0.1328 0.1525 0.1910 0.1684 0.1768 0.2236 0.1941 0.2481 # Sole       
##### Quarter:3
# area:1
 -1.0000 5.0000 0  0  0  0  0  0  0  0  0  # Fulmar     
 -1.0000 5.0000 0  0  0  0  0  0  0  0  0  # Guillemot  
 -1.0000 5.0000 0  0  0  0  0  0  0  0  0  # Her.Gull   
 -1.0000 5.0000 0  0  0  0  0  0  0  0  0  # Kittiwake  
 -1.0000 5.0000 0  0  0  0  0  0  0  0  0  # GBB.Gull   
 -1.0000 5.0000 0  0  0  0  0  0  0  0  0  # Gannet     
 -1.0000 5.0000 0  0  0  0  0  0  0  0  0  # Puffin     
 -1.0000 5.0000 0  0  0  0  0  0  0  0  0  # Razorbill  
 -1.0000 0.0301 0.1349 0.5848 0  0  0  0  0  0  0  # A.radiata  
 -1.0000 0.0042 0.0435 0.1242 0.3472 0  0  0  0  0  0  # G.gurnards 
 -1.0000 -1.0000 -1.0000 -1.0000 0  0  0  0  0  0  0  # W.horse.mac
 -1.0000 0.0133 0.0379 0.0831 0.1551 0.2557 0.3727 0  0  0  0  # N.horse.mac
 -1.0000 10.0000 0  0  0  0  0  0  0  0  0  # Grey.seal  
 -1.0000 10.0000 0  0  0  0  0  0  0  0  0  # H.porpoise 
 -1.0000 0.1444 0.2383 0.3780 0.6593 1.1921 1.9740 3.0519 5.3915 10.6862 0  # Hake       
 0.0060 0.2300 0.8290 2.2000 3.9944 5.8302 7.2989 8.2796 9.8366 6.8872 17.9051 # Cod        
 0.0073 0.0695 0.1315 0.2163 0.3061 0.4194 0.4417 0.4897 0.5032 0  0  # Whiting    
 0.0100 0.1150 0.2740 0.4842 0.6530 0.5975 1.0380 0.9998 2.3249 2.7021 1.7107 # Haddock    
 0.0050 0.1110 0.4630 1.0185 1.4927 1.9038 2.3956 3.1724 3.9825 4.7623 6.7305 # Saithe     
 0.0100 0.2200 0.3300 0.2831 0.3260 0.3399 0.3742 0.3923 0.3952 0.4197 0.4698 # Mackerel   
 0.0070 0.0630 0.1340 0.1788 0.2087 0.2396 0.2470 0.2674 0.2959 0  0  # Herring    
 0.0022 0.0089 0.0143 0.0183 0.0209 0  0  0  0  0  0  # N.sandeel  
 0.0011 0.0031 0.0074 0.0093 0.0108 0  0  0  0  0  0  # S.sandeel  
 0.0040 0.0250 0.0400 0.0600 0  0  0  0  0  0  0  # Nor.pout   
 0.0040 0.0076 0.0111 0.0144 0  0  0  0  0  0  0  # Sprat      
 0.0050 0.0220 0.0630 0.1170 0.1730 0.2400 0.2610 0.3520 0.3910 0.4150 0.4430 # Plaice     
 0.0050 0.0273 0.0725 0.1328 0.1525 0.1910 0.1684 0.1768 0.2236 0.1941 0.2481 # Sole       
##### Quarter:4
# area:1
 -1.0000 5.0000 0  0  0  0  0  0  0  0  0  # Fulmar     
 -1.0000 5.0000 0  0  0  0  0  0  0  0  0  # Guillemot  
 -1.0000 5.0000 0  0  0  0  0  0  0  0  0  # Her.Gull   
 -1.0000 5.0000 0  0  0  0  0  0  0  0  0  # Kittiwake  
 -1.0000 5.0000 0  0  0  0  0  0  0  0  0  # GBB.Gull   
 -1.0000 5.0000 0  0  0  0  0  0  0  0  0  # Gannet     
 -1.0000 5.0000 0  0  0  0  0  0  0  0  0  # Puffin     
 -1.0000 5.0000 0  0  0  0  0  0  0  0  0  # Razorbill  
 -1.0000 0.0301 0.1349 0.5848 0  0  0  0  0  0  0  # A.radiata  
 -1.0000 0.0042 0.0435 0.1242 0.3472 0  0  0  0  0  0  # G.gurnards 
 -1.0000 0.1603 0.2537 0.3726 0  0  0  0  0  0  0  # W.horse.mac
 -1.0000 0.0133 0.0379 0.0831 0.1551 0.2557 0.3727 0  0  0  0  # N.horse.mac
 -1.0000 10.0000 0  0  0  0  0  0  0  0  0  # Grey.seal  
 -1.0000 10.0000 0  0  0  0  0  0  0  0  0  # H.porpoise 
 -1.0000 0.1463 0.2393 0.3773 0.6595 1.1949 1.9729 3.0475 5.3794 10.6996 0  # Hake       
 0.0225 0.3770 1.1200 2.5571 4.3956 6.4466 7.5860 8.3562 10.0910 6.9948 18.2972 # Cod        
 0.0192 0.0874 0.1470 0.2359 0.3212 0.4293 0.4596 0.4996 0.5327 0  0  # Whiting    
 0.0300 0.1220 0.3270 0.5356 0.7076 0.6363 1.0860 1.0613 2.4404 2.7590 1.7933 # Haddock    
 0.0200 0.1830 0.6670 1.1493 1.6585 2.0409 2.5694 3.3279 4.1454 4.9455 6.9143 # Saithe     
 0.0350 0.2300 0.3100 0.2684 0.3106 0.3288 0.3629 0.3812 0.3881 0.4126 0.4584 # Mackerel   
 0.0140 0.0800 0.1240 0.1459 0.1689 0.2016 0.2177 0.2284 0.2450 0  0  # Herring    
 0.0043 0.0079 0.0127 0.0163 0.0186 0  0  0  0  0  0  # N.sandeel  
 0.0022 0.0028 0.0066 0.0082 0.0096 0  0  0  0  0  0  # S.sandeel  
 0.0060 0.0250 0.0400 0.0580 0  0  0  0  0  0  0  # Nor.pout   
 0.0049 0.0069 0.0114 0.0138 0  0  0  0  0  0  0  # Sprat      
 0.0200 0.0220 0.0630 0.1170 0.1730 0.2400 0.2610 0.3520 0.3910 0.4150 0.4430 # Plaice     
 0.0350 0.0273 0.0725 0.1328 0.1525 0.1910 0.1684 0.1768 0.2236 0.1941 0.2481 # Sole       
################################################
# Mean weight of eaten preys 
##### Quarter:1
# area:1
 0  0.0519 0.5760 1.4570 2.8781 4.6658 6.7508 6.8996 9.2430 6.5643 17.3824 # Cod        
 0  0.0334 0.0967 0.1788 0.2697 0.3760 0.4191 0.4580 0.4746 0  0  # Whiting    
 0  0.0550 0.1910 0.3931 0.5540 0.5221 0.9361 0.9152 2.1083 2.5172 1.6281 # Haddock    
 0  0.0260 0.2000 0.7410 1.2347 1.5650 2.0782 2.8225 3.6486 4.4127 6.2913 # Saithe     
 0  0.0800 0.2150 0.1985 0.2416 0.2623 0.2948 0.3183 0.3246 0.3521 0.4016 # Mackerel   
 0  0.0120 0.0750 0.1101 0.1368 0.1678 0.1787 0.1893 0.2056 0  0  # Herring    
 0  0.0064 0.0084 0.0112 0.0150 0  0  0  0  0  0  # N.sandeel  
 0  0.0033 0.0059 0.0065 0.0082 0  0  0  0  0  0  # S.sandeel  
 0  0.0090 0.0250 0.0400 0  0  0  0  0  0  0  # Nor.pout   
 0  0.0033 0.0074 0.0104 0  0  0  0  0  0  0  # Sprat      
 0  0.0220 0.0630 0.1170 0.1730 0.2400 0.2610 0.3520 0.3910 0.4150 0.4430 # Plaice     
 0  0.0273 0.0725 0.1328 0.1525 0.1910 0.1684 0.1768 0.2236 0.1941 0.2481 # Sole       
##### Quarter:2
# area:1
 0  0.1160 0.6820 1.9299 3.4799 5.0254 7.1162 7.5206 9.4974 6.7257 17.6438 # Cod        
 0  0.0544 0.1184 0.1976 0.2901 0.3947 0.4285 0.4761 0.4847 0  0  # Whiting    
 0  0.0820 0.2310 0.4371 0.6015 0.5601 0.9899 0.9537 2.2093 2.6310 1.6529 # Haddock    
 0  0.0360 0.2310 0.9017 1.3821 1.7263 2.2369 3.0013 3.8115 4.5875 6.5160 # Saithe     
 0  0.1800 0.2750 0.2500 0.2953 0.3141 0.3515 0.3701 0.3775 0.4019 0.4508 # Mackerel   
 0  0.0310 0.1350 0.1591 0.1951 0.2269 0.2611 0.2664 0.2699 0  0  # Herring    
 0  0.0080 0.0107 0.0142 0.0190 0  0  0  0  0  0  # N.sandeel  
 0  0.0042 0.0075 0.0083 0.0103 0  0  0  0  0  0  # S.sandeel  
 0  0.0120 0.0250 0.0500 0  0  0  0  0  0  0  # Nor.pout   
 0  0.0046 0.0074 0.0099 0  0  0  0  0  0  0  # Sprat      
 0  0.0220 0.0630 0.1170 0.1730 0.2400 0.2610 0.3520 0.3910 0.4150 0.4430 # Plaice     
 0  0.0273 0.0725 0.1328 0.1525 0.1910 0.1684 0.1768 0.2236 0.1941 0.2481 # Sole       
##### Quarter:3
# area:1
 0.0060 0.2300 0.8290 2.2000 3.9944 5.8302 7.2989 8.2796 9.8366 6.8872 17.9051 # Cod        
 0.0073 0.0695 0.1315 0.2163 0.3061 0.4194 0.4417 0.4897 0.5032 0  0  # Whiting    
 0.0100 0.1150 0.2740 0.4842 0.6530 0.5975 1.0380 0.9998 2.3249 2.7021 1.7107 # Haddock    
 0.0050 0.1110 0.4630 1.0185 1.4927 1.9038 2.3956 3.1724 3.9825 4.7623 6.7305 # Saithe     
 0.0100 0.2200 0.3300 0.2831 0.3260 0.3399 0.3742 0.3923 0.3952 0.4197 0.4698 # Mackerel   
 0.0070 0.0630 0.1340 0.1788 0.2087 0.2396 0.2470 0.2674 0.2959 0  0  # Herring    
 0.0022 0.0089 0.0143 0.0183 0.0209 0  0  0  0  0  0  # N.sandeel  
 0.0011 0.0031 0.0074 0.0093 0.0108 0  0  0  0  0  0  # S.sandeel  
 0.0040 0.0250 0.0400 0.0600 0  0  0  0  0  0  0  # Nor.pout   
 0.0040 0.0076 0.0111 0.0144 0  0  0  0  0  0  0  # Sprat      
 0.0050 0.0220 0.0630 0.1170 0.1730 0.2400 0.2610 0.3520 0.3910 0.4150 0.4430 # Plaice     
 0.0050 0.0273 0.0725 0.1328 0.1525 0.1910 0.1684 0.1768 0.2236 0.1941 0.2481 # Sole       
##### Quarter:4
# area:1
 0.0225 0.3770 1.1200 2.5571 4.3956 6.4466 7.5860 8.3562 10.0910 6.9948 18.2972 # Cod        
 0.0192 0.0874 0.1470 0.2359 0.3212 0.4293 0.4596 0.4996 0.5327 0  0  # Whiting    
 0.0300 0.1220 0.3270 0.5356 0.7076 0.6363 1.0860 1.0613 2.4404 2.7590 1.7933 # Haddock    
 0.0200 0.1830 0.6670 1.1493 1.6585 2.0409 2.5694 3.3279 4.1454 4.9455 6.9143 # Saithe     
 0.0350 0.2300 0.3100 0.2684 0.3106 0.3288 0.3629 0.3812 0.3881 0.4126 0.4584 # Mackerel   
 0.0140 0.0800 0.1240 0.1459 0.1689 0.2016 0.2177 0.2284 0.2450 0  0  # Herring    
 0.0043 0.0079 0.0127 0.0163 0.0186 0  0  0  0  0  0  # N.sandeel  
 0.0022 0.0028 0.0066 0.0082 0.0096 0  0  0  0  0  0  # S.sandeel  
 0.0060 0.0250 0.0400 0.0580 0  0  0  0  0  0  0  # Nor.pout   
 0.0049 0.0069 0.0114 0.0138 0  0  0  0  0  0  0  # Sprat      
 0.0200 0.0220 0.0630 0.1170 0.1730 0.2400 0.2610 0.3520 0.3910 0.4150 0.4430 # Plaice     
 0.0350 0.0273 0.0725 0.1328 0.1525 0.1910 0.1684 0.1768 0.2236 0.1941 0.2481 # Sole       
################################################
# Length at age 
##### Quarter:1
# area:1
 0  500.0000 0  0  0  0  0  0  0  0  0  # Fulmar     
 0  500.0000 0  0  0  0  0  0  0  0  0  # Guillemot  
 0  500.0000 0  0  0  0  0  0  0  0  0  # Her.Gull   
 0  500.0000 0  0  0  0  0  0  0  0  0  # Kittiwake  
 0  500.0000 0  0  0  0  0  0  0  0  0  # GBB.Gull   
 0  500.0000 0  0  0  0  0  0  0  0  0  # Gannet     
 0  500.0000 0  0  0  0  0  0  0  0  0  # Puffin     
 0  500.0000 0  0  0  0  0  0  0  0  0  # Razorbill  
 0  149.0000 254.0000 410.0000 0  0  0  0  0  0  0  # A.radiata  
 0  81.0000 172.0000 233.0000 324.0000 0  0  0  0  0  0  # G.gurnards 
 0  270.0000 320.0000 360.0000 0  0  0  0  0  0  0  # W.horse.mac
 0  120.0000 170.0000 221.0000 270.0000 319.0000 360.0000 0  0  0  0  # N.horse.mac
 0  1000.0000 0  0  0  0  0  0  0  0  0  # Grey.seal  
 0  1000.0000 0  0  0  0  0  0  0  0  0  # H.porpoise 
 0  279.0000 330.0000 383.0000 456.0000 556.0000 655.0000 756.0000 905.0000 1133.0000 0  # Hake       
 0  153.0000 329.0000 496.0000 702.0000 830.0000 937.0000 989.0000 1031.0000 1041.0000 1159.0000 # Cod        
 0  158.0000 236.0000 271.0000 295.0000 309.0000 313.0000 316.0000 315.0000 0  0  # Whiting    
 0  158.0000 253.0000 305.0000 350.0000 383.0000 422.0000 480.0000 481.0000 538.0000 551.0000 # Haddock    
 0  281.0000 333.0000 412.0000 441.0000 550.0000 646.0000 742.0000 809.0000 878.0000 1010.0000 # Saithe     
 0  536.0000 582.0000 642.0000 668.0000 688.0000 710.0000 734.0000 750.0000 756.0000 776.0000 # Mackerel   
 0  276.0000 428.0000 486.0000 526.0000 550.0000 562.0000 586.0000 299.0000 0  0  # Herring    
 0  104.0000 132.0000 154.0000 166.0000 0  0  0  0  0  0  # N.sandeel  
 0  102.0000 126.0000 147.0000 160.0000 0  0  0  0  0  0  # S.sandeel  
 0  102.0000 133.0000 145.0000 0  0  0  0  0  0  0  # Nor.pout   
 0  105.0000 155.0000 175.0000 0  0  0  0  0  0  0  # Sprat      
 0  163.0000 215.0000 249.0000 308.0000 315.0000 326.0000 338.0000 367.0000 366.0000 381.0000 # Plaice     
 0  177.0000 250.0000 281.0000 295.0000 311.0000 324.0000 334.0000 334.0000 342.0000 357.0000 # Sole       
##### Quarter:2
# area:1
 0  500.0000 0  0  0  0  0  0  0  0  0  # Fulmar     
 0  500.0000 0  0  0  0  0  0  0  0  0  # Guillemot  
 0  500.0000 0  0  0  0  0  0  0  0  0  # Her.Gull   
 0  500.0000 0  0  0  0  0  0  0  0  0  # Kittiwake  
 0  500.0000 0  0  0  0  0  0  0  0  0  # GBB.Gull   
 0  500.0000 0  0  0  0  0  0  0  0  0  # Gannet     
 0  500.0000 0  0  0  0  0  0  0  0  0  # Puffin     
 0  500.0000 0  0  0  0  0  0  0  0  0  # Razorbill  
 0  145.0000 258.0000 412.0000 0  0  0  0  0  0  0  # A.radiata  
 0  82.0000 174.0000 231.0000 325.0000 0  0  0  0  0  0  # G.gurnards 
 0  -1.0000 -1.0000 -1.0000 0  0  0  0  0  0  0  # W.horse.mac
 0  120.0000 170.0000 221.0000 270.0000 319.0000 360.0000 0  0  0  0  # N.horse.mac
 0  1000.0000 0  0  0  0  0  0  0  0  0  # Grey.seal  
 0  1000.0000 0  0  0  0  0  0  0  0  0  # H.porpoise 
 0  279.0000 329.0000 383.0000 456.0000 555.0000 655.0000 755.0000 905.0000 1133.0000 0  # Hake       
 0  194.0000 357.0000 552.0000 709.0000 839.0000 935.0000 993.0000 1050.0000 1091.0000 1156.0000 # Cod        
 0  170.0000 232.0000 269.0000 290.0000 303.0000 306.0000 321.0000 332.0000 0  0  # Whiting    
 0  182.0000 255.0000 308.0000 349.0000 382.0000 415.0000 440.0000 455.0000 527.0000 536.0000 # Haddock    
 0  283.0000 404.0000 424.0000 483.0000 561.0000 647.0000 743.0000 789.0000 867.0000 1017.0000 # Saithe     
 0  486.0000 614.0000 638.0000 692.0000 704.0000 714.0000 734.0000 762.0000 760.0000 766.0000 # Mackerel   
 0  304.0000 420.0000 490.0000 534.0000 538.0000 544.0000 567.0000 278.0000 0  0  # Herring    
 0  131.0000 144.0000 159.0000 173.0000 0  0  0  0  0  0  # N.sandeel  
 0  109.0000 132.0000 137.0000 149.0000 0  0  0  0  0  0  # S.sandeel  
 0  118.0000 139.0000 154.0000 0  0  0  0  0  0  0  # Nor.pout   
 0  123.0000 155.0000 173.0000 0  0  0  0  0  0  0  # Sprat      
 0  163.0000 215.0000 249.0000 308.0000 315.0000 326.0000 338.0000 367.0000 366.0000 381.0000 # Plaice     
 0  177.0000 250.0000 281.0000 295.0000 311.0000 324.0000 334.0000 334.0000 342.0000 357.0000 # Sole       
##### Quarter:3
# area:1
 -1.0000 500.0000 0  0  0  0  0  0  0  0  0  # Fulmar     
 -1.0000 500.0000 0  0  0  0  0  0  0  0  0  # Guillemot  
 -1.0000 500.0000 0  0  0  0  0  0  0  0  0  # Her.Gull   
 -1.0000 500.0000 0  0  0  0  0  0  0  0  0  # Kittiwake  
 -1.0000 500.0000 0  0  0  0  0  0  0  0  0  # GBB.Gull   
 -1.0000 500.0000 0  0  0  0  0  0  0  0  0  # Gannet     
 -1.0000 500.0000 0  0  0  0  0  0  0  0  0  # Puffin     
 -1.0000 500.0000 0  0  0  0  0  0  0  0  0  # Razorbill  
 -1.0000 145.0000 254.0000 392.0000 0  0  0  0  0  0  0  # A.radiata  
 -1.0000 75.0000 173.0000 233.0000 323.0000 0  0  0  0  0  0  # G.gurnards 
 -1.0000 -1.0000 -1.0000 -1.0000 0  0  0  0  0  0  0  # W.horse.mac
 -1.0000 120.0000 170.0000 220.0000 271.0000 320.0000 360.0000 0  0  0  0  # N.horse.mac
 -1.0000 1000.0000 0  0  0  0  0  0  0  0  0  # Grey.seal  
 -1.0000 1000.0000 0  0  0  0  0  0  0  0  0  # H.porpoise 
 -1.0000 279.0000 329.0000 383.0000 457.0000 555.0000 655.0000 755.0000 905.0000 1133.0000 0  # Hake       
 84.0000 251.0000 417.0000 590.0000 772.0000 871.0000 951.0000 969.0000 1004.0000 1092.0000 1134.0000 # Cod        
 93.0000 209.0000 258.0000 283.0000 307.0000 316.0000 318.0000 331.0000 326.0000 0  0  # Whiting    
 109.0000 225.0000 291.0000 330.0000 369.0000 388.0000 419.0000 461.0000 514.0000 498.0000 617.0000 # Haddock    
 129.0000 296.0000 384.0000 428.0000 504.0000 581.0000 689.0000 744.0000 813.0000 898.0000 1019.0000 # Saithe     
 314.0000 556.0000 610.0000 630.0000 670.0000 688.0000 698.0000 712.0000 734.0000 742.0000 752.0000 # Mackerel   
 234.0000 368.0000 484.0000 534.0000 556.0000 578.0000 580.0000 585.0000 308.0000 0  0  # Herring    
 83.0000 132.0000 154.0000 166.0000 173.0000 0  0  0  0  0  0  # N.sandeel  
 72.0000 100.0000 128.0000 139.0000 146.0000 0  0  0  0  0  0  # S.sandeel  
 94.0000 125.0000 161.0000 161.0000 0  0  0  0  0  0  0  # Nor.pout   
 76.0000 146.0000 170.0000 182.0000 0  0  0  0  0  0  0  # Sprat      
 76.0000 163.0000 215.0000 249.0000 308.0000 315.0000 326.0000 338.0000 367.0000 366.0000 381.0000 # Plaice     
 82.0000 177.0000 250.0000 281.0000 295.0000 311.0000 324.0000 334.0000 334.0000 342.0000 357.0000 # Sole       
##### Quarter:4
# area:1
 -1.0000 500.0000 0  0  0  0  0  0  0  0  0  # Fulmar     
 -1.0000 500.0000 0  0  0  0  0  0  0  0  0  # Guillemot  
 -1.0000 500.0000 0  0  0  0  0  0  0  0  0  # Her.Gull   
 -1.0000 500.0000 0  0  0  0  0  0  0  0  0  # Kittiwake  
 -1.0000 500.0000 0  0  0  0  0  0  0  0  0  # GBB.Gull   
 -1.0000 500.0000 0  0  0  0  0  0  0  0  0  # Gannet     
 -1.0000 500.0000 0  0  0  0  0  0  0  0  0  # Puffin     
 -1.0000 500.0000 0  0  0  0  0  0  0  0  0  # Razorbill  
 -1.0000 140.0000 255.0000 404.0000 0  0  0  0  0  0  0  # A.radiata  
 -1.0000 83.0000 173.0000 234.0000 326.0000 0  0  0  0  0  0  # G.gurnards 
 -1.0000 270.0000 320.0000 360.0000 0  0  0  0  0  0  0  # W.horse.mac
 -1.0000 120.0000 170.0000 220.0000 271.0000 320.0000 360.0000 0  0  0  0  # N.horse.mac
 -1.0000 1000.0000 0  0  0  0  0  0  0  0  0  # Grey.seal  
 -1.0000 1000.0000 0  0  0  0  0  0  0  0  0  # H.porpoise 
 -1.0000 281.0000 330.0000 382.0000 457.0000 556.0000 655.0000 755.0000 904.0000 1134.0000 0  # Hake       
 136.0000 302.0000 444.0000 603.0000 759.0000 870.0000 948.0000 991.0000 1027.0000 1001.0000 1171.0000 # Cod        
 141.0000 222.0000 258.0000 287.0000 303.0000 308.0000 306.0000 317.0000 337.0000 0  0  # Whiting    
 136.0000 239.0000 299.0000 337.0000 375.0000 412.0000 438.0000 474.0000 524.0000 593.0000 550.0000 # Haddock    
 173.0000 308.0000 401.0000 435.0000 516.0000 654.0000 756.0000 811.0000 847.0000 950.0000 1036.0000 # Saithe     
 350.0000 586.0000 626.0000 674.0000 688.0000 702.0000 718.0000 736.0000 748.0000 754.0000 762.0000 # Mackerel   
 260.0000 400.0000 484.0000 530.0000 562.0000 572.0000 584.0000 598.0000 302.0000 0  0  # Herring    
 104.0000 132.0000 154.0000 166.0000 173.0000 0  0  0  0  0  0  # N.sandeel  
 90.0000 100.0000 128.0000 139.0000 146.0000 0  0  0  0  0  0  # S.sandeel  
 90.0000 146.0000 174.0000 166.0000 0  0  0  0  0  0  0  # Nor.pout   
 95.0000 154.0000 176.0000 188.0000 0  0  0  0  0  0  0  # Sprat      
 120.0000 163.0000 215.0000 249.0000 308.0000 315.0000 326.0000 338.0000 367.0000 366.0000 381.0000 # Plaice     
 157.0000 177.0000 250.0000 281.0000 295.0000 311.0000 324.0000 334.0000 334.0000 342.0000 357.0000 # Sole       
