################################################
# Stock recruitment residuals ##
#    Number of residuals by species
32 # Cod        
38 # Whiting    
32 # Haddock    
46 # Saithe     
40 # Mackerel   
46 # Herring    
46 # N. sandeel 
46 # S. sandeel 
43 # Nor. pout  
39 # Sprat      
44 # Plaice     
44 # Sole       
# residuals by species
 -0.9816 -1.0274 -0.6735 -0.4258 -0.6240 -0.2629 -0.3469 -0.5579 -0.2529 -0.3857 -0.2527 0.5892 -0.1656 -0.0484 0.3961 0.6592 0.6633 1.0193 0.5449 0.4461 0.4184 0.0125 0.0980 0.6282 0.7051 0.6360 0.2950 0.0374 0.0882 -0.6285 -0.4497 -0.1355  # Cod        
-0.1000 -0.0081 0.0552 0.1118 0.3731 0.3123 0.4533 0.0946 -0.0686 -0.1895 0.1842 -0.0286 -0.1326 -0.1585 -0.7676 -0.0781 0.4297 0.2096 0.2821 0.4542 0.1274 -0.0730 -0.0452 -0.1008 0.0842 0.3054 0.1420 -0.5058 -0.0427 -0.0551 -0.5032 -0.2984 -0.1658 0.1925 0.2458 -0.1595 -0.4603 -0.1161  # Whiting    
-0.8294 -0.3506 0.9115 1.5989 1.9489 0.0918 1.5758 0.7370 0.3573 0.0628 -0.5512 1.7548 0.9378 -0.2565 -0.7872 -0.5827 -0.7408 1.2925 0.2042 0.2307 -1.2381 0.4565 -1.4212 -1.8776 -1.4126 -1.9333 0.3389 -0.4472 0.6459 -1.0858 -0.5901 0.9591  # Haddock    
0.7025 -0.0398 -0.0855 -0.3042 0.4825 0.2352 0.2436 0.1348 0.3291 0.9908 0.3331 0.2982 -0.0941 -0.1396 0.1785 0.0498 0.2643 0.0114 1.0475 0.1625 0.4977 -0.3555 0.2793 -0.3945 0.4097 0.5100 0.1402 -0.1308 0.3327 -0.5719 -0.2481 -0.6959 -0.6161 -0.1834 -0.8043 -0.2686 -0.2008 -0.6173 -0.3320 0.1120 -0.2762 -0.9112 -0.5345 0.0584 0.0003 -0.0000  # Saithe     
0.1629 0.3517 -0.9327 -1.2577 0.3070 -0.3961 -0.3602 0.0437 -0.3423 -0.1277 -0.4395 -0.2739 -0.0582 0.0115 -0.1332 -0.2844 -0.2516 -0.4308 -0.4175 -0.2989 -0.8140 -0.1220 0.2834 -0.1099 0.0763 0.5604 0.6834 0.5981 0.5322 0.4844 0.8908 0.8243 0.2801 0.0384 0.4516 -0.4987 0.6002 0.0969 0.2721 0.0000  # Mackerel   
-0.0731 -0.6480 -0.7062 -0.8533 -1.2419 -0.2039 0.8443 0.7928 0.7359 0.2889 0.2845 0.6834 0.8270 0.5589 -0.0174 -0.1359 -0.1500 -0.0878 0.2723 0.3986 0.1092 0.1776 0.2669 -0.2608 -0.5968 0.4866 0.0242 1.0443 0.2195 -0.0711 0.1366 -0.2616 -0.2970 -0.0978 -0.1926 -0.0735 -0.0606 -0.0762 0.0033 0.4256 0.4965 -0.8231 -0.3234 -1.0662 -0.2485 -0.5119  # Herring    
-0.0634 -0.2962 -0.0276 -0.6274 -0.1214 0.5654 -0.0858 0.1237 0.2366 0.0545 -0.7310 -0.0820 0.3397 -0.6000 0.5533 -0.3558 0.0340 0.2043 0.4799 0.8350 0.8528 0.1378 1.3444 -0.4171 -0.0566 0.1189 0.3664 0.0145 -0.8235 -0.0628 -0.0545 0.3521 0.8885 0.2671 -0.1869 0.6772 -1.4949 -1.7711 -0.0040 0.1966 0.0488 -1.6905 1.0980 -1.2620 0.3630 0.6859  # N. sandeel 
0.0134 -0.6973 -0.1852 0.5536 -0.1885 -0.0233 -0.5338 0.8526 -1.2965 0.5895 -0.3677 0.7222 -0.5593 -0.5901 0.2693 -0.3175 -0.1851 0.2376 -1.0075 0.1645 0.5097 -0.7032 1.0581 -0.4565 0.2708 0.1156 0.7304 0.8254 -1.3167 -0.0723 -0.3520 0.4096 0.5057 0.7628 -0.1378 1.3571 -0.7066 -0.2898 -0.0044 -0.3242 0.5936 -0.7123 0.8376 -1.2785 -0.3887 1.3493  # S. sandeel 
0.5790 0.8247 0.9522 0.3344 0.7937 0.8918 0.5264 0.2881 0.0755 0.4298 -0.7233 0.0097 0.0045 0.1838 0.3726 -0.0032 -0.2797 0.6421 -0.0170 0.3420 -0.8254 -0.0910 0.2243 -0.4740 -0.0982 -0.6067 -1.3699 -0.8647 0.2731 -0.7030 -0.4019 0.0630 0.1133 -1.1826 -0.4374 0.1993 -0.8415 0.3714 -0.1285 0.1076 -0.5880 0.3214 0.7123  # Nor. pout  
-0.3019 -0.7679 -0.1832 -0.4644 -0.9750 0.3718 -0.8584 -0.4937 0.5449 0.1221 -0.3191 0.1136 0.6814 0.2906 -0.8278 -0.8990 -0.2665 0.1723 -0.1391 -0.4912 -0.3422 -0.4717 -0.1874 0.7475 -0.4605 -0.3080 -0.4843 0.5528 0.3660 0.4937 0.2075 -0.3288 0.9118 0.6055 0.2547 0.4607 0.8638 0.8007 1.0086  # Sprat      
-0.3089 -0.5566 -0.1826 -0.3547 -0.2930 -0.0309 -0.0865 0.6656 0.2980 0.1874 0.4844 0.5709 0.5165 0.1535 -0.0993 -0.2069 -0.3443 -0.7216 -0.6928 -0.0869 -0.0455 0.0887 -0.1197 0.0603 -0.3916 0.6264 -0.3730 0.2860 -0.0806 -0.1598 0.2386 0.1627 -0.0156 0.1333 0.2259 0.0645 0.1366 0.1782 -0.4385 -0.2535 0.2082 -0.2587 0.8593 -0.0000  # Plaice     
-0.7644 0.0543 0.2729 -0.7182 -1.9549 0.3756 0.4336 0.4182 0.3593 -0.3122 -0.1203 0.3057 -0.4532 0.0945 0.8166 0.2379 0.0975 -0.4811 0.2654 -0.4263 0.9019 0.1519 0.0041 0.1618 -0.4502 0.5976 -0.1867 -0.7701 -0.7402 0.5836 -0.2543 -0.1352 -0.1512 0.5859 0.8117 -0.5121 0.0236 0.3921 0.0847 -0.3965 0.2791 0.0939 1.8474 -1.4171  # Sole       
