################################################
# Mean weight in the catch
##### Quarter:1
 0  0.3180 0.8573 2.0423 3.7467 5.4707 6.9580 8.0990 9.0507 8.3083 16.8132 # Cod        
 0  0.0953 0.1996 0.2861 0.3753 0.4192 0.4794 0.4474 0.4465 0  0  # Whiting    
 0  0.1459 0.3346 0.4713 0.6457 0.8532 1.1058 1.0494 1.5756 1.3981 1.6894 # Haddock    
 0  0.0000 0.0000 1.0613 1.3030 1.7043 2.3033 3.0600 3.9987 4.5383 6.5360 # Saithe     
 0  0.1410 0.2573 0.3093 0.3567 0.3870 0.4120 0.4273 0.4477 0.4690 0.5054 # Mackerel   
 0  0.0193 0.0477 0.1007 0.1250 0.1417 0.1623 0.1697 0.1889 0  0  # Herring    
 0  0.0054 0.0083 0.0119 0.0164 0  0  0  0  0  0  # N.sandeel  
 0  0.0038 0.0058 0.0073 0.0094 0  0  0  0  0  0  # S.sandeel  
 0  0.0096 0.0201 0.0286 0  0  0  0  0  0  0  # Nor.pout   
 0  0.0052 0.0091 0.0298 0  0  0  0  0  0  0  # Sprat      
 0  0.0510 0.0888 0.1541 0.2144 0.2797 0.3420 0.3965 0.4687 0.5283 0.6526 # Plaice     
 0  0.0471 0.1196 0.1702 0.2060 0.2384 0.2444 0.2541 0.2564 0.2466 0.3132 # Sole       
##### Quarter:2
 0  0.3180 0.8573 2.0423 3.7467 5.4707 6.9580 8.0990 9.0507 8.3083 16.8132 # Cod        
 0  0.0953 0.1996 0.2861 0.3753 0.4192 0.4794 0.4474 0.4465 0  0  # Whiting    
 0  0.1459 0.3346 0.4713 0.6457 0.8532 1.1058 1.0494 1.5756 1.3981 1.6894 # Haddock    
 0  0.0000 0.0000 1.0613 1.3030 1.7043 2.3033 3.0600 3.9987 4.5383 6.5360 # Saithe     
 0  0.1410 0.2573 0.3093 0.3567 0.3870 0.4120 0.4273 0.4477 0.4690 0.5054 # Mackerel   
 0  0.0363 0.1233 0.1460 0.1620 0.1777 0.1907 0.1983 0.2112 0  0  # Herring    
 0  0.0068 0.0106 0.0150 0.0207 0  0  0  0  0  0  # N.sandeel  
 0  0.0048 0.0074 0.0093 0.0119 0  0  0  0  0  0  # S.sandeel  
 0  0.0144 0.0229 0.0276 0  0  0  0  0  0  0  # Nor.pout   
 0  0.0070 0.0116 0.0334 0  0  0  0  0  0  0  # Sprat      
 0  0.0510 0.0888 0.1541 0.2144 0.2797 0.3420 0.3965 0.4687 0.5283 0.6526 # Plaice     
 0  0.0471 0.1196 0.1702 0.2060 0.2384 0.2444 0.2541 0.2564 0.2466 0.3132 # Sole       
##### Quarter:3
 0.0000 0.3180 0.8573 2.0423 3.7467 5.4707 6.9580 8.0990 9.0507 8.3083 16.8132 # Cod        
 0.0280 0.0953 0.1996 0.2861 0.3753 0.4192 0.4794 0.4474 0.4465 0  0  # Whiting    
 0.0419 0.1459 0.3346 0.4713 0.6457 0.8532 1.1058 1.0494 1.5756 1.3981 1.6894 # Haddock    
 0.0000 0.0000 0.0000 1.0613 1.3030 1.7043 2.3033 3.0600 3.9987 4.5383 6.5360 # Saithe     
 0.0430 0.1410 0.2573 0.3093 0.3567 0.3870 0.4120 0.4273 0.4477 0.4690 0.5054 # Mackerel   
 0.0060 0.0473 0.1523 0.1633 0.1897 0.2120 0.2303 0.2437 0.2599 0  0  # Herring    
 0.0019 0.0077 0.0118 0.0146 0.0165 0  0  0  0  0  0  # N.sandeel  
 0.0013 0.0049 0.0076 0.0097 0.0115 0  0  0  0  0  0  # S.sandeel  
 0.0049 0.0235 0.0367 0.0470 0  0  0  0  0  0  0  # Nor.pout   
 0.0053 0.0071 0.0092 0.0128 0  0  0  0  0  0  0  # Sprat      
 0.0000 0.0510 0.0888 0.1541 0.2144 0.2797 0.3420 0.3965 0.4687 0.5283 0.6526 # Plaice     
 0.0000 0.0471 0.1196 0.1702 0.2060 0.2384 0.2444 0.2541 0.2564 0.2466 0.3132 # Sole       
##### Quarter:4
 0.0000 0.3180 0.8573 2.0423 3.7467 5.4707 6.9580 8.0990 9.0507 8.3083 16.8132 # Cod        
 0.0280 0.0953 0.1996 0.2861 0.3753 0.4192 0.4794 0.4474 0.4465 0  0  # Whiting    
 0.0419 0.1459 0.3346 0.4713 0.6457 0.8532 1.1058 1.0494 1.5756 1.3981 1.6894 # Haddock    
 0.0000 0.0000 0.0000 1.0613 1.3030 1.7043 2.3033 3.0600 3.9987 4.5383 6.5360 # Saithe     
 0.0430 0.1410 0.2573 0.3093 0.3567 0.3870 0.4120 0.4273 0.4477 0.4690 0.5054 # Mackerel   
 0.0110 0.0450 0.1210 0.1390 0.1627 0.1800 0.1927 0.2057 0.2225 0  0  # Herring    
 0.0038 0.0069 0.0105 0.0130 0.0146 0  0  0  0  0  0  # N.sandeel  
 0.0025 0.0044 0.0068 0.0086 0.0102 0  0  0  0  0  0  # S.sandeel  
 0.0062 0.0226 0.0371 0.0166 0  0  0  0  0  0  0  # Nor.pout   
 0.0048 0.0076 0.0097 0.0146 0  0  0  0  0  0  0  # Sprat      
 0.0000 0.0510 0.0888 0.1541 0.2144 0.2797 0.3420 0.3965 0.4687 0.5283 0.6526 # Plaice     
 0.0000 0.0471 0.1196 0.1702 0.2060 0.2384 0.2444 0.2541 0.2564 0.2466 0.3132 # Sole       
