################################################
# Mean weight in the sea
##### Quarter:1
 0  5.0000 0  0  0  0  0  0  0  0  0  # Fulmar     
 0  5.0000 0  0  0  0  0  0  0  0  0  # Guillemot  
 0  5.0000 0  0  0  0  0  0  0  0  0  # Her.Gull   
 0  5.0000 0  0  0  0  0  0  0  0  0  # Kittiwake  
 0  5.0000 0  0  0  0  0  0  0  0  0  # GBB.Gull   
 0  5.0000 0  0  0  0  0  0  0  0  0  # Gannet     
 0  5.0000 0  0  0  0  0  0  0  0  0  # Puffin     
 0  5.0000 0  0  0  0  0  0  0  0  0  # Razorbill  
 0  0.0301 0.1349 0.5848 0  0  0  0  0  0  0  # A.radiata  
 0  0.0042 0.0435 0.1242 0.3472 0  0  0  0  0  0  # G.gurnards 
 0  0.1611 0.2561 0.3723 0  0  0  0  0  0  0  # W.horse.mac
 0  0.0133 0.0379 0.0830 0.1552 0.2558 0.3726 0  0  0  0  # N.horse.mac
 0  10.0000 0  0  0  0  0  0  0  0  0  # Grey.seal  
 0  10.0000 0  0  0  0  0  0  0  0  0  # H.porpoise 
 0  0.1434 0.2404 0.3781 0.6534 1.2047 1.9909 3.0688 5.2799 10.6424 0  # Hake       
 0  0.0519 0.5760 1.4616 2.9247 4.6477 6.5348 7.1973 8.6537 8.0286 16.4122 # Cod        
 0  0.0318 0.1016 0.1945 0.2943 0.3799 0.4597 0.4657 0.5142 0  0  # Whiting    
 0  0.0550 0.1910 0.4006 0.5686 0.7693 1.0224 0.9775 1.4628 1.3269 1.6215 # Haddock    
 0  0.0260 0.2000 0.7410 1.1157 1.4744 2.0632 2.8032 3.7438 4.2818 6.2180 # Saithe     
 0  0.0800 0.2150 0.1993 0.2345 0.2621 0.2787 0.3048 0.3243 0.3490 0.3989 # Mackerel   
 0  0.0120 0.0750 0.1124 0.1404 0.1689 0.1797 0.1866 0.1969 0  0  # Herring    
 0  0.0054 0.0083 0.0119 0.0164 0  0  0  0  0  0  # N.sandeel  
 0  0.0038 0.0059 0.0073 0.0094 0  0  0  0  0  0  # S.sandeel  
 0  0.0090 0.0250 0.0400 0  0  0  0  0  0  0  # Nor.pout   
 0  0.0033 0.0074 0.0104 0  0  0  0  0  0  0  # Sprat      
 0  0.0300 0.0653 0.1217 0.1730 0.2417 0.2900 0.3460 0.4050 0.4343 0.5324 # Plaice     
 0  0.0248 0.0768 0.1366 0.1688 0.2090 0.2158 0.2179 0.2199 0.2290 0.3468 # Sole       
##### Quarter:2
 0  5.0000 0  0  0  0  0  0  0  0  0  # Fulmar     
 0  5.0000 0  0  0  0  0  0  0  0  0  # Guillemot  
 0  5.0000 0  0  0  0  0  0  0  0  0  # Her.Gull   
 0  5.0000 0  0  0  0  0  0  0  0  0  # Kittiwake  
 0  5.0000 0  0  0  0  0  0  0  0  0  # GBB.Gull   
 0  5.0000 0  0  0  0  0  0  0  0  0  # Gannet     
 0  5.0000 0  0  0  0  0  0  0  0  0  # Puffin     
 0  5.0000 0  0  0  0  0  0  0  0  0  # Razorbill  
 0  0.0301 0.1349 0.5848 0  0  0  0  0  0  0  # A.radiata  
 0  0.0042 0.0435 0.1242 0.3472 0  0  0  0  0  0  # G.gurnards 
 0  -1.0000 -1.0000 -1.0000 0  0  0  0  0  0  0  # W.horse.mac
 0  0.0133 0.0379 0.0830 0.1552 0.2558 0.3726 0  0  0  0  # N.horse.mac
 0  10.0000 0  0  0  0  0  0  0  0  0  # Grey.seal  
 0  10.0000 0  0  0  0  0  0  0  0  0  # H.porpoise 
 0  0.1432 0.2379 0.3791 0.6550 1.2010 1.9901 3.0680 5.2987 10.6535 0  # Hake       
 0  0.1160 0.6820 1.9359 3.5362 5.0059 6.8885 7.8451 8.8919 8.2261 16.6590 # Cod        
 0  0.0518 0.1244 0.2149 0.3165 0.3989 0.4700 0.4840 0.5251 0  0  # Whiting    
 0  0.0820 0.2310 0.4454 0.6174 0.8254 1.0811 1.0186 1.5330 1.3869 1.6462 # Haddock    
 0  0.0360 0.2310 0.9017 1.2489 1.6264 2.2208 2.9808 3.9109 4.4515 6.4401 # Saithe     
 0  0.1800 0.2750 0.2510 0.2866 0.3138 0.3323 0.3544 0.3771 0.3984 0.4478 # Mackerel   
 0  0.0310 0.1350 0.1623 0.2002 0.2284 0.2624 0.2627 0.2585 0  0  # Herring    
 0  0.0068 0.0106 0.0150 0.0207 0  0  0  0  0  0  # N.sandeel  
 0  0.0048 0.0074 0.0093 0.0119 0  0  0  0  0  0  # S.sandeel  
 0  0.0120 0.0250 0.0500 0  0  0  0  0  0  0  # Nor.pout   
 0  0.0046 0.0074 0.0099 0  0  0  0  0  0  0  # Sprat      
 0  0.0300 0.0653 0.1217 0.1730 0.2417 0.2900 0.3460 0.4050 0.4343 0.5324 # Plaice     
 0  0.0248 0.0768 0.1366 0.1688 0.2090 0.2158 0.2179 0.2199 0.2290 0.3468 # Sole       
##### Quarter:3
 -1.0000 5.0000 0  0  0  0  0  0  0  0  0  # Fulmar     
 -1.0000 5.0000 0  0  0  0  0  0  0  0  0  # Guillemot  
 -1.0000 5.0000 0  0  0  0  0  0  0  0  0  # Her.Gull   
 -1.0000 5.0000 0  0  0  0  0  0  0  0  0  # Kittiwake  
 -1.0000 5.0000 0  0  0  0  0  0  0  0  0  # GBB.Gull   
 -1.0000 5.0000 0  0  0  0  0  0  0  0  0  # Gannet     
 -1.0000 5.0000 0  0  0  0  0  0  0  0  0  # Puffin     
 -1.0000 5.0000 0  0  0  0  0  0  0  0  0  # Razorbill  
 -1.0000 0.0301 0.1349 0.5848 0  0  0  0  0  0  0  # A.radiata  
 -1.0000 0.0042 0.0435 0.1242 0.3472 0  0  0  0  0  0  # G.gurnards 
 -1.0000 -1.0000 -1.0000 -1.0000 0  0  0  0  0  0  0  # W.horse.mac
 -1.0000 0.0133 0.0379 0.0831 0.1551 0.2557 0.3727 0  0  0  0  # N.horse.mac
 -1.0000 10.0000 0  0  0  0  0  0  0  0  0  # Grey.seal  
 -1.0000 10.0000 0  0  0  0  0  0  0  0  0  # H.porpoise 
 -1.0000 0.1442 0.2375 0.3768 0.6591 1.1967 1.9887 3.0664 5.3158 10.6628 0  # Hake       
 0.0060 0.2300 0.8290 2.2069 4.0591 5.8075 7.0654 8.6368 9.2094 8.4235 16.9058 # Cod        
 0.0073 0.0662 0.1382 0.2352 0.3339 0.4238 0.4845 0.4978 0.5452 0  0  # Whiting    
 0.0100 0.1150 0.2740 0.4934 0.6703 0.8805 1.1336 1.0679 1.6131 1.4244 1.7038 # Haddock    
 0.0050 0.1110 0.4630 1.0185 1.3488 1.7936 2.3784 3.1507 4.0864 4.6211 6.6521 # Saithe     
 0.0100 0.2200 0.3300 0.2842 0.3164 0.3396 0.3537 0.3756 0.3948 0.4160 0.4666 # Mackerel   
 0.0070 0.0630 0.1340 0.1825 0.2142 0.2412 0.2482 0.2637 0.2834 0  0  # Herring    
 0.0019 0.0077 0.0118 0.0146 0.0165 0  0  0  0  0  0  # N.sandeel  
 0.0013 0.0049 0.0076 0.0097 0.0115 0  0  0  0  0  0  # S.sandeel  
 0.0040 0.0250 0.0400 0.0600 0  0  0  0  0  0  0  # Nor.pout   
 0.0040 0.0076 0.0111 0.0144 0  0  0  0  0  0  0  # Sprat      
 0.0050 0.0300 0.0653 0.1217 0.1730 0.2417 0.2900 0.3460 0.4050 0.4343 0.5324 # Plaice     
 0.0050 0.0248 0.0768 0.1366 0.1688 0.2090 0.2158 0.2179 0.2199 0.2290 0.3468 # Sole       
##### Quarter:4
 -1.0000 5.0000 0  0  0  0  0  0  0  0  0  # Fulmar     
 -1.0000 5.0000 0  0  0  0  0  0  0  0  0  # Guillemot  
 -1.0000 5.0000 0  0  0  0  0  0  0  0  0  # Her.Gull   
 -1.0000 5.0000 0  0  0  0  0  0  0  0  0  # Kittiwake  
 -1.0000 5.0000 0  0  0  0  0  0  0  0  0  # GBB.Gull   
 -1.0000 5.0000 0  0  0  0  0  0  0  0  0  # Gannet     
 -1.0000 5.0000 0  0  0  0  0  0  0  0  0  # Puffin     
 -1.0000 5.0000 0  0  0  0  0  0  0  0  0  # Razorbill  
 -1.0000 0.0301 0.1349 0.5848 0  0  0  0  0  0  0  # A.radiata  
 -1.0000 0.0042 0.0435 0.1242 0.3472 0  0  0  0  0  0  # G.gurnards 
 -1.0000 0.1607 0.2556 0.3724 0  0  0  0  0  0  0  # W.horse.mac
 -1.0000 0.0133 0.0379 0.0831 0.1551 0.2557 0.3727 0  0  0  0  # N.horse.mac
 -1.0000 10.0000 0  0  0  0  0  0  0  0  0  # Grey.seal  
 -1.0000 10.0000 0  0  0  0  0  0  0  0  0  # H.porpoise 
 -1.0000 0.1463 0.2390 0.3761 0.6566 1.1973 1.9851 3.0651 5.3292 10.6709 0  # Hake       
 0.0225 0.3770 1.1200 2.5650 4.4668 6.4215 7.3433 8.7168 9.4476 8.5551 17.2760 # Cod        
 0.0192 0.0833 0.1545 0.2565 0.3504 0.4338 0.5041 0.5079 0.5771 0  0  # Whiting    
 0.0300 0.1220 0.3270 0.5458 0.7263 0.9376 1.1861 1.1336 1.6933 1.4543 1.7861 # Haddock    
 0.0200 0.1830 0.6670 1.1493 1.4987 1.9228 2.5509 3.3052 4.2535 4.7989 6.8338 # Saithe     
 0.0350 0.2300 0.3100 0.2695 0.3015 0.3286 0.3430 0.3650 0.3877 0.4090 0.4553 # Mackerel   
 0.0140 0.0800 0.1240 0.1489 0.1733 0.2029 0.2189 0.2252 0.2347 0  0  # Herring    
 0.0039 0.0069 0.0105 0.0130 0.0147 0  0  0  0  0  0  # N.sandeel  
 0.0025 0.0044 0.0068 0.0086 0.0102 0  0  0  0  0  0  # S.sandeel  
 0.0060 0.0250 0.0400 0.0580 0  0  0  0  0  0  0  # Nor.pout   
 0.0049 0.0069 0.0114 0.0138 0  0  0  0  0  0  0  # Sprat      
 0.0200 0.0300 0.0653 0.1217 0.1730 0.2417 0.2900 0.3460 0.4050 0.4343 0.5324 # Plaice     
 0.0350 0.0248 0.0768 0.1366 0.1688 0.2090 0.2158 0.2179 0.2199 0.2290 0.3468 # Sole       
