
Table  1    Herring :   Seasonal catch numbers 

           Age 0   Age 1   Age 2   Age 3   Age 4   Age 5   Age 6   Age 7   Age 8
                                                                                
1974 Q1        .   35593  337970  261472  230434   94646   41419   20193   72120
     Q2        .   88556  715304  645533  692745  218044  131761  102765  192289
     Q3     1421  165289  214024  200429  158344  364695  125476   46668  232057
     Q4     3407  257761  355471  323913  315562  249868   96221   58187  177581
1975 Q1        .   57980  280180  217448  147575  143916   30533   22652   82430
     Q2        .   80884  685209  646759  422021  407849  111911   66896  225174
     Q3     3345  123823  181523  183685  136452  423418  136981   47597  253223
     Q4    73773  468469  269607  229112  149047  251518   74426   39071  126718
1976 Q1        .   87193   51845  146550  209488  114854  113602   64191  119412
     Q2        .  117149  346404  487038  536596  384737  460091  183352  414316
     Q3      465  180030  189977  334165  310300  258221  255841  127977  219385
     Q4     8253  390692  264061  302628  185194  128604  127333   49056   85298
1977 Q1        .   27856  183310  134771   91810  104549   35866   34069   49076
     Q2        .   42520  474425  418091  280793  339019  205083  192171  264044
     Q3    30509  246868  323278  160819   91495  119185   60220   71701  145051
     Q4     2794  235215  324193  131468   88092  113091   59454   60709   89122
1978 Q1        .   47202  202003  178342   74829   56985   45175   27136   48426
     Q2        .   87970  555119  493471  219102  141884  108343   83804  181218
     Q3    67800  262114  185295  132199   46826   32419   55037   29302   74530
     Q4    37103  217981  187897  143697   48538   38756   35462   24194   43151
1979 Q1        .    5814  171501  130146   71945   22010   16837   25020   41705
     Q2        .   14763  318779  359663  334077  118783   67261  101173  180193
     Q3      400   66755  146643  129166  151750   50980   54558   62790  156116
     Q4    27400   76582  128321   90481   95040   27194   34230   38906  102983
1980 Q1        .  207066  151567  168745   96278   90317   22806   23446   82185
     Q2        .  292032  557902  522678  266465  413790   88487  100964  272734
     Q3    23876  185781  153986  151491  110178  119288   48718   37820  120500
     Q4   140891  415807  168136  147254   75915   98112   30814   30045   66884
1981 Q1        .   48966  232765  125920  108918   57264   70808   31859   98793
     Q2        .  161685  730386  412876  307929  183718  258030   50996  206759
     Q3     2726  381380  247539  112261  120966   79374   87792   35965  149525
     Q4   145521  437872  256137   80179   81838   45692   42979   15944   59274
1982 Q1        .   67944  399145  199274   46938   42849   23209   32298   54969
     Q2        .  167905 1239380  729129  270092  226858  112285  162617  187553
     Q3      700  197843  358433  108558   60786   58477   43039   43643   82331
     Q4   100512  422597  390686  119536   60884   54616   43400   35469   65164
1983 Q1        .  109998  384861  473860  150468   58880   60835   42430  106939
     Q2        .  375500  785154  953251  396500  136938  148128   80294  200130
     Q3     3834  158988  314659  343903  113319   52766   45657   45216  123613
     Q4   241614  393004  415189  253973   98918   36882   35090   17524   46481
1984 Q1        .  111336  263854  258420  214402   52162   24914   24330   55785
     Q2        .  293850  620897  778986  629867  224621   89734  106741  177629
     Q3     4436  199787  195917  198992  181909   62064   34457   27802  100445
     Q4   184487  436648  303606  299041  182950   61193   29149   18803   39291
1985 Q1        .  172642  165638  125036   86326   50107   15137    5258    7613
     Q2        .  103081  994340  667193  581734  475461  170502   78196  185163
     Q3     7210  226170  354581  218738  164899  117267   48526   33160  106541
     Q4    60988  787938  714557  235513  150162   86325   34217   20815   41504
1986 Q1        .   82346  232337  274913  128411   93169   39420    7752   12124
     Q2        .  179352  878185  967179  516262  363447  185976   58090   85881
     Q3     7180   66059  344997  283628  193198  152713   83969   39185   94278
     Q4   115921  234267  384798  323093  111572   71878   30455   17745   22417
1987 Q1        .   38163   53462   89801   76849   44767   35684    8773   11832
     Q2        .  125476  291432  732342  619386  301406  205712  111855   75680
     Q3     1441  212313  185442  209139  209393  138456   88140   37944   41255
     Q4    16411  443966  134805  244041  231907   77579   54550   32286   17422
1988 Q1        .  172528  233565   91436  136270  111147   48623   31153   25579
     Q2        .   68697 1043980  449993  578447  516074  206781  152936  107597
     Q3     7060   70655  293184  134912  134982  122241   67293   51628   47010
     Q4    80856  116529  633598  148129  132719  122942   44367   19445   16921
1989 Q1        .   84594  139608  758460  183029  211436  159016   44865   44835
     Q2        .   71029  210609  961752  277213  334172  306036  103747  125972
     Q3    26392  240347  108615  231112  108057  116161   99817   44451   65610
     Q4    83848  370295  102980  404089  105386  151186  101716   46509   52177
1990 Q1        .   67747  433060  165432  432078  114141  112846   79225   39759
     Q2        .   30443  397520  212581  647207  168081  229924  138008  111892
     Q3     3667  229805  363267  200845  192196  147571   95590   34021   30129
     Q4    17441  294963  399392  242920  497230  166207  157378   71512   47404
1991 Q1        .   40548  408591  279060  117391  228965   79228   76075   66491
     Q2        .   26248  540230  475699  199864  444782  104157  128887  127007
     Q3     6200   97130  281558  217792   86136  104017   44188   35311   31910
     Q4   105511  312274  531999  360072  118152  177466   72720   45679   36786
1992 Q1        .  124250  459947  667799  222454   91261  180019   55420   68324
     Q2        .   71971  419256  788661  360701  123810  257200   64560  138210
     Q3    13989  236458  144230  160926   92090   41370   34680   18660   16420
     Q4   136351  733182  272860  225234  122790   42190   48980   15050   11890
1993 Q1        .  140974  559691  488765  420669  141387   46329   57680   30381
     Q2        .  201109  773236  639978  769924  282261  130888  150924  103377
     Q3    57761  143306  235249  212714  188476  103378   53956   32099   18211
     Q4    59023  533114  665782  459609  318768  155486   61870   35569   14949
1994 Q1        .   80300  176600  257100  252900  341000  181600   86800   65000
     Q2        .  134500  554900  787300  587400  571600  240900   80100  209500
     Q3    22300   82700  194200  305400  190000  133900   52800   28300   29200
     Q4   148500  352800  499700  574800  294800  191500   60200   25400   33900
1995 Q1        .  264300  453800  861100  794600  253100  152100   50700   53000
     Q2        .  208700  376400  620300  598200  356100  246300  125500  139100
     Q3     2100  164700  141200  231000  221100  140400  103500   32400   32300
     Q4    67600  415100  305700  393400  368400  173300  109500   36000   39200
1996 Q1        .  288627  359379  266099  286427  204850  141012   74027   52347
     Q2        .  142626  670134  572297  642213  499548  334720  228711  178210
     Q3     5960  213844  283681  197800  208244  175217  104505   52757   31001
     Q4    72476  769480  578236  341058  327334  209520   95516   51219   19208
1997 Q1        .  106526  589481  577995  369478  259690  126885   53476   38843
     Q2        .  170055  716110  683358  496436  407834  270786  144604  119905
     Q3    24671   95937  241829  299119  194095  153231   89892   46321   32997
     Q4   132483  380872  733578  737894  459302  326885  191692   90373   55444
1998 Q1        .  488181  355153  695147  831302  408741  200377  106457   78200
     Q2        .  245300  335800  640900  605500  333900  227900  131000  219500
     Q3    13727  345500  196000  396200  238600   87100   65000   34000   31400
     Q4    78600 1058500  356454  594714  390400  157100  104777   30450   24500
1999 Q1        .  319187  843456  259692  644743  451416  157695   86279   57900
     Q2        .  142944  498062  378075  472696  287212  132563   84995   93500
     Q3    55096  181986  203324  138590  103917   78778   38107   20790   16100
     Q4   190169  346586  561988  329983  402900  289947   95543   54553   33800
2000 Q1        .  572536  667931  765385  341719  405925  258309   72963   62993
     Q2        .  284102  363497  524052  259766  314074  156293   59307   86360
     Q3    19142  355319  152314  190986   69286   75213   49009   25025   23529
     Q4   179631  889293  308574  561136  271944  327380  187548   69102   65570
2001 Q1        .  489461  724395  274285  463792  185345  184882  147868   86307
     Q2        .  317198  586396  302988  357642  113628  144919   81281   93456
     Q3    74490  456686  392056  172638  173471   58563   93451   62137   43531
     Q4   220075  608601  688789  233304  276796   99468   88851   68001   47073
2002 Q1        .  229600  285000  489100  146100  216200   75200   70900   65300
     Q2        .  254300  274300  353000  165500  146000   61300   57800   99300
     Q3    73200  198700   76000  115200   38500   51700   13900   20100   32300
     Q4   382100  352000  377900  382700  106600  108600   29200   21000   33100
2003 Q1        .  340200  161300  152900  237900   80600   71100   31400   67900
     Q2        .  199900  275400  261300  245300   92400   67900   33500   84200
     Q3    52200  113500   69100   56300   68900   23400   29100   11200   26800
     Q4   186600  693800  276800  216900  134500   65000   58600   13700   23800
2004 Q1        .  139000  391800  216500  189000  121700   56400   39400   33700
     Q2        .   80900  218100  187200  178700   93400   50100   34100   47300
     Q3     8100   54800   83800   55600   57300   55100   22300   19400   24000
     Q4    37500  382000  549200  214300  143200  114200   33700   26800   24800
2005 Q1        .   70800  294000  453600  210800  141600   79800   20100   31000
     Q2        .  149500  218200  312500  159900  122300   81600   40400  101500
     Q3    23000   26100   38000   77200   48500   31400   20700    9200   12200
     Q4   130400   79700  203300  343700  137800   83400   37700   12800   14500
2006 Q1        .  164700  109500  289300  437400  172100  119000   82900   79600
     Q2        .  156200  133400  228500  269400  114700   68200   37500   43400
     Q3    31500   69400   46300   50500   83200   34100   27500   10300    9400
     Q4   141000  418000  216300  185700  315000   88000   50100   23700   15200
2007 Q1        .  127100  362000  221500  286000  275500   86400   40200   32100
     Q2        .   83700  216900  148400  131300  200100   66400   37800   33400
     Q3    36600   31300   35000   35400   51100   86400   34700   18700   13600
     Q4   201700  215400  306500  224900  234600  261500   81300   39400   32600
2008 Q1        .  156300  313600  414500  175400  203000  265000   54800   72900
     Q2        .   83000  154000  237800  130100  102400  224600   53200   88200
     Q3    13700   84200   39100   58100   34800   50800   67200   17400   17300
     Q4   168000  465900  228600  257800  121400  129600  154100   40300   37200
2009 Q1        .  235000  584200  346400  380500  151300  173400  234000  104300
     Q2        .   97300  330900  197400  208300   61800   53900  119700   65900
     Q3    34300   56500   94000   44500   62100   26900   41100   47900   28700
     Q4   125100  267500  355000  133600  194400   59500   72200   85200   40600
2010 Q1        .   85100  221000  543400  258100  231000   85500  111500  149500
     Q2        .   61400  187500  403200  156800  182700   80100   45100  113700
     Q3    11700   65000   48100  100100   61500   55300   26000   19200   16200
     Q4   194800  334800  188800  310600  185600  161100   92200  108000   83000
2011 Q1        .   74400  176900  287500  494900  178500  134300   58200   93000
     Q2        .   59100  169500  266000  380100  139700  106100   38200   84300
     Q3    40300   30100   63100   54900   86900   33800   26000   13600   22600
     Q4   124400  129500  159400  162300  168500   63400   46400   19100   35300
2012 Q1        .  165100  129800  194600  255300  304800  105600   68200   81700
     Q2        .   27500   93300  136600  142900  154900   57300   38200   67200
     Q3     5800   23300   23600   23400   45500   80300   35600   18400   15900
     Q4    43900  115800   68300   56400   61100   81800   26900   28900   34700
2013 Q1        .  155400  378400  107000  201500  254000  215800   69600   90400
     Q2        .   48800  134000   94700  140300  113400   81300   55500   69100
     Q3     9500   36200   26800   14800   19200   58200   71400   37400   45200
     Q4    56900  229900  116200   43600   49400   41900   35100   10400   19000
2014 Q1        .  159800  463800  529800  207100  256800  212100  142600  119700
     Q2        .  129500  178700  233500   84900  130900  104200   67700   72500
     Q3    23600   31900   19600   41600   20300   21900   28900   27800   23700
     Q4   200000  149000  240500  198900   73100   78700   64700   47100   35000
2015 Q1        .  973000  318900  560900  670700  169300  171400  160800  213000
     Q2        .  119300  199300  298200  216700   84600   96400   88600  116700
     Q3     3200   53200   41000   67400   77000   26600   29000   40700   52900
     Q4    89900  270300  185800  338300  288500   97500   88100   80100   90900
2016 Q1        .  235500 1917400  383600  533700  435700  171200  251500  266100
     Q2        .  132500  367500  304300  355400  219000   88100  119200  218500
     Q3    10000   26100   79900   64100  110200   68500   19000   28300   75600
     Q4   311800  208000  650200  183000  189700  115000   53600   66800   69000
2017 Q1        .  336000  336000 1513700  358200  436800  227100  124200  171200
     Q2        .   87200  116700  450700  159500  179800  112300   38000  103200
     Q3    18600   66600   67400  252000   92900   79700   66900   26500   43100
     Q4   447700  493800  303400  682200  230100  227300  121200   59700   94100
2018 Q1        .  537900  439100  434900 1320500  361400  296800  212700  142900
     Q2        .  119200  255300  336200  540200  167900  154300   84000   88100
     Q3    12500   89700   47400   58100  131500   52800   39200   21300   26400
     Q4   197700  990800  538500  344800  645300  207100  173800   80800   77800
2019 Q1        .  175903  705925  486500  370156 1045710  231923  165172  110141
     Q2        .   45150  375697  264059  222621  383813  121408  131797   68592
     Q3   104217   46045   80954   67044   55536   80428   32591   28487   19173
     Q4   224178  149747  398846  309971  243468  447186   99381   71100   41449
2020 Q1        .  729474  256474  626567  304881  234057  418171   70274   87437
     Q2        .  175990  101100  306696  113629  141228  151143   37382   57886
     Q3     3627   93830   53323   91253   69452   59052  107885   20371   20116
     Q4   359750  645625  370411  399298  300714  228151  403403   71793   63032
2021 Q1        .  397867  931132  344008  368266  197286  168062  194977   48413
     Q2        .  110761  342868  197177  187276  144823   81326   67098   35119
     Q3     7692   50494   78172   42862   57142   32927   29277   23468   16414
     Q4    50692  132316  453000  247858  254551  144619   99267   87466   30030

Table  1    Sprat :   Seasonal catch numbers 

            Age 0    Age 1    Age 2    Age 3    Age 4    Age 5    Age 6    Age 7
                                                                                
1974 Q1         .   128151  1695970  3297730  1378900   198132   154350   145368
     Q2         .   545350  1228680  2710810  1101410   259147   215380   115744
     Q3      6425    24528   467561  1216290   400374    99086    55751    50482
     Q4    168982  1118370   943827  2310130   441912   237629   145413   137298
1975 Q1         .   162244  2322240  2140760  1389050   451943   278105   171025
     Q2         .   509768   568985  1208580  1068720   306883   165626    98495
     Q3         0      800   558657  1012420   995002   296988   151582    87088
     Q4         0    26597   543147  1031330   482561   158657   165903   132761
1976 Q1         .   781147   763751  1537070   772778    94842    64366    71752
     Q2         .  1015330   482589  1205580   655391   111760   100884    71733
     Q3     35257   388836   151963   488306   265067    57370    35956    42110
     Q4    338740  1220960   414665  1028790   438404   115906    37348    86130
1977 Q1         .   436948  2817090   539917   529226  1141950   175779    91687
     Q2         .   227585  1824730   306409   611166   526085   159526   104152
     Q3       847   249163   837469   139697   324237   167206    62865    63649
     Q4     35864   788481  1285790   174643   320433   199619    26883    84042
1978 Q1         .   132452   955715  1525630   108002   322202   247127    39032
     Q2         .    65071   774103  1848500   272401   413912   285178    28521
     Q3         0    38542   338050   473371    27908    74251    44741     6610
     Q4     71987   113912   197819   586419    18726    45857   118134     7403
1979 Q1         .   152994    68339   268209   754723    25280    55595   105103
     Q2         .   126280   123028   337651   864568    72576    59604   113999
     Q3        39    53241    28445    88218   366849     6948    16900    52955
     Q4     43931   409434    78219   120737   536055    14922    42744    94325
1980 Q1         .   156232   738773   192166   324150   575800    63900    40061
     Q2         .    20721   191321    60052    93616   324497    63756    11682
     Q3         0    63302    65910    34495    22490   114959    20020     6734
     Q4     42913   229087   126504    45956    37026   182773    15983    10066
1981 Q1         .    73109   196247   107070    15064    31458   154858     2288
     Q2         .   167882   143512    76035    33734    28462   115998     4636
     Q3      1701   183712    90694    71822    17469    24634    88766     3537
     Q4     20653  1503960   193796   108351    27081    23117   145320     3650
1982 Q1         .    87724  1859480   247127   176422    61470    44056    70211
     Q2         .    11972   192480    41891    30677     9457     9343    76696
     Q3         0    22822    87451    16822    13066     2396     3961    36965
     Q4     29998   105674   273010    48397    27198     6616     7615    60451
1983 Q1         .    55957    74401   169995    33058    20861     5477    12996
     Q2         .    61110    22263    68204    12142     9009     3025     3776
     Q3      3267   159025    20900    35508     9109     5033     1746     2042
     Q4    135821  1128020   121041   240904    51875    30660     2671     6838
1984 Q1         .    76272  1415390   218837   313182    58092    28651     6331
     Q2         .     5444   100595    20280    27912     6921     3272     1263
     Q3      1034   169942   115822    11054     8664     1338      421      205
     Q4     71999   493512   683571    90596    98261     8860     3917      427
1985 Q1         .    55898   791885  1531450   237326   138503    11129     7491
     Q2         .    42865   165230   271656   108586    30109     5808     2927
     Q3       400    67566    45807    71436    12503     9955      613      508
     Q4     33329   281667   420315   489793    69556    47532     5548     4225
1986 Q1         .   111067   471458   671336  1120410   154802    95565     3440
     Q2         .   101952   131168   351744   500926   120907    46516     5275
     Q3         0    11771    71102    71546   111095    24766    13306     1257
     Q4     17092    79072   291963   193851   314951    40715    28874     5408
1987 Q1         .    20457   139388   533932   887191   893965   102899    57349
     Q2         .    73852    75452   428766   695892   699085    92840    58215
     Q3         0    60501    10069    36987    10043    15687     2293     6005
     Q4      4203   561113   106942   196641    91436    93312    11408    12675
1988 Q1         .    46667  1828360   479429   720045   522367   495987    40403
     Q2         .    11575   483908   167289   222164   151541   107318     7913
     Q3     25623     3343    35399     9569    27262    11422    15424     1610
     Q4    123658    12360   332885    73275   131758    48764    98036     7736
1989 Q1         .   166838   503585   328609   242694   253137   243331    65222
     Q2         .    23609   121874   179052    93723   116897    98660    36826
     Q3     14887     9197    15528    36639    14594    35540    22205    15228
     Q4     49194   153459   194888   123084    49680    60813    33105    23032
1990 Q1         .   293428   631040   169663   278813   100085    95656    46832
     Q2         .    65027   771754    90114   249885    66264    98775    41631
     Q3         7   173963   112699     9041    49053     2016    20966      521
     Q4     16202   172480   260946    46157    81760    20356    20943     3137
1991 Q1         .   276882  1097920  1111910   211297   254161    51919    63580
     Q2         .   148199   663499   688044    79893   132762    40286    40341
     Q3     51064    36376    38106    28293     1102     7468      451     3734
     Q4    661265   380468   492175   278752    19328    62081    19100    59754
1992 Q1         .   607557  2309070  2749910  1676850   327431   263561    93616
     Q2         .    55822   931997  1156470   559200   161386   116050    59780
     Q3     18830   273518   148298   174738   113481    25093    16161     4172
     Q4    187507  1299590   672851   654265   360738   103864    79380    24058
1993 Q1         .   472164  2423630  1519400   758975   417755    77538    88384
     Q2         .   183152  1246110   735266   488060   219817    88125    69561
     Q3      8700    57031   272586   111456    74060    28614     5700     6482
     Q4     52818   936986  1389020   662072   455152   215045    45499    52850
1994 Q1         .   184988  2550390  3602530  1662030  1053590   375517    91817
     Q2         .   166439  2781720  2490470  1102850   692363   275883    47184
     Q3      4997    98986   459050   399228   132320    64556    23354     6974
     Q4    220420   452301  1662160  1350830   519501   310474    90436    37436
1995 Q1         .  1175400   495700  2453600  2496800  1318800   656500   293100
     Q2         .   700300   636400  1848300  2077500   977000   674300   205500
     Q3     11600   191100   179600   374200   228000    57800    47300    20700
     Q4    518800  3589800   696900  1499100  1370600   778100   384700    63800
1996 Q1         .  4803600 14926300  2404800  3334400  1630900   634600   296600
     Q2         .   979000  5905000   947900  1460700   953200   418800   232500
     Q3      8700   411800  1139600   229700   279000   188300    93000    32800
     Q4     62500  2072200  5203200  1076200  1411700   531500   347700   124800
1997 Q1         .   308666 10549800  9984760  3678010  2228150   961215   362149
     Q2         .   119971  5459670  5463340  1631770  1047640   365628   171026
     Q3     31450   119220  1050910  1083410   185796   173290    60969    27770
     Q4   1314150   882689  5938030  6685710   803310   635697   255144   117507
1998 Q1         .  4208960  1338090  9093760 10434600  1280040   769141   987640
     Q2         .  1790870   980130  3748040  5069300   791190   738552   765337
     Q3     16146  1062260   366199  1126800   902283   152811    82616    54365
     Q4    206711  3955370  1118130  3719030  3211280   434571   187453   149881
1999 Q1         .   356779  9088400  2717050  5345010  4380690   688547   600323
     Q2         .    41849  3699590  1126410  2569420  2680660   286337   371759
     Q3     15539   255751  1508030   389856   388565   469762    39899    65577
     Q4   1435080  1404640  5587000  1597870  1684130  1319820   167179   166543
2000 Q1         .  4019640  1264680  6955810  1353100  2115660  1988640   713624
     Q2         .  2089220   753088  4248270   846976  1147130   936524   427926
     Q3     25420  1039330   235535   804697   119578   187874   299133    63753
     Q4    357177  3386430   694870  2707930   550527   833480   852339   262756
2001 Q1         .  1377150  7023180  1140790  5228880  1119030  1377260  1722370
     Q2         .   444342  2115520   893750  2225170   504801   594214   357508
     Q3     68660   220348   628039   149570   367098    66503    79361   130864
     Q4    583980   733762  1790450   486261  1431240   308461   600591   575312
2002 Q1         .  2759380  2210990  4447470  1478610  2039720   550646  1500250
     Q2         .  1229960  1811670  3472830  1766690  1103940   260029   926694
     Q3    335976   890566   341537   702511   108783   298273    52391   511414
     Q4   1919330  1967040  1127580  1761500   430246   715474   164421  1386480
2003 Q1         .  3567860  3402680  2411390  2639060  1635520   834988  1230750
     Q2         .  1974200  2060920  1521710  1416170   375857   563857   415957
     Q3     48326   727933   449095   197617   271652    49533   111467    94688
     Q4   3914330  3096120  1196020   674676   740594   335135   392220   475004
2004 Q1         . 11061000  6469380  2660580  1540520  1728160   769462  1337370
     Q2         .  4213030  3004770  1529330   904717   997248   312368   665641
     Q3      1403  1437970   947795   324510    79815   151229    25605    73785
     Q4    212339  6551530  2672370   933132   561356   368955   226520   430668
2005 Q1         .  1467100 15582800  5532770  1530530   989494   449689   864288
     Q2         .   478079  8092190  3082910   790445   648123   269604   499355
     Q3    295297   183435  1779330   593475   134827    37635    30638    49272
     Q4   1620920   713975  5513540  2044850   477786   193003    93034   201995
2006 Q1         .  4175620  1528320 11638100  4001010   812715   401472   570396
     Q2         .  3461320   999198  5685190  1835040   347283   152181   256890
     Q3     64766   907193   213044  1116940   219076    43454    11183    28534
     Q4   1647350  2306990   524960  2657010   777112   176907    48795    79242
2007 Q1         .  6509520  5931500  1899100  7360570  2159430   338500   491913
     Q2         .  2943470  3628920  1150740  4235870  1034240   136430   176495
     Q3    119974   617204   434007   128013   445943   132091    28622    24634
     Q4   1377430  3725540  1973270   528475  1680230   529191   119582   146320
2008 Q1         .  1540120  8058900  3673030  1883490  3205670  1268130   405383
     Q2         .  1288550  3630700  1636440   643365  1335660   567052   139540
     Q3    338117   760187   802854   360855    90676   295622    76460    44995
     Q4   2158450  2801630  2984250  1012520   318276   880999   343533    71551
2009 Q1         . 11598900  5765420  6591940  2595720  1200510  1783040   810344
     Q2         .  3033050  1455380  2089600   787217   349630   615231   293529
     Q3     68538   721094   272287   341675   114787    53959   139402    73743
     Q4   1267680  5734200  1387020  1140510   404139   189058   298932   183700
2010 Q1         .  2510110 11016000  2728120  2349790   654900   451978   757728
     Q2         .   807525  5356530  1390890  1151650   388956   199544   402993
     Q3    100857   295718   721399   205630   156658    33144    35838    56173
     Q4   1675370   970401  4399140  1038480   576334   162447   193649   287673
2011 Q1         .  5518720  2008880  6721950  1498160   841579   246773   438287
     Q2         .  1413340  1397350  3514350   796120   382170   157057   247459
     Q3    206654   319081   276621   412727    69206    59583    17980    38346
     Q4    996780  1502200   651788  1830130   329183   171571   111637   207432
2012 Q1         .  2649550  3164740  1358070  3848680   723227   447075   454114
     Q2         .   748059  1533260  1001660  2310600   358847   179261   178719
     Q3     79731   335475   277292    85799   206746    35898    31698    22943
     Q4   1056860  1485110   736947   281947   674517   127842    78428    79479
2013 Q1         .  3028860  5509230  2532850  1347480  2225670   345660   402982
     Q2         .  1724610  2730680  1272350   795779  1115900   217141   126740
     Q3      4199   378921   312767   155829    56511   101170    21985    18138
     Q4    499007  1134900  1060200   540473   198044   404437    98202    79340
2014 Q1         .  2714370  5030190  4096850  1461310   909569   876048   423850
     Q2         .  1159830  1139200  1239200   417531   341779   247935   128090
     Q3    123212   181899   248538   177867    73060    19173    49585    18056
     Q4   1473880   855114  1201080   984689   421660   188080   228584   154284
2015 Q1         . 10427000  2586780  3142160  2094730   852820   438589   572986
     Q2         .  1506490  1104770  1188850   817641   252102   158302   195223
     Q3       621   751389   202028   168487    97744    22373    13385    29695
     Q4    382359  4372410   826731   621913   261955   117332    48796    79500
2016 Q1         .  1433740 11420800  2115790  1644870   847745   320064   571175
     Q2         .   665015  4226880  1188880   609640   196545    89322   112466
     Q3     20107    80905   583549   156777    95940    44794    18433    19799
     Q4    900088   794305  2289460   339845   197305   137365    80342   153452
2017 Q1         .  1701790  3206760 10176800  1942740   911733   365432   278742
     Q2         .   702714  1753050  3150060   638054   254501   103878   101777
     Q3      2919   168937   246915   682836   181873   111417    31378    76596
     Q4    821745  1006440   934282  2534030   433041   285963   174814   182550
2018 Q1         .  3375450  3658190  3786590  7419420  1186690   341129   230533
     Q2         .   929287  1441470  1451260  2857810   411224   151205    97300
     Q3     30109   207038   111616   132321   278201    36371    13414    19935
     Q4    749642  1766560  1285830  1103050  2239710   236981   104442   115330
2019 Q1         .  3551870  5148250  2953020  3194160  3852200   368804   261126
     Q2         .  1222920  2863590  1769160  1614070  2067910   217272   112534
     Q3      6402   312619   581847   136836   138142   276344    35157    25319
     Q4    836279   874686  1669720   701038   597162  1249240   155964   126870
2020 Q1         .  2806500  2794250  3252600  2377330  1686930  1526590   226528
     Q2         .   928869  1549520  1440160   852290   721178   913483   161894
     Q3      8364   496158   219513   232542    91828    64927   188826    27763
     Q4    856050  2208310  1092450  1294330   488057   344469   863607   158554
2021 Q1         .  2734290  7308280  3467400  3313980  1478020  1029770  1303190
     Q2         .   418789  1758590   784274   886010   278342   354057   341294
     Q3      2063   197453   395257   150142   116920   101987    50257   130647
     Q4    192871  1615470  1768810   800604   589943   260158   217478   341339
