
Table  1    Herring :   Mean length in the sea(mm) 

         Age 0 Age 1 Age 2 Age 3 Age 4 Age 5 Age 6 Age 7 Age 8
                                                              
1974 Q1      .   133   170   198   213   218   219   225   251
     Q2      .   150   179   197   206   211   202   209   230
     Q3    121   179   194   199   203   216   221   221   243
     Q4    121   175   187   203   211   214   213   221   240
1975 Q1      .   133   170   198   213   218   219   225   251
     Q2      .   150   179   197   206   211   202   209   230
     Q3    120   179   194   199   203   216   221   221   243
     Q4    121   173   187   203   211   214   213   221   239
1976 Q1      .   132   170   198   213   218   219   225   250
     Q2      .   150   179   197   206   211   202   209   231
     Q3    118   179   194   199   203   216   221   221   246
     Q4    121   171   187   203   211   214   213   221   242
1977 Q1      .   132   170   198   213   218   219   225   251
     Q2      .   150   179   197   206   211   202   209   231
     Q3    117   179   194   199   203   216   221   221   245
     Q4    121   169   187   203   211   214   213   221   241
1978 Q1      .   131   176   198   213   224   226   233   243
     Q2      .   150   194   197   203   207   210   218   226
     Q3    116   179   216   214   209   209   228   228   245
     Q4    120   168   197   201   207   213   218   224   241
1979 Q1      .   131   191   211   222   229   229   250   278
     Q2      .   150   203   217   208   210   218   225   235
     Q3    115   177   220   223   220   224   231   235   257
     Q4    120   166   208   221   226   226   225   238   257
1980 Q1      .   130   188   203   214   214   228   239   251
     Q2      .   150   176   197   209   199   217   227   240
     Q3    113   175   203   221   222   228   236   238   255
     Q4    120   164   185   208   224   222   233   239   254
1981 Q1      .   130   172   195   211   226   221   243   255
     Q2      .   150   169   193   207   213   210   227   244
     Q3    112   172   214   223   229   234   238   242   258
     Q4    119   162   188   206   221   228   232   238   262
1982 Q1      .   129   181   209   228   239   242   247   259
     Q2      .   150   169   182   198   217   223   218   251
     Q3    111   169   209   216   226   228   238   238   262
     Q4    119   161   193   199   214   225   232   238   259
1983 Q1      .   128   167   202   215   228   239   242   259
     Q2      .   150   161   198   194   211   223   231   248
     Q3    110   166   188   218   222   228   238   250   266
     Q4    118   159   172   195   202   216   225   234   242
1984 Q1      .   127   163   187   211   216   228   241   252
     Q2      .   148   154   179   210   209   226   233   247
     Q3    110   164   190   210   227   225   229   245   258
     Q4    118   157   169   193   214   211   221   232   255
1985 Q1      .   127   169   202   213   227   235   232   249
     Q2      .   146   165   204   213   228   219   230   248
     Q3    109   161   172   191   218   227   232   243   252
     Q4    117   156   154   177   199   214   219   231   248
1986 Q1      .   126   157   169   191   202   215   222   242
     Q2      .   144   150   169   193   207   213   227   242
     Q3    108   159   181   194   216   226   231   235   257
     Q4    116   154   172   179   204   213   224   230   251
1987 Q1      .   125   177   197   208   222   231   238   249
     Q2      .   142   167   184   190   207   214   221   243
     Q3    107   156   188   198   202   219   228   231   245
     Q4    116   152   179   182   188   204   215   222   245
1988 Q1      .   124   154   185   184   199   210   222   240
     Q2      .   140   147   188   198   197   214   219   242
     Q3    107   154   187   214   219   219   236   241   254
     Q4    115   151   169   187   198   207   216   227   244
1989 Q1      .   122   159   161   177   194   201   213   235
     Q2      .   138   167   172   201   206   209   224   234
     Q3    107   151   194   188   204   214   227   240   249
     Q4    114   149   181   176   197   211   215   227   245
1990 Q1      .   121   163   179   177   203   219   222   239
     Q2      .   136   167   190   187   215   220   218   230
     Q3    106   149   193   202   195   206   210   218   228
     Q4    113   147   181   191   181   206   207   221   222
1991 Q1      .   120   150   172   187   177   206   198   213
     Q2      .   135   147   169   190   177   201   198   208
     Q3    106   147   167   190   208   194   216   217   235
     Q4    112   146   161   179   195   182   204   194   217
1992 Q1      .   119   142   159   187   204   187   216   215
     Q2      .   133   145   163   184   195   190   214   214
     Q3    105   145   176   185   203   210   197   219   231
     Q4    112   144   159   176   198   214   199   208   216
1993 Q1      .   118   145   165   170   185   197   182   202
     Q2      .   132   147   167   174   187   194   191   213
     Q3    104   143   161   177   188   197   203   199   220
     Q4    110   143   150   169   182   193   206   203   228
1994 Q1      .   117   142   159   181   193   209   219   219
     Q2      .   130   145   157   172   182   195   209   206
     Q3    103   141   159   176   185   190   195   209   216
     Q4    109   141   154   165   182   182   191   209   209
1995 Q1      .   116   142   150   165   172   177   190   189
     Q2      .   129   145   159   167   176   181   191   201
     Q3    103   139   157   167   179   185   188   202   209
     Q4    108   140   152   165   174   185   190   199   201
1996 Q1      .   115   147   159   165   174   181   184   197
     Q2      .   128   134   150   159   165   172   179   194
     Q3    102   138   142   159   165   172   182   185   199
     Q4    107   138   139   154   165   169   176   184   202
1997 Q1      .   114   127   145   152   167   167   172   183
     Q2      .   127   127   145   163   167   176   185   189
     Q3    101   137   147   154   161   170   177   185   194
     Q4    106   137   145   152   159   163   170   170   171
1998 Q1      .   114   140   148   164   174   175   176   179
     Q2      .   126   136   149   164   170   181   183   192
     Q3    101   136   142   152   164   171   179   186   203
     Q4    105   136   147   154   162   169   177   175   201
1999 Q1      .   114   132   151   157   164   175   176   184
     Q2      .   126   133   152   159   166   175   180   190
     Q3    100   136   153   157   167   177   183   184   195
     Q4    104   136   152   158   162   172   181   184   207
2000 Q1      .   113   150   157   164   168   177   181   184
     Q2      .   126   145   159   163   168   175   180   176
     Q3     99   136   160   166   173   181   192   199   199
     Q4    104   135   160   164   167   174   181   189   192
2001 Q1      .   113   150   170   173   178   187   185   191
     Q2      .   126   145   167   174   181   184   189   184
     Q3     98   136   151   158   162   169   169   184   180
     Q4    103   135   161   169   170   178   181   183   185
2002 Q1      .   113   141   161   173   175   185   192   181
     Q2      .   126   147   158   168   178   179   188   195
     Q3     98   136   169   178   192   195   201   202   211
     Q4    102   134   162   172   183   191   192   195   201
2003 Q1      .   113   170   183   186   193   197   204   203
     Q2      .   126   151   164   170   178   189   196   207
     Q3     97   137   177   176   190   195   194   201   211
     Q4    102   134   155   165   181   180   194   204   209
2004 Q1      .   112   127   157   167   181   187   198   207
     Q2      .   126   135   169   169   186   187   197   207
     Q3     97   137   146   175   184   194   199   203   211
     Q4    102   134   137   162   174   185   192   195   203
2005 Q1      .   112   128   138   166   179   188   201   209
     Q2      .   127   135   149   170   178   191   193   206
     Q3     97   138   161   168   185   195   205   212   218
     Q4    101   134   146   154   166   178   195   198   209
2006 Q1      .   112   162   156   161   173   188   196   204
     Q2      .   127   169   160   162   183   194   202   210
     Q3     96   140   174   177   182   190   206   209   222
     Q4    101   135   142   155   162   171   190   198   205
2007 Q1      .   111   143   160   163   174   196   202   219
     Q2      .   128   164   167   175   173   189   200   213
     Q3     96   141   186   179   188   189   199   202   215
     Q4    101   135   152   155   172   175   182   198   206
2008 Q1      .   111   151   162   172   181   177   198   205
     Q2      .   128   152   156   165   181   172   187   195
     Q3     96   142   165   171   180   189   183   197   207
     Q4    101   136   160   164   171   183   181   189   200
2009 Q1      .   111   146   164   172   179   187   179   197
     Q2      .   129   144   155   159   172   180   173   191
     Q3     96   142   167   175   181   190   203   193   207
     Q4    101   136   154   171   168   183   194   184   193
2010 Q1      .   110   143   161   174   175   185   193   197
     Q2      .   129   139   157   171   169   174   191   187
     Q3     96   143   165   178   182   185   191   200   202
     Q4    101   136   149   165   175   181   191   195   195
2011 Q1      .   109   156   159   170   182   183   195   200
     Q2      .   129   144   151   170   180   180   196   195
     Q3     96   143   170   187   191   199   204   209   207
     Q4    101   136   152   165   181   184   190   197   189
2012 Q1      .   109   158   156   171   183   191   201   207
     Q2      .   128   171   167   172   188   191   192   208
     Q3     96   143   200   196   198   204   205   212   220
     Q4    101   137   171   169   183   198   206   210   226
2013 Q1      .   108   148   178   173   182   194   199   206
     Q2      .   128   157   183   176   183   200   200   208
     Q3     97   143   176   201   194   198   209   207   216
     Q4    100   137   153   165   171   185   192   203   206
2014 Q1      .   108   142   167   182   175   191   195   202
     Q2      .   128   151   166   186   176   187   196   207
     Q3     97   143   183   191   207   201   209   215   220
     Q4    100   137   156   168   178   182   199   204   207
2015 Q1      .   107   144   164   174   185   188   201   201
     Q2      .   128   152   162   177   190   188   196   204
     Q3     97   143   177   180   187   195   191   196   209
     Q4    100   138   163   166   176   183   183   189   198
2016 Q1      .   106   119   158   165   173   180   183   192
     Q2      .   128   135   156   166   175   179   188   195
     Q3     97   143   157   186   185   194   194   198   209
     Q4    100   138   142   170   177   184   193   199   203
2017 Q1      .   105   134   144   166   173   183   193   201
     Q2      .   127   144   147   168   174   183   201   200
     Q3     98   143   171   170   191   193   202   213   215
     Q4    100   138   157   163   182   186   191   200   203
2018 Q1      .   104   140   163   164   179   187   192   207
     Q2      .   127   147   165   167   182   186   188   200
     Q3     98   143   169   182   183   200   198   200   204
     Q4    100   138   149   169   171   198   189   190   200
2019 Q1      .   103   143   155   168   169   185   193   198
     Q2      .   126   146   154   169   177   189   195   202
     Q3     99   142   170   173   186   185   195   193   198
     Q4    100   139   161   166   179   176   188   188   200
2020 Q1      .   102   142   157   166   176   174   194   198
     Q2      .   125   146   161   170   182   185   200   203
     Q3     99   142   165   177   177   185   182   199   197
     Q4    100   139   155   169   172   179   178   191   189
2021 Q1      .   101   139   151   166   170   174   176   193
     Q2      .   125   150   146   166   164   176   186   194
     Q3    100   141   162   176   174   184   186   184   173
     Q4    100   140   154   160   169   172   181   179   184

Table  1    Sprat :   Mean length in the sea(mm) 

         Age 0 Age 1 Age 2 Age 3 Age 4 Age 5 Age 6 Age 7
                                                        
1974 Q1      .    86   118   125   131   131   134   131
     Q2      .    94   118   128   134   134   140   137
     Q3     71    98   121   134   137   137   140   137
     Q4     93   116   125   131   134   134   134   134
1975 Q1      .    87   118   125   131   131   134   131
     Q2      .    93   118   128   134   134   140   137
     Q3     72   100   121   134   137   137   140   137
     Q4     92   117   125   131   134   134   134   134
1976 Q1      .    88   118   125   131   131   134   131
     Q2      .    93   118   128   134   134   140   137
     Q3     73   102   121   134   137   137   140   137
     Q4     92   118   125   131   134   134   134   134
1977 Q1      .    88   118   125   131   131   134   131
     Q2      .    93   118   128   134   134   140   137
     Q3     74   104   121   134   137   137   140   137
     Q4     91   119   125   131   134   134   134   134
1978 Q1      .    89   118   125   134   134   137   131
     Q2      .    92   118   125   131   137   137   137
     Q3     75   105   121   131   134   134   134   137
     Q4     91   120   128   125   131   128   131   134
1979 Q1      .    89   121   128   131   137   137   134
     Q2      .    92   128   131   128   137   137   134
     Q3     76   107   121   134   134   137   140   140
     Q4     91   120   131   134   134   140   134   134
1980 Q1      .    90   118   131   134   134   140   137
     Q2      .    92   121   131   134   131   137   134
     Q3     77   108   125   134   134   134   140   137
     Q4     90   121   128   137   137   137   137   137
1981 Q1      .    90   131   134   137   137   134   140
     Q2      .    92   128   131   142   140   131   142
     Q3     77   109   125   134   137   137   137   142
     Q4     90   121   131   137   137   140   140   142
1982 Q1      .    90   118   131   137   140   140   137
     Q2      .    92   125   131   134   140   131   131
     Q3     78   110   131   137   137   140   137   137
     Q4     89   121   131   137   137   140   140   137
1983 Q1      .    90   118   128   134   137   140   140
     Q2      .    91   121   131   131   137   137   137
     Q3     78   110   121   131   137   134   140   140
     Q4     89   121   128   134   137   140   142   145
1984 Q1      .    90   114   128   134   137   140   140
     Q2      .    91   118   134   131   134   137   140
     Q3     79   111   121   131   134   140   137   137
     Q4     88   121   125   134   134   140   142   140
1985 Q1      .    91   114   125   131   137   140   140
     Q2      .    91   118   125   125   134   140   137
     Q3     79   111   125   131   137   134   145   140
     Q4     88   121   128   134   137   137   137   134
1986 Q1      .    91   118   125   131   134   137   140
     Q2      .    91   118   125   128   137   137   137
     Q3     79   111   128   131   134   134   142   140
     Q4     88   121   131   134   137   140   137   142
1987 Q1      .    91   125   131   137   137   140   142
     Q2      .    91   121   131   137   137   140   140
     Q3     80   111   125   131   134   137   134   140
     Q4     87   121   125   131   134   137   134   140
1988 Q1      .    91   118   121   128   134   134   137
     Q2      .    91   121   125   131   137   140   142
     Q3     80   111   128   131   137   140   140   145
     Q4     87   120   131   134   140   140   140   142
1989 Q1      .    91   121   131   131   137   140   142
     Q2      .    91   121   131   134   137   140   140
     Q3     80   111   128   134   137   140   140   142
     Q4     87   120   134   140   142   145   142   145
1990 Q1      .    90   128   131   137   140   140   145
     Q2      .    91   128   131   137   142   142   145
     Q3     80   111   128   131   134   142   137   145
     Q4     87   119   134   137   140   140   140   145
1991 Q1      .    90   128   134   137   140   142   142
     Q2      .    91   128   131   137   140   142   140
     Q3     80   111   131   131   137   140   140   140
     Q4     86   118   131   137   140   140   140   140
1992 Q1      .    90   125   134   134   140   142   142
     Q2      .    91   125   134   137   140   142   145
     Q3     80   110   128   131   137   140   140   145
     Q4     86   117   134   140   142   145   145   145
1993 Q1      .    90   114   125   125   125   131   134
     Q2      .    91   118   125   128   131   134   137
     Q3     81   109   109   118   125   128   125   131
     Q4     86   116   114   118   125   125   128   128
1994 Q1      .    89   114   125   131   134   134   137
     Q2      .    91   114   125   131   131   134   134
     Q3     81   108   118   125   128   131   134   134
     Q4     86   114   121   125   131   131   137   134
1995 Q1      .    88   121   121   128   131   131   131
     Q2      .    92   118   118   125   128   131   134
     Q3     81   107   114   118   121   125   125   125
     Q4     85   113   121   125   128   128   131   131
1996 Q1      .    88   105   118   121   128   131   128
     Q2      .    92   105   118   121   125   128   128
     Q3     81   106   105   118   118   121   121   121
     Q4     85   111   109   121   121   128   125   125
1997 Q1      .    87   105   109   118   125   128   128
     Q2      .    92   105   109   118   125   125   125
     Q3     82   106   109   114   121   125   125   128
     Q4     85   110   109   114   121   121   121   125
1998 Q1      .    87   107   111   114   120   121   123
     Q2      .    92   106   111   113   117   118   119
     Q3     82   106   108   112   115   122   124   119
     Q4     85   109   109   110   112   118   119   119
1999 Q1      .    87   106   112   113   114   121   122
     Q2      .    92   105   112   113   113   117   120
     Q3     83   106   112   117   117   118   121   123
     Q4     85   109   114   120   117   118   121   124
2000 Q1      .    86   114   116   119   121   123   128
     Q2      .    92   122   119   122   124   125   130
     Q3     83   106   124   120   122   122   124   123
     Q4     85   108   120   121   122   122   124   128
2001 Q1      .    86   113   121   118   121   119   120
     Q2      .    92   117   123   123   127   126   124
     Q3     84   107   117   123   121   126   123   124
     Q4     85   107   119   124   124   125   125   126
2002 Q1      .    85   114   117   121   120   120   104
     Q2      .    92   116   117   120   122   122   103
     Q3     84   107   121   121   125   123   125   104
     Q4     86   107   121   123   124   125   125    86
2003 Q1      .    85   117   121   121   123   122   120
     Q2      .    92   116   121   121   124   122   121
     Q3     84   107   120   123   121   126   121   122
     Q4     86   107   117   120   120   121   122   122
2004 Q1      .    85   107   121   122   122   123   122
     Q2      .    92   109   120   123   122   123   122
     Q3     85   108   109   117   121   120   122   120
     Q4     86   107   107   116   121   119   122   121
2005 Q1      .    85   101   108   120   121   123   121
     Q2      .    92   105   109   121   123   123   121
     Q3     85   108   110   115   121   124   124   125
     Q4     86   107   110   113   120   123   126   124
2006 Q1      .    84   108   110   112   120   121   122
     Q2      .    92   107   111   113   122   123   123
     Q3     85   108   110   112   117   122   128   125
     Q4     86   108   113   113   116   122   122   124
2007 Q1      .    84   106   112   113   115   120   122
     Q2      .    92   106   113   113   115   121   125
     Q3     84   109   117   121   120   123   124   129
     Q4     86   108   117   122   121   118   123   126
2008 Q1      .    84   113   116   118   118   119   123
     Q2      .    92   112   115   120   117   114   121
     Q3     84   109   120   121   124   122   122   127
     Q4     86   109   120   122   123   123   124   129
2009 Q1      .    84   113   119   121   123   120   121
     Q2      .    92   114   119   121   124   120   122
     Q3     83   109   120   123   124   124   124   124
     Q4     86   109   117   120   121   121   123   125
2010 Q1      .    84   108   116   120   122   122   120
     Q2      .    91   107   115   119   120   122   120
     Q3     83   109   116   124   125   125   123   127
     Q4     86   109   116   120   122   121   122   126
2011 Q1      .    84   111   115   120   122   124   123
     Q2      .    91   114   116   119   122   121   122
     Q3     83   109   121   121   123   127   125   126
     Q4     86   109   118   120   123   126   123   130
2012 Q1      .    84   113   120   120   123   124   124
     Q2      .    91   115   122   124   127   128   126
     Q3     83   109   121   126   127   128   127   128
     Q4     86   110   123   126   127   127   130   129
2013 Q1      .    84   115   122   126   126   128   127
     Q2      .    91   116   123   127   128   127   127
     Q3     83   109   119   125   127   127   129   128
     Q4     86   110   120   125   125   126   126   126
2014 Q1      .    84   112   119   123   126   126   124
     Q2      .    91   114   121   126   129   128   124
     Q3     83   109   119   124   128   131   129   129
     Q4     86   110   121   125   128   128   129   130
2015 Q1      .    84   115   120   123   126   128   126
     Q2      .    90   117   123   125   129   132   127
     Q3     83   109   117   122   124   129   131   125
     Q4     86   110   116   121   123   124   125   124
2016 Q1      .    84   103   116   121   123   127   126
     Q2      .    90   107   117   123   125   126   126
     Q3     83   109   114   124   127   127   129   128
     Q4     86   111   112   123   126   125   125   125
2017 Q1      .    84   107   111   119   123   124   124
     Q2      .    90   109   114   123   126   126   125
     Q3     84   109   116   118   122   124   126   125
     Q4     86   111   116   117   123   124   123   125
2018 Q1      .    84   111   114   116   120   124   124
     Q2      .    90   108   114   116   123   124   122
     Q3     84   108   115   120   119   124   126   125
     Q4     86   111   116   119   119   124   124   124
2019 Q1      .    84   107   115   118   118   124   124
     Q2      .    89   106   114   118   119   127   127
     Q3     85   108   113   119   122   119   125   124
     Q4     86   111   116   119   121   121   126   126
2020 Q1      .    84   113   116   119   121   121   125
     Q2      .    89   114   118   122   123   124   128
     Q3     85   107   116   119   124   124   120   123
     Q4     86   111   119   120   123   124   122   125
2021 Q1      .    84   109   115   117   120   122   121
     Q2      .    89   110   115   118   119   125   123
     Q3     86   107   114   120   120   123   127   122
     Q4     86   111   117   122   123   125   127   123
