
Table  1    Herring :   Mean weigh in the catcht(kg) 

         Age 0 Age 1 Age 2 Age 3 Age 4 Age 5 Age 6 Age 7 Age 8
                                                              
1974 Q1      . 0.012 0.030 0.048 0.060 0.065 0.066 0.072 0.101
     Q2      . 0.008 0.035 0.047 0.054 0.059 0.051 0.057 0.077
     Q3  0.011 0.041 0.045 0.049 0.052 0.063 0.068 0.068 0.092
     Q4  0.010 0.031 0.040 0.052 0.059 0.061 0.060 0.068 0.088
1975 Q1      . 0.012 0.030 0.048 0.060 0.065 0.066 0.072 0.101
     Q2      . 0.008 0.035 0.047 0.054 0.059 0.051 0.057 0.077
     Q3  0.011 0.041 0.045 0.049 0.052 0.063 0.068 0.068 0.092
     Q4  0.010 0.031 0.040 0.052 0.059 0.061 0.060 0.068 0.086
1976 Q1      . 0.012 0.030 0.048 0.060 0.065 0.066 0.072 0.100
     Q2      . 0.008 0.035 0.047 0.054 0.059 0.051 0.057 0.078
     Q3  0.011 0.041 0.045 0.049 0.052 0.063 0.068 0.068 0.094
     Q4  0.010 0.031 0.040 0.052 0.059 0.061 0.060 0.068 0.090
1977 Q1      . 0.012 0.030 0.048 0.060 0.065 0.066 0.072 0.101
     Q2      . 0.008 0.035 0.047 0.054 0.059 0.051 0.057 0.078
     Q3  0.011 0.041 0.045 0.049 0.052 0.063 0.068 0.068 0.093
     Q4  0.010 0.031 0.040 0.052 0.059 0.061 0.060 0.068 0.089
1978 Q1      . 0.019 0.033 0.048 0.060 0.071 0.073 0.080 0.091
     Q2      . 0.007 0.045 0.047 0.052 0.055 0.058 0.065 0.073
     Q3  0.005 0.033 0.063 0.061 0.057 0.057 0.075 0.075 0.094
     Q4  0.016 0.033 0.047 0.050 0.055 0.060 0.065 0.071 0.089
1979 Q1      . 0.014 0.043 0.059 0.069 0.076 0.076 0.100 0.140
     Q2      . 0.007 0.052 0.064 0.056 0.058 0.065 0.072 0.082
     Q3  0.006 0.035 0.067 0.070 0.067 0.071 0.078 0.082 0.108
     Q4  0.007 0.028 0.056 0.068 0.073 0.073 0.072 0.085 0.109
1980 Q1      . 0.016 0.041 0.052 0.061 0.061 0.075 0.087 0.101
     Q2      . 0.010 0.033 0.047 0.057 0.049 0.064 0.074 0.087
     Q3  0.007 0.027 0.052 0.068 0.069 0.075 0.083 0.086 0.107
     Q4  0.009 0.021 0.039 0.056 0.071 0.069 0.080 0.087 0.105
1981 Q1      . 0.014 0.031 0.046 0.059 0.073 0.068 0.091 0.106
     Q2      . 0.019 0.029 0.044 0.055 0.060 0.058 0.074 0.092
     Q3  0.007 0.045 0.061 0.070 0.076 0.081 0.085 0.090 0.111
     Q4  0.007 0.029 0.041 0.054 0.068 0.075 0.079 0.085 0.116
1982 Q1      . 0.012 0.036 0.057 0.075 0.087 0.090 0.096 0.112
     Q2      . 0.008 0.029 0.037 0.048 0.064 0.070 0.065 0.101
     Q3  0.009 0.028 0.057 0.063 0.073 0.075 0.086 0.086 0.115
     Q4  0.008 0.022 0.044 0.049 0.061 0.072 0.079 0.085 0.111
1983 Q1      . 0.009 0.028 0.051 0.062 0.075 0.087 0.090 0.112
     Q2      . 0.006 0.025 0.048 0.045 0.059 0.070 0.078 0.097
     Q3  0.008 0.023 0.041 0.065 0.069 0.075 0.086 0.100 0.122
     Q4  0.011 0.023 0.031 0.046 0.051 0.063 0.072 0.081 0.090
1984 Q1      . 0.013 0.026 0.040 0.059 0.063 0.075 0.089 0.102
     Q2      . 0.007 0.022 0.035 0.058 0.057 0.073 0.080 0.095
     Q3  0.008 0.021 0.042 0.058 0.074 0.072 0.076 0.094 0.110
     Q4  0.009 0.019 0.029 0.044 0.061 0.059 0.068 0.079 0.106
1985 Q1      . 0.011 0.029 0.051 0.060 0.074 0.082 0.079 0.099
     Q2      . 0.010 0.027 0.053 0.060 0.075 0.066 0.077 0.097
     Q3  0.009 0.020 0.031 0.043 0.065 0.074 0.079 0.091 0.103
     Q4  0.014 0.021 0.022 0.034 0.049 0.061 0.066 0.078 0.098
1986 Q1      . 0.011 0.023 0.029 0.043 0.051 0.062 0.069 0.090
     Q2      . 0.009 0.020 0.029 0.044 0.055 0.060 0.074 0.090
     Q3  0.007 0.023 0.036 0.045 0.063 0.073 0.078 0.082 0.108
     Q4  0.008 0.025 0.031 0.035 0.053 0.060 0.071 0.077 0.101
1987 Q1      . 0.019 0.034 0.047 0.056 0.069 0.078 0.086 0.099
     Q2      . 0.010 0.028 0.038 0.042 0.055 0.061 0.068 0.091
     Q3  0.006 0.016 0.041 0.048 0.051 0.066 0.075 0.078 0.094
     Q4  0.007 0.018 0.035 0.037 0.041 0.053 0.062 0.069 0.093
1988 Q1      . 0.009 0.022 0.039 0.038 0.049 0.058 0.069 0.088
     Q2      . 0.012 0.019 0.041 0.048 0.047 0.061 0.066 0.090
     Q3  0.006 0.030 0.040 0.061 0.066 0.066 0.083 0.089 0.105
     Q4  0.009 0.027 0.029 0.040 0.048 0.055 0.063 0.074 0.092
1989 Q1      . 0.011 0.024 0.025 0.034 0.045 0.050 0.060 0.082
     Q2      . 0.010 0.028 0.031 0.050 0.054 0.057 0.071 0.081
     Q3  0.005 0.024 0.045 0.041 0.053 0.061 0.074 0.088 0.099
     Q4  0.008 0.024 0.036 0.033 0.047 0.059 0.062 0.074 0.094
1990 Q1      . 0.008 0.026 0.035 0.034 0.052 0.066 0.069 0.087
     Q2      . 0.008 0.028 0.042 0.040 0.062 0.067 0.065 0.077
     Q3  0.011 0.032 0.044 0.051 0.046 0.054 0.058 0.065 0.074
     Q4  0.010 0.021 0.036 0.043 0.036 0.054 0.055 0.068 0.069
1991 Q1      . 0.007 0.020 0.031 0.040 0.034 0.054 0.048 0.061
     Q2      . 0.008 0.019 0.029 0.042 0.034 0.050 0.048 0.056
     Q3  0.006 0.020 0.028 0.042 0.056 0.045 0.063 0.064 0.082
     Q4  0.010 0.021 0.025 0.035 0.046 0.037 0.053 0.045 0.064
1992 Q1      . 0.008 0.017 0.024 0.040 0.053 0.040 0.063 0.062
     Q2      . 0.008 0.018 0.026 0.038 0.046 0.042 0.061 0.061
     Q3  0.005 0.014 0.033 0.039 0.052 0.058 0.047 0.066 0.078
     Q4  0.007 0.015 0.024 0.033 0.048 0.061 0.049 0.056 0.063
1993 Q1      . 0.008 0.018 0.027 0.030 0.039 0.047 0.037 0.051
     Q2      . 0.006 0.019 0.028 0.032 0.040 0.045 0.043 0.060
     Q3  0.006 0.015 0.025 0.034 0.041 0.047 0.052 0.049 0.066
     Q4  0.008 0.016 0.020 0.029 0.037 0.044 0.054 0.052 0.075
1994 Q1      . 0.009 0.017 0.024 0.036 0.044 0.057 0.066 0.066
     Q2      . 0.008 0.018 0.023 0.031 0.037 0.046 0.057 0.055
     Q3  0.007 0.018 0.024 0.033 0.039 0.042 0.046 0.057 0.063
     Q4  0.007 0.017 0.022 0.027 0.037 0.037 0.043 0.057 0.057
1995 Q1      . 0.010 0.017 0.020 0.027 0.031 0.034 0.042 0.042
     Q2      . 0.006 0.018 0.024 0.028 0.033 0.036 0.043 0.051
     Q3  0.010 0.013 0.023 0.028 0.035 0.039 0.041 0.051 0.057
     Q4  0.008 0.014 0.021 0.027 0.032 0.039 0.042 0.049 0.051
1996 Q1      . 0.015 0.019 0.024 0.027 0.032 0.036 0.038 0.047
     Q2      . 0.005 0.014 0.020 0.024 0.027 0.031 0.035 0.045
     Q3  0.003 0.011 0.017 0.024 0.027 0.031 0.037 0.039 0.049
     Q4  0.004 0.011 0.016 0.022 0.027 0.029 0.033 0.038 0.051
1997 Q1      . 0.007 0.012 0.018 0.021 0.028 0.028 0.031 0.037
     Q2      . 0.006 0.012 0.018 0.026 0.028 0.033 0.039 0.041
     Q3  0.005 0.014 0.019 0.022 0.025 0.030 0.034 0.039 0.045
     Q4  0.006 0.013 0.018 0.021 0.024 0.026 0.030 0.030 0.030
1998 Q1      . 0.008 0.016 0.019 0.026 0.032 0.032 0.033 0.035
     Q2      . 0.006 0.015 0.020 0.027 0.030 0.036 0.038 0.044
     Q3  0.004 0.012 0.017 0.021 0.027 0.030 0.035 0.039 0.052
     Q4  0.006 0.012 0.019 0.022 0.026 0.029 0.034 0.033 0.050
1999 Q1      . 0.009 0.013 0.020 0.023 0.026 0.032 0.033 0.038
     Q2      . 0.007 0.014 0.021 0.024 0.028 0.033 0.036 0.042
     Q3  0.008 0.017 0.021 0.023 0.028 0.034 0.038 0.038 0.045
     Q4  0.007 0.017 0.021 0.024 0.025 0.031 0.036 0.038 0.056
2000 Q1      . 0.010 0.020 0.023 0.027 0.029 0.034 0.036 0.038
     Q2      . 0.009 0.018 0.024 0.026 0.028 0.033 0.035 0.033
     Q3  0.005 0.014 0.025 0.028 0.031 0.036 0.043 0.049 0.049
     Q4  0.008 0.015 0.025 0.026 0.028 0.032 0.036 0.042 0.043
2001 Q1      . 0.009 0.020 0.030 0.031 0.034 0.040 0.039 0.043
     Q2      . 0.009 0.018 0.028 0.032 0.036 0.038 0.042 0.038
     Q3  0.006 0.016 0.020 0.024 0.026 0.029 0.029 0.038 0.036
     Q4  0.007 0.020 0.025 0.029 0.030 0.035 0.036 0.038 0.039
2002 Q1      . 0.007 0.017 0.025 0.031 0.033 0.039 0.044 0.036
     Q2      . 0.010 0.019 0.024 0.029 0.034 0.035 0.041 0.046
     Q3  0.005 0.016 0.029 0.034 0.044 0.046 0.050 0.051 0.058
     Q4  0.006 0.018 0.026 0.031 0.038 0.043 0.043 0.046 0.050
2003 Q1      . 0.007 0.030 0.038 0.039 0.044 0.047 0.053 0.052
     Q2      . 0.005 0.020 0.027 0.030 0.034 0.042 0.046 0.055
     Q3  0.005 0.011 0.034 0.033 0.042 0.046 0.045 0.050 0.059
     Q4  0.006 0.012 0.022 0.027 0.036 0.036 0.045 0.052 0.057
2004 Q1      . 0.005 0.012 0.023 0.028 0.036 0.040 0.048 0.055
     Q2      . 0.008 0.015 0.029 0.029 0.040 0.040 0.047 0.055
     Q3  0.005 0.012 0.018 0.032 0.038 0.045 0.049 0.052 0.058
     Q4  0.006 0.010 0.015 0.026 0.032 0.039 0.043 0.046 0.052
2005 Q1      . 0.008 0.012 0.016 0.028 0.035 0.041 0.050 0.057
     Q2      . 0.011 0.015 0.019 0.030 0.034 0.043 0.045 0.055
     Q3  0.007 0.022 0.025 0.029 0.039 0.046 0.054 0.059 0.065
     Q4  0.005 0.016 0.019 0.022 0.028 0.034 0.045 0.048 0.057
2006 Q1      . 0.008 0.026 0.023 0.025 0.032 0.041 0.047 0.053
     Q2      . 0.013 0.029 0.025 0.026 0.037 0.045 0.051 0.058
     Q3  0.004 0.018 0.032 0.033 0.037 0.042 0.054 0.057 0.069
     Q4  0.005 0.012 0.017 0.022 0.026 0.030 0.042 0.048 0.053
2007 Q1      . 0.007 0.017 0.025 0.026 0.032 0.047 0.051 0.066
     Q2      . 0.009 0.026 0.028 0.033 0.032 0.041 0.049 0.060
     Q3  0.005 0.022 0.039 0.035 0.041 0.041 0.049 0.051 0.062
     Q4  0.006 0.015 0.021 0.022 0.031 0.032 0.037 0.048 0.054
2008 Q1      . 0.007 0.020 0.026 0.031 0.036 0.033 0.048 0.054
     Q2      . 0.007 0.021 0.023 0.027 0.036 0.031 0.040 0.046
     Q3  0.005 0.013 0.027 0.031 0.035 0.041 0.037 0.047 0.055
     Q4  0.006 0.016 0.025 0.027 0.030 0.037 0.036 0.041 0.049
2009 Q1      . 0.009 0.018 0.026 0.031 0.035 0.040 0.035 0.047
     Q2      . 0.007 0.018 0.022 0.024 0.031 0.036 0.031 0.043
     Q3  0.005 0.017 0.028 0.032 0.036 0.042 0.052 0.044 0.055
     Q4  0.006 0.014 0.022 0.030 0.029 0.037 0.045 0.038 0.044
2010 Q1      . 0.011 0.017 0.025 0.032 0.033 0.039 0.044 0.048
     Q2      . 0.007 0.016 0.023 0.030 0.029 0.032 0.043 0.040
     Q3  0.005 0.014 0.027 0.035 0.037 0.039 0.043 0.050 0.051
     Q4  0.005 0.013 0.020 0.027 0.032 0.036 0.043 0.046 0.046
2011 Q1      . 0.011 0.023 0.024 0.030 0.037 0.038 0.046 0.049
     Q2      . 0.008 0.018 0.021 0.030 0.036 0.036 0.047 0.046
     Q3  0.004 0.016 0.030 0.040 0.043 0.049 0.052 0.056 0.055
     Q4  0.006 0.015 0.021 0.027 0.036 0.038 0.042 0.048 0.042
2012 Q1      . 0.009 0.024 0.023 0.030 0.038 0.043 0.050 0.055
     Q2      . 0.011 0.030 0.028 0.031 0.041 0.043 0.044 0.056
     Q3  0.006 0.027 0.050 0.047 0.048 0.053 0.053 0.059 0.067
     Q4  0.008 0.020 0.031 0.029 0.037 0.048 0.054 0.058 0.073
2013 Q1      . 0.008 0.019 0.034 0.031 0.037 0.045 0.049 0.054
     Q2      . 0.008 0.023 0.037 0.033 0.038 0.050 0.049 0.056
     Q3  0.005 0.016 0.033 0.051 0.045 0.048 0.057 0.055 0.063
     Q4  0.007 0.015 0.022 0.027 0.030 0.039 0.044 0.052 0.054
2014 Q1      . 0.007 0.017 0.028 0.037 0.033 0.043 0.046 0.051
     Q2      . 0.008 0.020 0.027 0.040 0.033 0.040 0.046 0.055
     Q3  0.004 0.022 0.038 0.043 0.055 0.051 0.057 0.062 0.066
     Q4  0.004 0.019 0.023 0.029 0.034 0.037 0.049 0.053 0.055
2015 Q1      . 0.004 0.018 0.027 0.032 0.039 0.041 0.050 0.050
     Q2      . 0.009 0.021 0.026 0.034 0.042 0.041 0.047 0.053
     Q3  0.006 0.016 0.034 0.036 0.040 0.046 0.043 0.047 0.056
     Q4  0.006 0.015 0.026 0.028 0.033 0.038 0.038 0.042 0.048
2016 Q1      . 0.006 0.010 0.023 0.027 0.032 0.036 0.038 0.044
     Q2      . 0.006 0.015 0.023 0.028 0.033 0.035 0.041 0.046
     Q3  0.005 0.021 0.023 0.039 0.039 0.045 0.045 0.048 0.057
     Q4  0.006 0.012 0.017 0.030 0.034 0.038 0.044 0.049 0.052
2017 Q1      . 0.005 0.014 0.018 0.028 0.031 0.037 0.044 0.050
     Q2      . 0.007 0.018 0.019 0.028 0.032 0.038 0.050 0.049
     Q3  0.007 0.016 0.030 0.030 0.043 0.044 0.051 0.060 0.063
     Q4  0.005 0.015 0.023 0.026 0.037 0.040 0.043 0.050 0.052
2018 Q1      . 0.006 0.016 0.026 0.027 0.035 0.040 0.044 0.055
     Q2      . 0.007 0.019 0.027 0.028 0.037 0.040 0.041 0.049
     Q3  0.005 0.016 0.029 0.037 0.037 0.049 0.048 0.049 0.053
     Q4  0.005 0.014 0.020 0.029 0.030 0.048 0.042 0.042 0.050
2019 Q1      . 0.008 0.017 0.022 0.029 0.029 0.039 0.044 0.048
     Q2      . 0.006 0.019 0.022 0.029 0.034 0.042 0.045 0.051
     Q3  0.005 0.014 0.030 0.032 0.040 0.039 0.046 0.044 0.048
     Q4  0.007 0.018 0.025 0.028 0.035 0.033 0.041 0.041 0.049
2020 Q1      . 0.006 0.017 0.023 0.027 0.033 0.032 0.045 0.048
     Q2      . 0.011 0.019 0.025 0.030 0.037 0.039 0.049 0.052
     Q3  0.007 0.020 0.027 0.034 0.034 0.039 0.037 0.049 0.047
     Q4  0.005 0.017 0.022 0.029 0.031 0.035 0.034 0.043 0.041
2021 Q1      . 0.006 0.016 0.020 0.027 0.030 0.032 0.033 0.045
     Q2      . 0.009 0.020 0.019 0.028 0.026 0.033 0.039 0.045
     Q3  0.004 0.014 0.025 0.033 0.032 0.038 0.039 0.038 0.031
     Q4  0.006 0.015 0.022 0.025 0.029 0.031 0.036 0.035 0.038

Table  1    Sprat :   Mean weigh in the catcht(kg) 

         Age 0 Age 1 Age 2 Age 3 Age 4 Age 5 Age 6 Age 7
                                                        
1974 Q1      . 0.004 0.010 0.012 0.014 0.014 0.015 0.014
     Q2      . 0.005 0.010 0.013 0.015 0.015 0.017 0.016
     Q3  0.002 0.006 0.011 0.015 0.016 0.016 0.017 0.016
     Q4  0.005 0.010 0.012 0.014 0.015 0.015 0.015 0.015
1975 Q1      . 0.004 0.010 0.012 0.014 0.014 0.015 0.014
     Q2      . 0.005 0.010 0.013 0.015 0.015 0.017 0.016
     Q3  0.000 0.006 0.011 0.015 0.016 0.016 0.017 0.016
     Q4  0.000 0.010 0.012 0.014 0.015 0.015 0.015 0.015
1976 Q1      . 0.004 0.010 0.012 0.014 0.014 0.015 0.014
     Q2      . 0.005 0.010 0.013 0.015 0.015 0.017 0.016
     Q3  0.002 0.006 0.011 0.015 0.016 0.016 0.017 0.016
     Q4  0.005 0.010 0.012 0.014 0.015 0.015 0.015 0.015
1977 Q1      . 0.004 0.010 0.012 0.014 0.014 0.015 0.014
     Q2      . 0.005 0.010 0.013 0.015 0.015 0.017 0.016
     Q3  0.002 0.006 0.011 0.015 0.016 0.016 0.017 0.016
     Q4  0.005 0.010 0.012 0.014 0.015 0.015 0.015 0.015
1978 Q1      . 0.005 0.010 0.012 0.015 0.015 0.016 0.014
     Q2      . 0.005 0.010 0.012 0.014 0.016 0.016 0.016
     Q3  0.000 0.008 0.011 0.014 0.015 0.015 0.015 0.016
     Q4  0.004 0.013 0.013 0.012 0.014 0.013 0.014 0.015
1979 Q1      . 0.004 0.011 0.013 0.014 0.016 0.016 0.015
     Q2      . 0.004 0.013 0.014 0.013 0.016 0.016 0.015
     Q3  0.003 0.007 0.011 0.015 0.015 0.016 0.017 0.017
     Q4  0.005 0.011 0.014 0.015 0.015 0.017 0.015 0.015
1980 Q1      . 0.004 0.010 0.014 0.015 0.015 0.017 0.016
     Q2      . 0.004 0.011 0.014 0.015 0.014 0.016 0.015
     Q3  0.000 0.008 0.012 0.015 0.015 0.015 0.017 0.016
     Q4  0.003 0.009 0.013 0.016 0.016 0.016 0.016 0.016
1981 Q1      . 0.004 0.014 0.015 0.016 0.016 0.015 0.017
     Q2      . 0.004 0.013 0.014 0.018 0.017 0.014 0.018
     Q3  0.003 0.009 0.012 0.015 0.016 0.016 0.016 0.018
     Q4  0.004 0.010 0.014 0.016 0.016 0.017 0.017 0.018
1982 Q1      . 0.004 0.010 0.014 0.016 0.017 0.017 0.016
     Q2      . 0.004 0.012 0.014 0.015 0.017 0.014 0.014
     Q3  0.000 0.007 0.014 0.016 0.016 0.017 0.016 0.016
     Q4  0.004 0.011 0.014 0.016 0.016 0.017 0.017 0.016
1983 Q1      . 0.004 0.010 0.013 0.015 0.016 0.017 0.017
     Q2      . 0.006 0.011 0.014 0.014 0.016 0.016 0.016
     Q3  0.003 0.006 0.011 0.014 0.016 0.015 0.017 0.017
     Q4  0.004 0.010 0.013 0.015 0.016 0.017 0.018 0.019
1984 Q1      . 0.004 0.009 0.013 0.015 0.016 0.017 0.017
     Q2      . 0.005 0.010 0.015 0.014 0.015 0.016 0.017
     Q3  0.003 0.008 0.011 0.014 0.015 0.017 0.016 0.016
     Q4  0.004 0.009 0.012 0.015 0.015 0.017 0.018 0.017
1985 Q1      . 0.004 0.009 0.012 0.014 0.016 0.017 0.017
     Q2      . 0.004 0.010 0.012 0.012 0.015 0.017 0.016
     Q3  0.004 0.009 0.012 0.014 0.016 0.015 0.019 0.017
     Q4  0.004 0.010 0.013 0.015 0.016 0.016 0.016 0.015
1986 Q1      . 0.004 0.010 0.012 0.014 0.015 0.016 0.017
     Q2      . 0.004 0.010 0.012 0.013 0.016 0.016 0.016
     Q3  0.000 0.010 0.013 0.014 0.015 0.015 0.018 0.017
     Q4  0.004 0.011 0.014 0.015 0.016 0.017 0.016 0.018
1987 Q1      . 0.005 0.012 0.014 0.016 0.016 0.017 0.018
     Q2      . 0.005 0.011 0.014 0.016 0.016 0.017 0.017
     Q3  0.000 0.009 0.012 0.014 0.015 0.016 0.015 0.017
     Q4  0.004 0.011 0.012 0.014 0.015 0.016 0.015 0.017
1988 Q1      . 0.004 0.010 0.011 0.013 0.015 0.015 0.016
     Q2      . 0.004 0.011 0.012 0.014 0.016 0.017 0.018
     Q3  0.003 0.010 0.013 0.014 0.016 0.017 0.017 0.019
     Q4  0.005 0.012 0.014 0.015 0.017 0.017 0.017 0.018
1989 Q1      . 0.005 0.011 0.014 0.014 0.016 0.017 0.018
     Q2      . 0.005 0.011 0.014 0.015 0.016 0.017 0.017
     Q3  0.003 0.010 0.013 0.015 0.016 0.017 0.017 0.018
     Q4  0.005 0.014 0.015 0.017 0.018 0.019 0.018 0.019
1990 Q1      . 0.007 0.013 0.014 0.016 0.017 0.017 0.019
     Q2      . 0.005 0.013 0.014 0.016 0.018 0.018 0.019
     Q3  0.003 0.009 0.013 0.014 0.015 0.018 0.016 0.019
     Q4  0.004 0.012 0.015 0.016 0.017 0.017 0.017 0.019
1991 Q1      . 0.006 0.013 0.015 0.016 0.017 0.018 0.018
     Q2      . 0.005 0.013 0.014 0.016 0.017 0.018 0.017
     Q3  0.004 0.010 0.014 0.014 0.016 0.017 0.017 0.017
     Q4  0.004 0.012 0.014 0.016 0.017 0.017 0.017 0.017
1992 Q1      . 0.004 0.012 0.015 0.015 0.017 0.018 0.018
     Q2      . 0.005 0.012 0.015 0.016 0.017 0.018 0.019
     Q3  0.003 0.009 0.013 0.014 0.016 0.017 0.017 0.019
     Q4  0.005 0.012 0.015 0.017 0.018 0.019 0.019 0.019
1993 Q1      . 0.003 0.009 0.012 0.012 0.012 0.014 0.015
     Q2      . 0.004 0.010 0.012 0.013 0.014 0.015 0.016
     Q3  0.003 0.005 0.008 0.010 0.012 0.013 0.012 0.014
     Q4  0.003 0.007 0.009 0.010 0.012 0.012 0.013 0.013
1994 Q1      . 0.004 0.009 0.012 0.014 0.015 0.015 0.016
     Q2      . 0.005 0.009 0.012 0.014 0.014 0.015 0.015
     Q3  0.002 0.009 0.010 0.012 0.013 0.014 0.015 0.015
     Q4  0.003 0.010 0.011 0.012 0.014 0.014 0.016 0.015
1995 Q1      . 0.004 0.011 0.011 0.013 0.014 0.014 0.014
     Q2      . 0.004 0.010 0.010 0.012 0.013 0.014 0.015
     Q3  0.002 0.006 0.009 0.010 0.011 0.012 0.012 0.012
     Q4  0.003 0.008 0.011 0.012 0.013 0.013 0.014 0.014
1996 Q1      . 0.003 0.007 0.010 0.011 0.013 0.014 0.013
     Q2      . 0.003 0.007 0.010 0.011 0.012 0.013 0.013
     Q3  0.003 0.006 0.007 0.010 0.010 0.011 0.011 0.011
     Q4  0.003 0.007 0.008 0.011 0.011 0.013 0.012 0.012
1997 Q1      . 0.003 0.007 0.008 0.010 0.012 0.013 0.013
     Q2      . 0.005 0.007 0.008 0.010 0.012 0.012 0.012
     Q3  0.002 0.006 0.008 0.009 0.011 0.012 0.012 0.013
     Q4  0.002 0.007 0.008 0.009 0.011 0.011 0.011 0.012
1998 Q1      . 0.003 0.007 0.008 0.009 0.011 0.011 0.012
     Q2      . 0.003 0.007 0.008 0.009 0.010 0.010 0.010
     Q3  0.005 0.006 0.008 0.009 0.009 0.011 0.012 0.010
     Q4  0.005 0.007 0.008 0.008 0.009 0.010 0.010 0.010
1999 Q1      . 0.005 0.007 0.009 0.009 0.009 0.011 0.011
     Q2      . 0.005 0.007 0.009 0.009 0.009 0.010 0.011
     Q3  0.004 0.005 0.009 0.010 0.010 0.010 0.011 0.011
     Q4  0.003 0.004 0.009 0.011 0.010 0.010 0.011 0.012
2000 Q1      . 0.004 0.009 0.009 0.010 0.011 0.011 0.013
     Q2      . 0.005 0.011 0.010 0.011 0.012 0.012 0.014
     Q3  0.003 0.008 0.012 0.011 0.011 0.011 0.012 0.012
     Q4  0.004 0.008 0.011 0.011 0.011 0.011 0.012 0.013
2001 Q1      . 0.004 0.009 0.011 0.010 0.011 0.010 0.011
     Q2      . 0.007 0.010 0.011 0.012 0.013 0.012 0.012
     Q3  0.005 0.008 0.010 0.011 0.011 0.012 0.012 0.012
     Q4  0.004 0.009 0.010 0.012 0.012 0.012 0.012 0.012
2002 Q1      . 0.004 0.009 0.010 0.011 0.011 0.011 0.007
     Q2      . 0.006 0.010 0.010 0.011 0.011 0.011 0.007
     Q3  0.004 0.010 0.011 0.011 0.012 0.011 0.012 0.007
     Q4  0.004 0.010 0.011 0.011 0.012 0.012 0.012 0.004
2003 Q1      . 0.003 0.010 0.011 0.011 0.011 0.011 0.011
     Q2      . 0.004 0.010 0.011 0.011 0.012 0.011 0.011
     Q3  0.003 0.007 0.011 0.011 0.011 0.012 0.011 0.011
     Q4  0.003 0.007 0.010 0.011 0.011 0.011 0.011 0.011
2004 Q1      . 0.003 0.007 0.011 0.011 0.011 0.011 0.011
     Q2      . 0.004 0.008 0.011 0.012 0.011 0.011 0.011
     Q3  0.003 0.008 0.008 0.010 0.011 0.011 0.011 0.011
     Q4  0.004 0.006 0.008 0.010 0.011 0.010 0.011 0.011
2005 Q1      . 0.003 0.006 0.008 0.011 0.011 0.012 0.011
     Q2      . 0.004 0.007 0.008 0.011 0.011 0.012 0.011
     Q3  0.004 0.008 0.008 0.009 0.011 0.012 0.012 0.012
     Q4  0.004 0.007 0.008 0.009 0.011 0.011 0.012 0.012
2006 Q1      . 0.004 0.008 0.008 0.009 0.011 0.011 0.011
     Q2      . 0.004 0.007 0.008 0.009 0.011 0.012 0.011
     Q3  0.004 0.006 0.008 0.009 0.010 0.011 0.013 0.012
     Q4  0.004 0.007 0.009 0.009 0.009 0.011 0.011 0.012
2007 Q1      . 0.004 0.007 0.009 0.009 0.009 0.011 0.011
     Q2      . 0.005 0.007 0.009 0.009 0.009 0.011 0.012
     Q3  0.003 0.009 0.010 0.011 0.011 0.011 0.012 0.013
     Q4  0.004 0.009 0.010 0.011 0.011 0.010 0.012 0.012
2008 Q1      . 0.004 0.009 0.010 0.010 0.010 0.010 0.012
     Q2      . 0.004 0.009 0.009 0.011 0.010 0.009 0.011
     Q3  0.004 0.009 0.011 0.011 0.012 0.011 0.011 0.013
     Q4  0.004 0.009 0.011 0.011 0.011 0.012 0.012 0.013
2009 Q1      . 0.004 0.009 0.010 0.011 0.011 0.011 0.011
     Q2      . 0.004 0.009 0.010 0.011 0.012 0.011 0.011
     Q3  0.003 0.009 0.011 0.011 0.012 0.012 0.012 0.012
     Q4  0.004 0.008 0.010 0.011 0.011 0.011 0.011 0.012
2010 Q1      . 0.004 0.008 0.010 0.011 0.011 0.011 0.011
     Q2      . 0.005 0.007 0.009 0.010 0.011 0.011 0.011
     Q3  0.004 0.009 0.010 0.012 0.012 0.012 0.012 0.013
     Q4  0.004 0.009 0.010 0.011 0.011 0.011 0.011 0.012
2011 Q1      . 0.002 0.008 0.009 0.011 0.011 0.012 0.012
     Q2      . 0.005 0.009 0.010 0.010 0.011 0.011 0.011
     Q3  0.003 0.009 0.011 0.011 0.011 0.013 0.012 0.012
     Q4  0.004 0.008 0.010 0.011 0.011 0.012 0.011 0.014
2012 Q1      . 0.004 0.009 0.011 0.011 0.011 0.012 0.012
     Q2      . 0.005 0.009 0.011 0.012 0.013 0.013 0.013
     Q3  0.003 0.009 0.011 0.012 0.013 0.013 0.013 0.013
     Q4  0.004 0.010 0.012 0.013 0.013 0.013 0.014 0.013
2013 Q1      . 0.004 0.009 0.011 0.012 0.012 0.013 0.013
     Q2      . 0.004 0.010 0.012 0.013 0.013 0.013 0.013
     Q3  0.002 0.007 0.010 0.012 0.013 0.013 0.013 0.013
     Q4  0.004 0.009 0.011 0.012 0.012 0.012 0.012 0.012
2014 Q1      . 0.004 0.009 0.010 0.012 0.012 0.012 0.012
     Q2      . 0.005 0.009 0.011 0.012 0.013 0.013 0.012
     Q3  0.003 0.008 0.010 0.012 0.013 0.014 0.013 0.013
     Q4  0.003 0.009 0.011 0.012 0.013 0.013 0.013 0.014
2015 Q1      . 0.003 0.009 0.011 0.012 0.012 0.013 0.012
     Q2      . 0.004 0.010 0.011 0.012 0.013 0.014 0.013
     Q3  0.003 0.006 0.010 0.011 0.012 0.013 0.014 0.012
     Q4  0.004 0.007 0.010 0.011 0.012 0.012 0.012 0.012
2016 Q1      . 0.003 0.007 0.010 0.011 0.012 0.013 0.012
     Q2      . 0.004 0.008 0.010 0.012 0.012 0.012 0.012
     Q3  0.004 0.007 0.009 0.012 0.013 0.013 0.013 0.013
     Q4  0.004 0.007 0.009 0.011 0.012 0.012 0.012 0.012
2017 Q1      . 0.004 0.007 0.008 0.010 0.012 0.012 0.012
     Q2      . 0.004 0.008 0.009 0.011 0.012 0.012 0.012
     Q3  0.003 0.008 0.010 0.010 0.011 0.012 0.012 0.006
     Q4  0.004 0.008 0.010 0.010 0.011 0.012 0.011 0.012
2018 Q1      . 0.003 0.008 0.009 0.010 0.011 0.012 0.012
     Q2      . 0.003 0.008 0.009 0.010 0.012 0.012 0.011
     Q3  0.004 0.007 0.009 0.011 0.010 0.012 0.012 0.008
     Q4  0.004 0.008 0.009 0.010 0.010 0.012 0.012 0.012
2019 Q1      . 0.004 0.008 0.009 0.010 0.010 0.012 0.012
     Q2      . 0.005 0.007 0.009 0.010 0.010 0.013 0.013
     Q3  0.003 0.008 0.009 0.010 0.011 0.010 0.012 0.012
     Q4  0.004 0.009 0.010 0.010 0.011 0.011 0.012 0.012
2020 Q1      . 0.003 0.009 0.010 0.010 0.011 0.011 0.012
     Q2      . 0.005 0.009 0.010 0.011 0.012 0.012 0.013
     Q3  0.004 0.008 0.010 0.010 0.012 0.012 0.011 0.011
     Q4  0.004 0.008 0.010 0.011 0.012 0.012 0.011 0.012
2021 Q1      . 0.004 0.008 0.009 0.010 0.011 0.011 0.011
     Q2      . 0.004 0.008 0.009 0.010 0.010 0.012 0.011
     Q3  0.004 0.008 0.009 0.011 0.011 0.011 0.013 0.011
     Q4  0.004 0.008 0.010 0.011 0.011 0.012 0.013 0.011
