#  Fleet catch for CPUE data
################################################################
# Species no. 01 COD
################################################################
# Fleet 01:  
# COD
# IBTS_Q1_gam  age  1 - 5  timing: 0 0.25 
1e-02     4220.400    15101.080     1669.720      945.500      382.280    #1983
1e-02    12660.510     5915.620     2279.160      459.180      420.660    #1984
1e-02      587.270    15264.490     2031.000      790.080      220.930    #1985
1e-02    12460.110     2580.000     3284.990      976.500      411.110    #1986
1e-02     5117.070    14854.480      720.470      775.190      209.360    #1987
1e-02     2668.200     3628.000     3352.980      193.710      337.020    #1988
1e-02     9911.680     3455.080     2549.550     1153.730      166.940    #1989
1e-02     2003.380     7615.620     1110.600      427.350      463.340    #1990
1e-02     1688.780     2274.510     1878.340      497.870      266.580    #1991
1e-02     9397.050     3083.540      715.680      497.830      157.390    #1992
1e-02     3256.910     8071.120      954.550      337.850      249.700    #1993
1e-02     6977.640     2167.190     1531.420      469.750      230.700    #1994
1e-02     7097.390     9278.190     1752.550      507.370      182.700    #1995
1e-02     1821.620     4133.200     2278.840      382.630      255.430    #1996
1e-02    15374.100     2941.050     1172.680      521.770      151.570    #1997
1e-02      653.100     9956.820     1146.760      476.480      285.730    #1998
1e-02     1409.370      522.930     4045.880      565.340      283.970    #1999
1e-02     3521.010     2086.360      496.520      930.090      172.980    #2000
1e-02      848.190     3799.070      845.310      153.970      147.060    #2001
1e-02     2856.210     1543.760     1549.780      242.850       56.800    #2002
1e-02      357.560     1972.470      694.900      463.850      154.920    #2003
1e-02     2782.350     1237.200     1110.210      182.560      182.580    #2004
1e-02     1091.430     1460.960      475.740      386.570       68.450    #2005
1e-02     3880.070      872.160      745.960      149.540       86.010    #2006
1e-02     1440.080     2630.810      686.850      223.910       85.200    #2007
1e-02     2272.940     1065.760     1164.620      282.910      196.820    #2008
1e-02     1067.800     1759.510      805.160      381.550      123.540    #2009
1e-02     2855.360     1599.710     1131.840      314.150      201.290    #2010
1e-02      763.520     2904.980      605.130      330.660      209.760    #2011
1e-02     1545.330     1537.660     1870.050      412.380      224.300    #2012
1e-02     1623.410     1395.380      756.530      555.350      367.330    #2013
1e-02     2664.200     1721.430      740.430      284.460      345.360    #2014
1e-02     1672.340     3569.380     1244.410      445.510      195.970    #2015
1e-02      945.560     1089.250     1903.080      618.920      346.680    #2016
1e-02     8423.640      903.100     1246.490     1084.510      581.000    #2017
################################################################
# Fleet 02:
##  COD    IBTS_Q3_gam    age  1 - 4  timing: 0.5 0.75 
1e-02    17081.600     1666.240      379.690      337.260    #1992
1e-02     4431.270     4364.140      595.430      122.810    #1993
1e-02    17526.640     2254.950      939.100      159.350    #1994
1e-02     9506.040     6772.280      710.370      299.900    #1995
1e-02     5070.500     2895.850     1082.550      173.840    #1996
1e-02    29598.540     1981.850      731.260      264.970    #1997
1e-02      914.070     8896.760      713.860      191.800    #1998
1e-02     3427.580      472.960     2453.000      152.390    #1999
1e-02     6483.260      946.430      115.560      334.770    #2000
1e-02     1408.580     2162.290      373.440       75.500    #2001
1e-02     3989.910      874.650      759.180      191.760    #2002
1e-02      988.760     1279.930      247.110      176.270    #2003
1e-02     3214.660      778.980      479.200       92.260    #2004
1e-02     1103.800      741.990      285.820      117.040    #2005
1e-02     5571.790      708.410      603.260      117.520    #2006
1e-02     1890.110     2340.890      435.150      171.450    #2007
1e-02     2503.930     1201.730     1113.890      222.170    #2008
1e-02     1966.830      969.760      296.280      236.180    #2009
1e-02     4655.000     1691.040      544.130      178.920    #2010
1e-02     1232.770     2822.040      871.380      362.630    #2011
1e-02     2130.480      993.820     1236.000      367.430    #2012
1e-02     3204.620     1059.630      499.350      517.800    #2013
1e-02     3496.810     1477.290      610.790      293.730    #2014
1e-02     1899.500     3113.620     1082.070      459.080    #2015
1e-02     1449.410     1151.480     1703.030      830.310    #2016
################################################################
# Species no. 02 WHG
################################################################
## Fleet 01  WHG    IBTS-Q1  age  1 - 5  timing: 0 0.25 
1e-05        5.472        2.629        0.919        0.220        0.042    #1978
1e-05        4.439        2.307        1.143        0.335        0.050    #1979
1e-05        6.750        4.037        1.250        0.254        0.088    #1980
1e-05        2.297        4.635        2.285        0.460        0.091    #1981
1e-05        1.515        2.173        2.581        0.686        0.101    #1982
1e-05        1.266        1.250        1.100        0.764        0.322    #1983
1e-05        4.345        1.780        0.890        0.303        0.254    #1984
1e-05        3.392        3.623        0.658        0.186        0.071    #1985
1e-05        4.687        2.683        1.946        0.321        0.066    #1986
1e-05        6.849        5.611        0.904        0.455        0.049    #1987
1e-05        4.480        8.657        3.143        0.330        0.126    #1988
## Fleet 02  WHG    IBTS-Q1  age  1 - 5  timing: 0 0.25 
1e-05       14.476        5.328        4.055        1.073        0.119    #1989
1e-05        5.189        8.624        1.982        0.916        0.169    #1990
1e-05       10.076        6.864        4.796        0.709        0.376    #1991
1e-05        9.073        6.657        2.402        1.508        0.127    #1992
1e-05       10.756        5.228        2.446        0.655        0.590    #1993
1e-05        7.217        6.274        1.810        0.681        0.119    #1994
1e-05        6.786        4.485        2.394        0.581        0.119    #1995
1e-05        5.024        4.860        2.447        0.697        0.231    #1996
1e-05        2.878        3.422        1.624        0.604        0.180    #1997
1e-05        5.431        1.607        1.254        0.540        0.155    #1998
1e-05        6.763        3.054        0.947        0.575        0.258    #1999
1e-05        7.679        5.449        1.836        0.536        0.202    #2000
1e-05        6.142        5.924        2.995        0.983        0.258    #2001
1e-05        5.585        3.428        2.629        0.632        0.208    #2002
1e-05        1.316        2.984        2.367        1.334        0.484    #2003
1e-05        1.844        0.901        1.727        0.999        0.487    #2004
1e-05        1.127        0.978        0.456        0.601        0.390    #2005
1e-05        1.844        1.251        0.455        0.183        0.270    #2006
1e-05        0.645        1.473        0.673        0.186        0.084    #2007
1e-05        2.686        2.058        0.655        0.221        0.075    #2008
1e-05        2.112        2.958        0.936        0.272        0.119    #2009
1e-05        3.262        2.248        2.441        0.948        0.285    #2010
1e-05        1.849        3.371        1.575        0.926        0.197    #2011
1e-05        2.313        5.883        1.147        0.464        0.324    #2012
1e-05        0.544        1.630        2.413        0.883        0.269    #2013
1e-05        2.652        1.845        0.992        0.658        0.227    #2014
1e-05        3.150        2.126        0.598        0.287        0.240    #2015
1e-05        3.016        3.230        0.908        0.202        0.116    #2016
1e-05        6.132        2.484        1.106        0.252        0.079    #2017
################################################################
##  Fleet03: WHG    IBTS-Q3 age  0 - 5  timing: 0.5 0.75 
1e-05        5.370        7.034        1.586        0.790        0.146        0.052    #1991
1e-05       13.795        6.009        2.961        0.725        0.575        0.103    #1992
1e-05        9.192        6.387        1.774        0.661        0.147        0.159    #1993
1e-05        6.107        6.776        2.195        0.747        0.195        0.047    #1994
1e-05        7.292        6.198        2.912        1.072        0.215        0.060    #1995
1e-05        3.165        5.457        2.782        1.294        0.340        0.069    #1996
1e-05       20.627        3.330        1.807        1.090        0.280        0.107    #1997
1e-05       26.317        3.306        1.502        0.528        0.310        0.112    #1998
1e-05       24.986       12.035        1.906        0.539        0.245        0.095    #1999
1e-05       19.615        9.408        3.265        0.644        0.136        0.065    #2000
1e-05       35.488        6.689        2.831        0.940        0.191        0.043    #2001
1e-05        2.693        8.119        2.572        1.315        0.350        0.054    #2002
1e-05        3.565        2.576        2.928        1.287        0.679        0.173    #2003
1e-05        7.143        1.506        0.590        0.663        0.457        0.271    #2004
1e-05        1.693        1.714        0.683        0.314        0.456        0.340    #2005
1e-05        1.989        1.746        0.863        0.326        0.135        0.233    #2006
1e-05        8.229        0.955        0.636        0.376        0.115        0.084    #2007
1e-05        7.648        3.623        0.689        0.309        0.138        0.041    #2008
1e-05        5.938        5.855        3.848        0.410        0.123        0.080    #2009
1e-05        5.101        2.243        1.457        0.546        0.128        0.060    #2010
1e-05        2.471        4.468        1.444        0.472        0.162        0.069    #2011
1e-05        3.068        2.567        1.935        0.570        0.201        0.106    #2012
1e-05        3.343        0.675        0.601        0.658        0.175        0.071    #2013
1e-05       14.010        2.234        0.980        0.656        0.333        0.103    #2014
1e-05       20.916        3.125        2.226        0.431        0.240        0.184    #2015
1e-05        9.716        2.972        2.437        0.777        0.122        0.081    #2016
 ###############################################################################################
# Species no. 03 HAD
################################################################
##  HAD  Fleet 01  North Sea IBTS Q1  age  1 - 5  timing: 0 0.25 
1e-05       11.391        1.363        1.925        0.207        0.011    #1974
1e-05       11.815        3.567        0.197        0.347        0.058    #1975
1e-05        0.985        5.393        1.847        0.140        0.163    #1976
1e-05        1.420        0.679        1.336        0.169        0.012    #1977
1e-05        3.528        1.064        0.283        0.662        0.104    #1978
1e-05        4.684        2.129        0.528        0.067        0.154    #1979
1e-05        8.566        3.657        0.826        0.105        0.023    #1980
1e-05        2.680        6.250        1.566        0.256        0.044    #1981
1e-05        5.421        2.531        4.123        0.583        0.078    #1982
1e-05        3.023        4.031        0.895        1.164        0.132    #1983
1e-05       10.723        2.213        1.278        0.204        0.209    #1984
1e-05        2.310        8.333        1.076        0.323        0.036    #1985
1e-05        5.730        2.669        3.035        0.179        0.065    #1986
1e-05        9.126        3.281        0.452        0.583        0.043    #1987
1e-05        1.017        6.776        0.971        0.127        0.140    #1988
1e-05        2.191        0.974        2.730        0.166        0.021    #1989
1e-05        2.174        1.391        0.330        0.504        0.032    #1990
1e-05        6.802        1.341        0.250        0.043        0.085    #1991
1e-05       11.414        3.310        0.170        0.030        0.007    #1992
1e-05       12.421        5.195        1.524        0.088        0.011    #1993
1e-05        2.279        4.911        0.977        0.233        0.016    #1994
1e-05       13.555        2.011        1.762        0.244        0.053    #1995
1e-05        2.674        8.133        0.659        0.467        0.077    #1996
1e-05        8.490        3.548        4.668        0.250        0.152    #1997
1e-05        3.576        4.209        1.035        1.126        0.088    #1998
1e-05        2.111        2.229        1.271        0.482        0.366    #1999
1e-05       37.342        1.071        0.486        0.245        0.156    #2000
1e-05        8.935       22.206        0.763        0.145        0.064    #2001
1e-05        0.573        4.735       13.094        0.092        0.069    #2002
1e-05        0.900        0.393        2.415        5.320        0.054    #2003
1e-05        0.717        0.793        0.370        1.764        3.249    #2004
1e-05        0.702        0.519        0.385        0.141        0.546    #2005
1e-05       11.582        0.461        0.285        0.099        0.048    #2006
1e-05        1.094        9.634        0.360        0.150        0.030    #2007
1e-05        0.614        1.074        2.412        0.149        0.016    #2008
1e-05        0.751        1.414        1.030        1.356        0.025    #2009
1e-05        6.750        0.711        0.680        0.515        0.909    #2010
1e-05        0.461        7.815        1.017        0.359        0.479    #2011
1e-05        0.140        0.664        3.906        0.212        0.151    #2012
1e-05        0.582        0.245        0.325        0.938        0.065    #2013
1e-05        0.241        1.040        0.183        0.500        1.261    #2014
1e-05        3.882        0.326        0.300        0.039        0.091    #2015
1e-05        1.107        4.127        0.169        0.118        0.019    #2016
1e-05        2.178        1.382        2.221        0.086        0.030    #2017
##################################################################
##  HAD  Fleet 02:  North Sea IBTS Q3 age  0 - 5  timing: 0.5 0.75 
1e-05        7.185        2.336        0.229        0.028        0.005        0.016    #1991
1e-05       27.411        5.952        1.890        0.105        0.016        0.004    #1992
1e-05        5.774        6.060        1.401        0.376        0.024        0.004    #1993
1e-05       17.812        1.953        2.626        0.324        0.084        0.004    #1994
1e-05        5.209       10.196        1.066        0.974        0.081        0.031    #1995
1e-05        6.275        2.475        4.285        0.304        0.202        0.026    #1996
1e-05        1.953        3.476        1.238        1.490        0.067        0.053    #1997
1e-05        2.764        2.571        1.649        0.537        0.427        0.031    #1998
1e-05       69.045        1.765        0.941        0.479        0.133        0.099    #1999
1e-05       10.928       25.042        0.443        0.195        0.103        0.043    #2000
1e-05        0.348        3.604       10.993        0.303        0.064        0.036    #2001
1e-05        1.377        0.460        2.377        5.738        0.098        0.025    #2002
1e-05        1.639        0.693        0.312        1.993        3.687        0.029    #2003
1e-05        1.840        0.695        0.406        0.231        0.827        1.548    #2004
1e-05       14.130        0.676        0.455        0.163        0.098        0.371    #2005
1e-05        1.916        5.473        0.275        0.117        0.036        0.034    #2006
1e-05        1.115        1.497        3.858        0.104        0.053        0.011    #2007
1e-05        1.264        0.866        0.899        1.750        0.052        0.023    #2008
1e-05        9.093        0.777        0.800        0.381        0.740        0.016    #2009
1e-05        0.303        5.574        0.590        0.342        0.252        0.533    #2010
1e-05        0.306        0.770        3.445        0.272        0.122        0.092    #2011
1e-05        0.681        0.315        0.402        1.322        0.073        0.044    #2012
1e-05        0.862        0.583        0.252        0.183        0.828        0.025    #2013
1e-05        7.475        0.482        0.585        0.052        0.091        0.516    #2014
1e-05        1.043        4.634        0.228        0.160        0.017        0.023    #2015
1e-05        3.518        0.946        2.202        0.081        0.037        0.004    #2016
################################################################
# Species no. 04 POK
################################################################
##  POK Fleet01:   DATRAS Q3 3-8   age  3 - 8  timing: 0.6218853 0.6218853 
1e-05        1.077        2.760        0.516        0.098        0.057        0.050    #1992
1e-05        7.965        2.781        1.129        0.197        0.011        0.040    #1993
1e-05        1.117        1.615        0.893        0.609        0.091        0.040    #1994
1e-05       13.959        2.501        1.559        0.533        0.172        0.049    #1995
1e-05        3.825        6.533        1.112        0.971        0.212        0.069    #1996
1e-05        3.756        3.351        7.461        0.698        0.534        0.181    #1997
1e-05        1.181        4.134        1.351        1.580        0.149        0.179    #1998
1e-05        2.086        1.907        3.155        0.619        0.632        0.074    #1999
1e-05        3.479        8.836        1.081        0.868        0.114        0.152    #2000
1e-05       21.494        6.173        3.937        0.355        0.444        0.113    #2001
1e-05       10.748       18.974        1.327        1.090        0.162        0.264    #2002
1e-05       19.272       23.802       13.402        0.393        0.439        0.168    #2003
1e-05        4.930        6.727        3.237        0.921        0.064        0.085    #2004
1e-05        8.916        7.512        4.428        1.914        1.082        0.104    #2005
1e-05       10.553       29.579        2.835        1.177        0.445        0.242    #2006
1e-05       34.006        5.578       11.700        1.016        0.743        0.358    #2007
1e-05        3.312        5.584        0.907        1.997        0.254        0.254    #2008
1e-05        1.346        1.703        0.568        0.101        0.229        0.200    #2009
1e-05        1.361        0.964        0.471        0.205        0.045        0.166    #2010
1e-05        4.520        8.451        1.059        1.114        0.426        0.080    #2011
1e-05       11.134        2.497        2.968        0.503        0.483        0.344    #2012
1e-05       14.701       16.279        1.830        1.858        0.308        0.146    #2013
1e-05        1.649        3.923        2.822        0.481        0.520        0.114    #2014
1e-05       11.001        5.613        4.611        1.581        0.289        0.285    #2015
1e-05       37.740       17.307        3.212        2.644        0.929        0.192    #2016
#################################################################
# Stock numbers from assessment with noise, age 3-9
1 181107 79704 111880 19595 8264 5230 1055   # 1997 
1 79414 95219 46858 62035 8393 5815 1974   # 1998 
1 84165 52811 81438 20474 34438 4704 2552   # 1999 
1 103965 73863 29495 36635 13333 12129 1516   # 2000 
1 146974 62364 82439 12547 20099 8641 7243   # 2001 
1 108393 151625 41214 34259 9596 11127 4153   # 2002 
1 117489 116347 65528 22885 16247 5858 7123   # 2003 
1 108993 93411 72672 49658 6913 6931 3967   # 2004 
1 149540 79741 58468 47908 30912 5273 7648   # 2005 
1 98647 143398 25303 37792 31574 17876 2477   # 2006 
1 170024 49301 81844 23716 12458 12756 5962   # 2007 
1 72903 82786 36365 39886 22169 7766 9337   # 2008 
1 46558 45626 35738 14862 21837 9865 6683   # 2009 
1 98126 43575 27749 27087 7706 16102 6248   # 2010 
1 117918 100838 19300 15111 7353 3321 7979   # 2011 
1 166031 36531 42643 15061 6696 3922 2698   # 2012 
1 101892 91408 25926 28006 6808 4957 2901   # 2013 
1 53323 61656 49896 17959 18744 5266 2345   # 2014 
1 117773 45299 49112 29565 9075 8186 2859   # 2015 
1 123968 81248 19814 28120 14468 5657 3017   # 2016 
################################################################################################################################################
# Species no. 05 MAC
################################################################################################################################################
##  MAC Fleet 02: 2010  2017   Swept-idx   age  3-11  timing: 0.58 0.75           
1  1617005  4035646  3059146  1591100  691936  413253  198106  65803  24747
1  -1  -1  -1  -1  -1  -1  -1  -1  -1
1  1283247  2383260  2164365  2850847  1783942  740361  299490  149282  84344
1  9201746  2456618  3073772  3218990  2540444  1087937  377406  144695  146826
1  7034162  4896456  2659443  2630617  2768227  1910160  849010  379745  95304
1  2539963  6409324  4802298  1795564  1628872  1254859  727691  270562  72410
1  1374705  2635033  5243607  4368491  1893026  1658839  1107866  754993  450100
1  3562908  1953609  3318099  4680603  4653944  1754954  1944991  626406  507546
################################################################
###  MAC Fleet 03: 
## MAC SAM N estimate 1980-2017 plus guesses for 1974-1979,  age 0-9 
#       1
#1      3281765      2399057       833780      4729539      1128969      1875382      3813759       976328       638479       335834    #1974
#1      3971904      4128268      3968321       792066      2865470      1189764      1126832      4120884      1338047       791799    #1975
#1      1062649      2608054      3307759      2033720       774437      2242695       891014       738719      1526913      1363282    #1976
#1       923294       850275      5376080      4175979      2176834       599117      1111179       399826       680684      1041808    #1977
#1      1312160       414526       910438      3504915      4227919       804075       225599       775594       246592       507284    #1978
#1      2206884      1301071       716446      2022382      3195513      3250676       491574       301084       672190       108294    #1979
1      6741534      3646037      2643021      1040716      1388037      5236669      3875601       907662       283335       922608    #1980
1      7505421      9856876      3715460       991061       533084      1582251      1507299      1815811       505677       212317    #1981
1      2057078      5513374      3081013      5316644      1255822       414605       928664      1613293       881987       358488    #1982
1      1312280      1364134      2869472      9803960      1619980       507501       378524       547001      1291200       656660    #1983
1      4663332      1180854       845434      5424055      4083212      1651254       653353       207056       319103      1649849    #1984
1      2689667      5485546      1073825      1047193      3490591      1806384      1140388       658787       247606       256828    #1985
1      3546835      2563214      3581159       575214       915658      2520005      1157125       702720       230116       169887    #1986
1      4659863      2550430      3503929      2748790       382556       770660      2157498      1035532       875143       372266    #1987
1      2443319      6272379      2874863      2265010      3842694       270708       625267      2585280      1044328       627369    #1988
1      3842951      1924685      3994424      3053832      1648149      1684929       251693       308557      1131143       430810    #1989
1      2373884      4483167      1821585      2982489      1950042       925667      2592968       153511       590612       445017    #1990
1      3752214      2858027      2307897      1573820      3434892      1536713       541637      1152993       135507       227914    #1991
1      4834365      3632744      1702946      2251483      1759775      1788138       778934      1165523      1100093        68012    #1992
1      2951485      3296905      3118894      1998064      3517742       961666      1092538       549401       166114       339443    #1993
1      3837299      2615084      4208042      3064689       514125      2010648       395734       763743       385785        96692    #1994
1      3793920      2311406      2316773      2448484      1414117       991387      1076772       426441       220708       186640    #1995
1      2273644      2254202      2669394      2493577      2274407       814302       379515       454905       172591       149831    #1996
1      2883842      2206471      1835799      1808316      1223135      1547656       677053       409256       267045       199484    #1997
1      1833763      2673153      1600518      1038745      2211502      1466908      1083847       272154       382263       238059    #1998
1      5113600      2229003      2519961      3200596      1509577      1254425      1035597      1026940       281416       358342    #1999
1      2439681      3445360      2019912      1126578      2720584       588573       632279       660923       305419       210150    #2000
1      3972149      1618901      3516935      1826148      1297820      1378800       990865      1133116       599247       223954    #2001
1      7373500     10606465      1710018      1973108      2769463       776790       582571       386802       379249       366998    #2002
1      2782781     13991877      5600199       587268      1941268      1214034       625898       338194       297930       143085    #2003
1      2708269      1426933     10012746      3350743      1375436       741904       394758       356963       273740        50576    #2004
1      3855741      5707214      3332117      7698654      2710520       571303       488902       182906       165707        53089    #2005
1     12230165      6039592      3960184      1231814      1745646      1031789       348200       386218       191238        27549    #2006
1      4843421      9271056      5662663      4074733      1786775      2033051       805709       412924       174239        87305    #2007
1      3035973      3503522      9558883      3121451      2749002       990745      1265979       348660       158678        71305    #2008
1      4915884      4634092      3863610      4813863      3562461       825321       891495       715853       221356        86235    #2009
1      4480690      4750523      3045188      5098016      3980619      1938628       813289       881257       397484       130991    #2010
1     10817278     10277323      2423776      5060145      4021207      2857400      1845825       701174       501371       299827    #2011
1      4483141      5898827      4432111      4437009      3087002      1969402      2737016      1088695       360072       224527    #2012
1      4008909      4033129     11199150      5462284      1264682      2286465      1556735      1953946       823661       289136    #2013
1     14544792      5031221      4893891      8218265      3743551      3479701      4154728      2032985      1024044       378264    #2014
1      5408465      4614610      3602689      2537925      5922937      4320220       956356      1200552       755836       564819    #2015
1       320516      2570984      8610645      1812774      3727352      4974826      1945460      1241706       707545       531503    #2016
#1       264679       279582      2803360      2949276      1328371      2157995      2548614      1104752       661359       439894    #2017
################################################################################################################################################
# Species no. 05 HER
################################################################################################################################################
##  HER Fleet 01:   HERAS  age  1 - 9  timing: 0.54 0.56 
1           -1      4090000      3903000      1633000       492000       283000       120000        44000        22000    #1989
1           -1      3306000      3521000      3414000      1366000       392000       210000       133000        43000    #1990
1           -1      2634000      1700000      1959000      1849000       644000       228000        94000        51000    #1991
1           -1      3734000      1378000      1147000      1134000      1246000       395000       114000       104000    #1992
1           -1      2984000      1637000       902000       741000       777000       551000       180000       116000    #1993
1           -1      3185000       839000       399000       381000       321000       326000       219000       131000    #1994
1           -1      3849000      2041000       672000       299000       203000       138000       119000        93000    #1995
1           -1      4497000      2824000      1087000       311000        99000        83000       133000       206000    #1996
1      9361000      5960000      2935000      1441000       601000       215000        46000        78000       159000    #1997
1      4449000      5747000      2520000      1625000       982000       445000       170000        45000       121000    #1998
1      5087000      3078000      4725000      1116000       506000       314000       139000        54000        87000    #1999
1     24736000      2923000      2156000      3140000      1007000       483000       266000       120000        97000    #2000
1      6837000     12290000      3083000      1462000      1676000       450000       170000        98000        59000    #2001
1     23055000      4875000      8220000      1390000       794600      1031000       244400       121000       149500    #2002
1      9829400     18949400      3081000      4188900       675100       494800       568300       145500       177700    #2003
1      5183700      3415900      9191800      2167300      2590700       317100       327600       342050       185600    #2004
1      3114100      2055100      3648500      5789600      1212900      1174900       139900       126500       106700    #2005
1      6822800      3772300      1997200      2097500      4175100       618200       562100        84300        70400    #2006
1      6261000      2750000      1848000       898000       806000      1323000       243000       152000        65000    #2007
1      3714000      2853000      1709000      1485000       809000       712000      1749000       185000       270000    #2008
1      4655000      5632000      2553000      1023000      1077000       674000       638000      1142000       578000    #2009
1     14577000      4237000      4216000      2453000      1246000      1332000       688000      1110000      1619000    #2010
1     10119000      4166000      2534000      2173000      1016000       651000       688000       440000      1297000    #2011
1      7437000      4719000      4067000      1738000      1209000       593000       247000       218000       478000    #2012
1      6388000      2683000      3031000      2895000      1546000       849000       464000       250000       592000    #2013
1     11634000      4918000      2827000      2939000      1791000      1236000       669000       211000       250000    #2014
1      6714000      9495000      2831000      1591000      1549000       926000       520000       275000       221000    #2015
1      9034000     12011000      5832000      1273000       822000       909000       395000       220000       146000    #2016
#################################################
##  HER  Fleet 02:  IBTS-Q1  age  1 - 5  timing: 0.08 0.17 
1e-05      1515.63       161.48        61.43        26.89        10.24    #1984
1e-05      2097.28       721.65       281.99        42.09        27.94    #1985
1e-05      2662.81       782.12       276.03        79.01        28.08    #1986
1e-05      3692.97       917.55       116.31        59.35        48.76    #1987
1e-05      4394.17      4163.38       791.53        57.96        25.05    #1988
1e-05      2331.57       875.34       338.51        89.38         8.52    #1989
1e-05      1061.57       462.10       279.78       269.11        71.30    #1990
1e-05      1286.75       693.02       258.60       221.52       146.10    #1991
1e-05      1268.14       436.56       193.09        54.81        92.27    #1992
1e-05      2794.01       787.42       222.59        45.04        65.53    #1993
1e-05      1752.05      1167.22       213.06        69.00        42.50    #1994
1e-05      1312.79      1356.40       272.86        35.58         6.25    #1995
1e-05      1888.99       199.35        31.41        10.09         8.01    #1996
1e-05      4410.41       523.78       131.84        32.12        20.72    #1997
1e-05      2275.84       791.64        95.89        20.57        17.80    #1998
1e-05       752.86       450.62       501.32        98.18        35.57    #1999
1e-05      3721.31       202.29       159.31        62.67        12.01    #2000
1e-05      2499.35      1129.35       317.07        93.89        68.28    #2001
1e-05      3881.43       485.17       253.26        19.31        17.39    #2002
1e-05      2969.87      1534.68       442.47       354.81        43.10    #2003
1e-05       933.93       414.00       698.21       109.03       172.88    #2004
1e-05      1006.13       195.02       332.30       387.92       125.19    #2005
1e-05       903.60      1442.10       341.16       203.51       285.19    #2006
1e-05      1322.35        49.84        18.14         7.82        40.21    #2007
1e-05      1761.48       222.62       132.91       194.90       220.44    #2008
1e-05      2339.20       135.51        21.10        11.07        43.47    #2009
1e-05      1206.33        49.49        34.90        46.34        89.01    #2010
1e-05      2943.20       384.38       605.80       418.39       470.52    #2011
1e-05      1357.44       280.55       173.48        57.55        77.12    #2012
1e-05      1665.73       176.41       197.15       153.95        64.48    #2013
1e-05      2615.02       641.09        24.64        16.80        35.25    #2014
1e-05      3917.63       609.71        59.81        11.91        12.34    #2015
1e-05       782.25      1468.47       258.90        26.08        13.77    #2016
1e-05      2398.06       309.00       177.10        61.88        23.00    #2017
##################################################################################
##  HER  Fleet 03:  IBTS0  age  0 - 0  timing: 0.08 0.17 
1e-05       200.70    #1992
1e-05       190.10    #1993
1e-05       101.70    #1994
1e-05       127.00    #1995
1e-05       106.50    #1996
1e-05       148.10    #1997
1e-05        53.10    #1998
1e-05       244.00    #1999
1e-05       137.10    #2000
1e-05       214.80    #2001
1e-05       161.80    #2002
1e-05        54.40    #2003
1e-05        47.30    #2004
1e-05        61.30    #2005
1e-05        83.10    #2006
1e-05        37.20    #2007
1e-05        27.80    #2008
1e-05        95.80    #2009
1e-05        77.10    #2010
1e-05        77.00    #2011
1e-05        68.00    #2012
1e-05        50.40    #2013
1e-05       164.50    #2014
1e-05        20.90    #2015
1e-05        99.80    #2016
1e-05        22.80    #2017
################################################################################################################################################
# Species no. 06 NSA, Northern Sandeel
################################################################################################################################################
# Fleet 01: Dregde survey quarter 4 (recalculated for the area North)
#	Age 0	Age 1	Age 2		
1.E-04	9447	1576	150		#2004
1.E-04	34311	3182	323		#2005
1.E-04	73115	1659	-1		#2006
1.E-04	22643	4620	324		#2007
1.E-04	18013	1434	1012		#2008
1.E-04	38056	11820	1200		#2009
1.E-04	2703	5171	676		#2010
1.E-04	2962	2965	8764		#2011
1.E-04	70957	610	771		#2012
1.E-04	86181	16840	240		#2013
1.E-04	107933	5685	1207		#2014
1.E-04	3193	14610	1693		#2015
1.E-04	269028	458	2999		#2016
################################################################
# Fleet 02: NSA Commercial  Quarter: 2 age 1-3 1982-1998
        2178E-04      3742197      2267869       591433    #1982
        1646E-04      5089102      1087836        79685    #1983
        2180E-04      9791099      1378954       127872    #1984
        1655E-04      1794279      2197458       668850    #1985
        4215E-04     30558467      3319630       255356    #1986
        5410E-04     34732304     14370299       463344    #1987
        6874E-04      7013977     18449143       938755    #1988
       10353E-04     57795333      2263424      3452767    #1989
        4738E-04     12267206      3658345       541214    #1990
        6743E-04     33902452      1897015       735478    #1991
        3765E-04     13001954      5342511       640153    #1992
        4855E-04     16487649      1528473       523162    #1993
        6546E-04     33670833      8242366      5233831    #1994
        7089E-04     37698120      3992665       690764    #1995
        4378E-04      6159493      5280220      1035298    #1996
        7699E-04     78711446      3457078      2188378    #1997
        8116E-04      4618667     31136708      2772486    #1998
# Fleet 03: NSA Commercial  Quarter: 2 age 1-3 1999-
        2733E-04      6729989      2287597      3077809    #1999
        5415E-04     29924673      4001264       877265    #2000
        2170E-04      7037439      2486023       364346    #2001
        3111E-04     14985530      3270600       683900    #2002
        1332E-04      1349417      1035160       286123    #2003
        2235E-04      7313902       691887       182499    #2004
         699E-04      2433146       265991        29180    #2005
         426E-04      1461072       104489        45830    #2006
        1527E-04     10316815       625356        87946    #2007
        1687E-04      5357784      2304121       511410    #2008
         357E-04      2198574       354593        38497    #2009
        1515E-04      4875144       792105      1045223    #2010
        1039E-04      1535250      5485990       839939    #2011
         635E-04        37693       231816      1178194    #2012
         700E-04      2204045       514954       117792    #2013
        1627E-04      7920024      4321329       947973    #2014
        1736E-04      8021522      2498676      1022211    #2015
         682E-04       346658      2166010       426872    #2016
################################################################
# Fleet04: NSA Commercial North, old assessment, 1 half year
# First and last year: 1976 1981
# First and last age: 1 3
# 5.90E-4   5697.2 1130    445   #155.1        #1976
# 11.30E-4  24306.5 2350.5  516.3 # 144         #1977
# 4.30E-4   6126.9 2337.8  572.5 # 143.5       #1978
# 2.30E-4   2335.2 1327.6  242.2 #  11.8       #1979
# 5.40E-4  13394.1 8865   1049.6 # 827.3       #1980
# 3.90E-4   5505   4109    904   # 174         #1981
# 2.40E-4   3518   2132    556   #  85         #1982
# 2.00E-4   5684   1215     89   #  12         #1983
# 1.80E-4  11692.2 1646.7  152.7 #   4.5       #1984
# 1.60E-4   2688   3292   1002   # 480         #1985
# 4.40E-4  23934   2600    200   #   0         #1986
# 6.80E-4  26236  10855    350   # 155         #1987
# 8.43E-4   9855  25922   1319   #  26         #1988
#12.43E-4  56661   2219   3385   #   0         #1989
# 5.95E-4  13101   3907    578   # 175         #1990
# 7.26E-4  41855   2342    908   # 318         #1991
# 4.07E-4   9871   4056    486   # 305         #1992
# 5.04E-4  15768   2635   1023   # 646         #1993
# 7.69E-4  28490.2 7225.3 5953.5 # 2155.5      #1994
# 6.43E-4  36140   3360   1091   # 145         #1995
# 5.06E-4  11523.6 5384.6 760.8  # 300.7       #1996
# 7.18E-4  67037.8 3640.3 5254.3 # 1205.7      #1997
# 5.44E-4  6667.1 33215.8 2038.9 # 410.1       #1998
################################################################
# Fleet05: NSA Commercial, old North&south assessment, 2 half year
# First and last year: 1976 2004
# First and last age: 0 0
2.40E-5 6126                                  #1976 
4.20E-5 3067                                  #1977 
1.90E-5 7820                                  #1978 
4.80E-5 44203                                 #1979 
2.40E-5 8349                                  #1980 
2.30E-5 9128                                  #1981 
0.40E-5 6530                                  #1982 
0.60E-5 7911                                  #1983 
0.600E-5 200  # org 0                         #1984 
0.400E-5 349                                  #1985 
2.700E-5 7105                                 #1986 
1.830E-5 455                                  #1987 
2.430E-5 13196                                #1988 
2.350E-5 3380                                 #1989 
2.260E-5 12107                                #1990 
2.470E-5 13616                                #1991 
0.710E-5 6797                                 #1992 
2.950E-5 26960                                #1993 
1.730E-5 457                                  #1994 
1.490E-5 4046                                 #1995 
3.270E-5 31817                                #1996 
2.190E-5 2431                                 #1997 
3.340E-5 35220                                #1998 
3.050E-5 33653                                #1999
0.30E-5 200  # org 0                          #2000
2.11E-5 46385                                 #2001
0.29E-5 200  # org 0                          #2002
1.34E-5 7510                                  #2003
1.04E-5 2961                                  #2004
################################################################
# Fleet06: Acoustic survey 1 half year
# First and last year: 2009 2016     
#effort       age 1     age 2     age 3     age 4
1.00E-01      7709059   4923332   945294    64034       #      2009
1.00E-01      16852057  6133597   1123186   608574      #      2010
1.00E-01      816160    8622197   855812    192373      #      2011
1.00E-01      846678    211313    3226290   368161      #      2012
1.00E-01      2154468   258250    72615     554478      #      2013
1.00E-01      21889619  1711096   170414    80340       #      2014
1.00E-01      9466601   2254918   686546    7025        #      2015
1.00E-01      79554     6317384   679130    259099      #      2016

################################################################################################################################################
# Species no. 07 SSA, Southern Sandeel
################################################################################################################################################
# Fleet01: dregde suvey, Quarter 4, recalulated for area South
#Effort	Age 0	Age 1	Age 2		
1.E-04	147545	10133	119		#2004
1.E-04	273617	4769	548		#2005
1.E-04	115611	18671	27		#2006
1.E-04	428656	8659	692		#2007
1.E-04	32998	16888	765		#2008
1.E-04	515192	9820	3917		#2009
1.E-04	50411	160571	3858		#2010
1.E-04	77883	33370	17469		#2011
1.E-04	150189	5192	8078		#2012
1.E-04	92132	19615	1725		#2013
1.E-04	229660	7355	1436		#2014
1.E-04	28481	17496	739		#2015
1.E-04	335867	10055	6912		#2016
################################################################
# Fleet02: SSA commercial 1982-1998
# SSA  Quarter: 2 age 1-3 
        9889E-04     61026025      6717234      3536693    #1982
        8604E-04      2214067     34747565       926496    #1983
        9121E-04     53006259      1913726     11252670    #1984
       10398E-04      7219313     36421852      2307585    #1985
        7762E-04     53190517      8940064      1955525    #1986
        4893E-04      4995626     26144657      1329564    #1987
        9062E-04      2402363     10302856     18320961    #1988
       10333E-04     74548159      7590010      1605224    #1989
        9932E-04     20421101     16870002      2496598    #1990
        5807E-04     19178231      8819424      1262103    #1991
        9336E-04     61080742     10144524      1014351    #1992
        5415E-04      3919516     12321795      3735881    #1993
        3543E-04     24185714      3057933      2384643    #1994
        6077E-04     39744892      7969463      1175800    #1995
        5572E-04     11210913     14667407      5400311    #1996
        5010E-04     46381367      2704537      4204114    #1997
        7538E-04     11564718     33945858      2598875    #1998
# Fleet03: SSA commercial 1999-
        8857E-04     45503778      6032487     11497382    #1999
        6724E-04     34855907      3627909       846037    #2000
        9061E-04     58690709     13072283      1631697    #2001
        8493E-04     87197327     11457256      1574602    #2002
        7483E-04      7979206     15785424      3816849    #2003
        7984E-04     35486821      1257488      2828275    #2004
# Fleet04: SSA commercial 2005-
        3782E-04     11796170      4957305       333010    #2005
        4437E-04     34555213      2802291       897055    #2006
        1677E-04     10826911      4846387       345162    #2007
        2959E-04     27763301      4128078      1244225    #2008
        3555E-04     19150593     14609441      1567367    #2009
# Fleet05: SSA commercial 2010-
        3082E-04     42347164      2259726      1277512    #2010
        3652E-04      2070401     33927369      1527822    #2011
         946E-04       628908       607712      3821726    #2012
        4092E-04     18954765      8224392      2463241    #2013
        2432E-04      9726311      3829150       451436    #2014
        2708E-04     26434929      2503136      1082555    #2015
         376E-04       387870      1451396       198997    #2016
################################################################
# Species no. 07 NOP
################################################################
# Fleet01: EGFS
# First and last year: 1982 1991
# First and last age: 0 3
# effort        0         1         2         3 
   1E-4      6594      2609        39        77  #1982
   1E-4      6067      1558       114         0  #1983
   1E-4       457      3605       359        14  #1984
   1E-4       362      1201       307         0  #1985
   1E-4       285       717       150        80  #1986
   1E-4        75       552       122         1  #1987
   1E-4       165       102       134        21  #1988
   1E-4      1531      1274       621        20  #1999
   1E-4      2692       917       158        23  #1990
   1E-4      1509       683       399         6  #1991
################################################################
# Fleet02: EGFS
# First and last year: 1992 2017
# First and last age: 0 2
1.E-04  2885 6193    1069   #1992
1.E-04  3706  3582  1706    #1993
1.E-04  9487  1148   147    #1994
1.E-04  5478  8374   282    #1995
1.E-04  8241  1326   378    #1996
1.E-04   441  6295   372    #1997
1.E-04  1391   377   340    #1998
1.E-04 10985  1175    40    #1999
1.E-04  2267  9730   264    #2000
1.E-04  2243  1434  1344    #2001
1.E-04  4939  1137    58    #2002
1.E-04   323   572    75    #2003
1.E-04   278   557   109    #2004
1.E-04  3395   414    67    #2005
1.E-04  1813  1996   124    #2006
1.E-04  1610  1181   720    #2007
1.E-04   628  1340   411    #2008
1.E-04  4871  3500   306    #2009
1.E-04   103  4257   559    #2010
1.E-04   290   555  1050    #2011
1.E-04  3946   505    99    #2012
1.E-04   498  2592   117    #2013
1.E-04 10157   483   268    #2014
1.E-04  1415  4320    60    #2015
1.E-04  7199  1710   314    #2016
1.E-04  1280  5061   134    #2017
################################################################
# Fleet03: IBTS Q1
# First and last year: 1974 2017
# First and last age: 1 3
#  effort      1         2         3  
1.0E-04 25557  391  -24    #1974
1.0E-04  4573 1880  -4    #1975
1.0E-04  4411  371   -2    #1976
1.0E-04  6093  274  -42    #1977
1.0E-04  1479  575  -47    #1978
1.0E-04  2738  316  -75    #1979
1.0E-04  3277  550  -29    #1980
1.0E-04  1092  377  -15    #1981
1.0E-04  4537  262  -59    #1982
1.0E-04  2258  592   7    #1983
1.0E-04  4994  982  75    #1984
1.0E-04  2342 1429  73    #1985
1.0E-04  2070  383  20    #1986
1.0E-04  3171  481  61    #1987
1.0E-04   124  722  15    #1988
1.0E-04  2019  255 172    #1989
1.0E-04  1295  748  39    #1990
1.0E-04  2450  712 130    #1991
1.0E-04  5071  885  32    #1992
1.0E-04  2682 2644 258    #1993
1.0E-04  1839  374  66    #1994
1.0E-04  5940  785  77    #1995
1.0E-04   923 2631 228    #1996
1.0E-04  9699 1527 670    #1997
1.0E-04  1010 5336 265    #1998
1.0E-04  3527  597 667    #1999
1.0E-04  8095 1535  65    #2000
1.0E-04  1302 2863 235    #2001
1.0E-04  1793  809 880    #2002
1.0E-04  1239  575  94    #2003
1.0E-04   894  375  34    #2004
1.0E-04   690  133  37    #2005
1.0E-04  3369  142  26    #2006
1.0E-04  1286  778  23    #2007
1.0E-04  2353  512 180    #2008
1.0E-04  5480 1633 151    #2009
1.0E-04  4941 1466 138    #2010
1.0E-04   541   -2 304    #2011  edited
1.0E-04   997  336 532    #2012
1.0E-04  4466  519  97    #2013
1.0E-04   812  939  52    #2014
1.0E-04  6681  493 141    #2015
1.0E-04  2417  915  25    #2016
1.0E-04  4357  401 174    #2017
################################################################
# Fleet04: SGFS
# SGFS q3, age 0-2, 1998-2017
1.E-04  2628   938  127    #1998
1.E-04  3603  1784  179    #1999
1.E-04  2094  6656  207    #2000
1.E-04   759   727  710    #2001
1.E-04  2559  1192  151    #2002
1.E-04  1767   779  126    #2003
1.E-04   731   719  175    #2004
1.E-04  3073   343  132    #2005
1.E-04  1127  1285   69    #2006
1.E-04  5003  1023  395    #2007
1.E-04  3456  1263  263    #2008
1.E-04  5835  1750  202    #2009
1.E-04  1449  5101  930    #2010
1.E-04  1895   226  935    #2011
1.E-04 10067  1070  159    #2012
1.E-04  1759  3099  111    #2013
1.E-04 24317   524  146    #2014
1.E-04  9882  6358  114    #2015
1.E-04 14668  1700  288    #2016
1.E-04  7104  1810   73    #2017
#################################################################################################################################################
# Species no. 08 SPR
################################################################################################################################################
####################################
 ###  Sprat
####################################
 ###  IBTS Q1 1974 - 2016
 ## the "sprat year" = calendar year - 1 
 ## the "sprat age"  = calendar age - 1
 ## last updated by A. Palacz on 20 May 2015
 ## 
# eff	      Age1	Age2	Age3+	# Shifted age and calendar year
1.00E-04	-1	1567.4	769.9	#1975
1.00E-04	-1	433.1	195.4	#1976
1.00E-04	-1	2559.2	249.9	#1977
1.00E-04	-1	486.6	234.1	#1978
1.00E-04	-1	212.2	156.5	#1979
1.00E-04	-1	849.6	34.4	#1980
1.00E-04	-1	817.6	153.8	#1981
1.00E-04	-1	312	84.2	#1982
1.00E-04	143	453.3	135.5	#1983
1.00E-04	233.8	329	46.1	#1984
1.00E-04	376.1	195.5	31	#1985
1.00E-04	44.2	73.5	23.5	#1986
1.00E-04	542.2	66.3	21.3	#1987
1.00E-04	98.6	884.1	68.8	#1988
1.00E-04	2314.2	476.3	278.9	#1989
1.00E-04	234.9	452	132.5	#1990
1.00E-04	676.8	93.4	26	#1991
1.00E-04	1060.8	297.7	51	#1992
1.00E-04	1066.8	568.5	124.8	#1993
1.00E-04	2428.4	938.2	96.3	#1994
1.00E-04	1224.9	1036.4	90.6	#1995
1.00E-04	186.1	383.5	165.8	#1996
1.00E-04	591.9	412	197.3	#1997
1.00E-04	1171.1	1456.5	325	#1998
1.00E-04	2534.5	562.1	85.6	#1999
1.00E-04	1058	860.1	323.5	#2000
1.00E-04	883.1	1057	203.4	#2001
1.00E-04	896.1	642.5	78.1	#2002
1.00E-04	1818.2	344.4	36.3	#2003
1.00E-04	1593.8	495.6	83.2	#2004
1.00E-04	3059	269.4	37.4	#2005
1.00E-04	426	1174	98.9	#2006
1.00E-04	1053.6	1341.4	286.4	#2007
1.00E-04	1428	767	103.6	#2008
1.00E-04	3140.1	451.3	28.3	#2009
1.00E-04	2101.9	1736	181.6	#2010
1.00E-04	646.6	966.6	866.3	#2011
1.00E-04	2481.9	1995.9	460.1	#2012
1.00E-04	709.6	1303.7	513.1	#2013
1.00E-04	2963.6	1029.3	259.9	#2014
1.00E-04	3218.3	2912	511.7	#2015
1.00E-04	858.3	1433.7	443.3	#2016
1.00E-04	3588.3	1279.7	143.8	#2017
####################################################################
#Fleet 02: ACU, HERAS Q2
## 2003-2016
## first age last age: 1 -3+
####################################
# eff    Age1   Age2   Age3    # calendar year
 0.001   25294   3983   338    #   2003
 0.001   28940   5312   367    #   2004
 0.001   69798   2526   350    #   2005
 0.001   21862   19916  760    #   2006
 0.001   37250   5513   1869   #   2007
 0.001   17165   7410   549    #   2008
 0.001   47520   16488  1183   #   2009
 0.001   19492   13743  798    #   2010
 0.001   26536   13660  2430   #   2011
 0.001   21912   12541  3205   #   2012 
 0.001    9332    6273  1600   #  2013 
 0.001   58405   20164  3823   #  2014 
 0.001   26241   22474  9799   #  2015 
 0.001   58599   33318  7880   #  2016 
#################################################
# fleet 03: IBTS Q3 age 1-3, 1991-2017
# eff  Age1  Age2  Age3+  # Age and calendar year
1E-04   196.3    78.7   32.9  #1991
1E-04  2430.0  2024.2  141.6  #1992
1E-04  1423.8  1540.6  330.8  #1993
1E-04  2441.1   333.2   87.3  #1994
1E-04   729.9  2067.5 1077.3  #1995
1E-04   310.5   734.6  359.6  #1996
1E-04  4527.8  1278.6  265.6  #1997
1E-04  2020.7  1122.2  151.0  #1998
1E-04  7982.2   918.4   61.8  #1999
1E-04  2535.9  1561.3   45.6  #2000
1E-04  2310.0  1495.5  117.1  #2001
1E-04  4248.4  1153.7  123.7  #2002
1E-04  1619.5   303.3   14.0  #2003
1E-04  3061.3   840.7  108.9  #2004
1E-04  8273.9   438.3   90.2  #2005
1E-04  1446.7  1913.6   88.1  #2006
1E-04  1435.5  1122.1  227.6  #2007
1E-04  1806.3   977.7  126.8  #2008
1E-04  9424.9  2186.3  271.7  #2009
1E-04  3967.8  3076.6  183.6  #2010
1E-04 10660.1  3788.9 1116.3  #2011
1E-04  2761.3  2896.5  448.7  #2012
1E-04  3508.3  3143.6  406.7  #2013
1E-04 10316.1  1741.9   73.2  #2014
1E-04  9351.7  4948.4  409.8  #2015 
1E-04  2789.7   905.3  201.5  #2016  
################################################################################################################################################
# Species PLE
################################################################################################################################################
##  PLE Fleet 01:  BTS-Isis-early age  1 - 8  timing: 0.66 0.75 
1e-04      136.759      173.893       36.059       10.997        1.273        0.973        0.336        0.155      #  0.091    #1985
1e-04      667.441      131.704       50.173        9.208        3.780        0.400        0.418        0.147      #  0.070    #1986
1e-04      225.822      764.186       33.841        4.880        1.842        0.607        0.252        0.134      #  0.078    #1987
1e-04      680.173      146.993      182.312        9.991        2.810        0.814        0.458        0.036      #  0.112    #1988
1e-04      467.877      319.272       38.660       47.305        5.850        0.833        0.311        0.661      #  0.132    #1989
1e-04      185.344      146.071       79.339       26.351        5.469        0.758        0.189        0.383      #  0.239    #1990
1e-04      291.378      159.424       33.955       13.569        4.313        5.659        0.239        0.204      #  0.092    #1991
1e-04      360.890      174.526       29.253        5.961        3.748        2.871        1.186        0.346      #  0.050    #1992
1e-04      188.988      283.400       62.783        8.272        1.128        1.130        0.584        0.464      #  0.155    #1993
1e-04      193.260       77.139       34.458       10.586        2.667        0.600        0.800        0.895      #  0.373    #1994
1e-04      265.634       40.618       13.218        7.527        1.110        0.806        0.330        1.051      #  0.202    #1995
###################################################################################
##  PLE  Fleet 02:  BTS-Combined (all)   age  1 - 9  timing: 0.6453376 0.6453376                                                              age10
0.01          26759.58     25949.58      5794.95      1533.75      1172.98       606.15       378.90        52.60         8.29    #   280.79    #1996
0.01          45897.04     96923.33      6737.02      1446.05       570.41       411.81        72.54       267.63        48.05    #   125.60    #1997
0.01          34148.87     83834.29      9534.21      2674.09       664.65       386.11       230.64       196.71        73.28    #   125.07    #1998
0.01          44266.94     18310.67     29752.93      2813.11      1110.41       257.57        95.42        86.97        41.05    #    31.35    #1999
0.01          42116.52     22415.94      9121.37     10053.98       624.46       223.43       110.99        99.11        16.53    #    59.27    #2000
0.01          28600.80     20460.37      6834.57      3493.50      3462.67       268.75        90.91        73.09        55.05    #    86.00    #2001
0.01         133179.54     16836.16      6767.33      3715.52      2076.89      1537.80       263.02       127.83        43.44    #   201.85    #2002
0.01          31956.50     46174.93      6686.09      3361.50      1601.10       930.62       914.51        68.75        54.65    #   253.80    #2003
0.01          44684.76     13805.04     16999.43      2948.22      1504.66       869.62       479.99       715.54        43.81    #   219.12    #2004
0.01          37599.42     28190.67      4508.15      6820.32       906.71      1030.58       367.43        80.89       841.36    #   385.76    #2005
0.01          41399.71     17126.45      9910.76      2380.50      3777.26       585.06       736.74       100.36       131.55    #   703.06    #2006
0.01          83862.91     22501.51     10474.48      7984.25      1689.68      2523.48       281.62       614.50        74.54    #   992.96    #2007
0.01          66896.51     47117.48     12277.02      6329.44      4391.06       932.48      1403.69       290.92       454.55    #   905.25    #2008
0.01          64412.58     23487.02     19155.11      5051.83      3088.20      2529.69       640.24      1428.31       274.71    #  1164.25    #2009
0.01          79927.63     29101.17     13501.55     10019.98      3047.12      1697.76      1725.51       582.41       963.96    #  1361.89    #2010
0.01         124219.66     43303.63     17602.09      9113.69      6019.15      1937.37       902.83      1596.25       235.73    #  1741.72    #2011
0.01          58133.93     66018.33     37381.85     15040.34      7905.21      4929.35      1552.19      1163.94      1526.44    #  1491.81    #2012
0.01          86858.33     53497.57     37560.68     18739.52      7024.54      4105.20      3074.23      1227.15       749.65    #  2276.78    #2013
0.01         140561.54     63030.22     26568.55     20362.32      8538.75      3536.32      2211.58      1692.01       952.43    #  2187.33    #2014
0.01          51289.83     67943.67     32622.01     16010.75     12400.67      6440.45      2190.41      1587.28      1465.05    #  2531.64    #2015
0.01          80551.65     32318.90     31019.52     17053.40      9116.79      6353.12      3502.97      1615.09      1037.01    #  2306.50    #2016
###################################################################################
##  PLE Fleet 03:   SNS1    age  1 - 6  timing: 0.66 0.75                                   AGE7
1e-03     15366.00     16509.00      1129.00       160.00        82.00         7.00      #   7.00    #1974
1e-03     11628.00      8168.00      9556.00        65.00        15.00         0.00      #   0.00    #1975
1e-03      8537.00      2403.00       868.00       236.00         0.00         2.30      #   0.00    #1976
1e-03     18537.00      3424.00      1737.00       590.00       213.00         0.00      #   6.70    #1977
1e-03     14012.00     12678.00       345.00       135.00        45.00        13.60      #   0.00    #1978
1e-03     21495.00      9829.00      1575.00       161.00        17.00        42.20      #   6.70    #1979
1e-03     59174.00     12882.00       491.00       180.00        24.00         7.80      #   0.00    #1980
1e-03     24756.00     18785.00       834.00        38.00        32.00         4.70      #   0.00    #1981
1e-03     69993.00      8642.00      1261.00        88.00         8.00         8.70      #   3.90    #1982
1e-03     33974.00     13909.00       249.00        71.00         6.00         1.30      #   0.00    #1983
1e-03     44965.00     10413.00      2467.00        42.00         0.00         0.00      #   8.00    #1984
1e-03     28101.00     13848.00      1598.00       328.00        17.00         1.50      #   0.00    #1985
1e-03     93552.00      7580.00      1152.00       145.00        30.00         6.60      #   8.40    #1986
1e-03     33402.00     32991.00      1227.00       200.00        30.00        16.70      #   0.00    #1987
1e-03     36609.00     14421.00     13153.00      1350.00        88.00        12.10      #   9.20    #1988
1e-03     34276.00     17810.00      4373.00      7126.00       289.00       113.60      #  12.50    #1989
1e-03     25037.00      7496.00      3160.00       816.00       422.00        48.80      #   0.00    #1990
1e-03     57221.00     11247.00      1518.00      1077.00       128.00        74.40      #   6.00    #1991
1e-03     46798.00     13842.00      2268.00       613.00       176.00        52.00      #  34.80    #1992
1e-03     22098.00      9686.00      1006.00        98.00        60.00        58.80      #   2.50    #1993
1e-03     19188.00      4977.00       856.00        76.00        23.00         2.70      #   0.00    #1994
1e-03     24767.00      2796.00       381.00        97.00        38.00         0.00      #   4.00    #1995
1e-03     23015.00     10268.00      1185.00        45.00        47.00         0.00      #   0.00    #1996
1e-03     95901.00      4473.00       497.00        32.00         0.00        13.30      #   6.70    #1997
1e-03     33666.00     30242.00      5014.00        50.00        10.00         0.00      #   0.00    #1998
1e-03     32951.00     10272.00     13783.00      1058.00        17.00         0.00      #   0.00    #1999
###################################################################################
##  PLE Fleet 04:   SNS2    age  1 - 6  timing: 0.66 0.75 
1e-03     22855.00      2493.00       891.00       983.00        17.00         2.00       #  2.00    #2000
1e-03     11511.00      2898.00       370.00       176.00       691.00       105.80       #  0.00    #2001
1e-03     30809.00      1103.00       265.00        65.00        69.00        30.70       #  0.00    #2002
1e-03           -1           -1           -1           -1           -1           -1       #    -1    #2003
1e-03     18202.00      1350.00      1081.00        51.00        27.00        29.70       #  5.30    #2004
1e-03     10118.00      1819.00       142.00       366.00         8.00        19.00       #  0.00    #2005
1e-03     12164.00      1571.00       385.00        52.00        54.00         0.00       # 16.70    #2006
1e-03     14175.00      2134.00       140.00        52.00         0.00         7.40       #  0.00    #2007
1e-03     14706.00      2700.00       464.00       179.00        34.00         6.70       #  6.70    #2008
1e-03     14860.00      2019.00       492.00        38.00        20.00         0.00       # 16.70    #2009
1e-03     11947.00      1812.00       529.00        55.00        10.00         0.00       #  0.00    #2010
1e-03     18349.00      1143.00       308.00        75.00        60.00        28.00       #  0.00    #2011
1e-03      5893.00      2929.00       682.00        82.00        30.00        15.00       #  0.00    #2012
1e-03     15395.00      3021.00      1638.00       428.00        89.00        31.10       # 20.00    #2013
1e-03     17313.00      2258.00       514.00       458.00        58.00        16.40       #  0.00    #2014
1e-03     16727.00      5040.00      1882.00       478.00       200.00        97.50       # 117.50    #2015
1e-03     10385.00      2434.00      1086.00       522.00       223.00       131.70       # 25.70    #2016
###################################################################################
##  PLE  Fleet 05:  IBTS_Q3   age  1 - 9  timing: 0.6278328 0.6278328 
1e-03           3134.892     4111.645     2510.356      699.375      287.484      236.862      137.442      125.177       85.991   #   180.341    #1997
1e-03           1012.244     5170.600     1653.114      800.881      290.805      129.861       85.674       93.921       45.808   #    87.144    #1998
1e-03            908.240     2275.367     4169.160      683.173      266.478      120.348       45.377       46.052       31.835   #    22.087    #1999
1e-03            917.814     1756.437     1893.026     2055.918      210.723      117.900       55.618       44.525       14.908   #    37.389    #2000
1e-03           1159.692     3281.976     2037.001     1076.745     1079.549      160.176       79.888       66.125       55.225   #   146.435    #2001
1e-03           6150.210     2907.686     2272.734     1209.061      625.021      410.001      100.581       95.489       47.176   #   107.683    #2002
1e-03           1324.948     4967.339     1611.207      975.401      427.874      254.243      274.221       53.934       59.228   #   144.089    #2003
1e-03           2438.194     2533.365     3854.824      885.603      565.050      283.824      185.155      231.498       46.574   #   186.395    #2004
1e-03           1923.149     4814.429     1536.435     2206.121      374.093      454.685      227.903       81.261      229.090   #   237.311    #2005
1e-03           2160.801     3124.340     3642.955     1044.583     1149.496      363.870      387.727      153.454       85.548   #   363.440    #2006
1e-03           5641.544     4718.727     3589.592     3060.628      764.007     1212.784      320.805      440.133      117.191   #   748.172    #2007
1e-03           6198.893    10842.344     4878.029     3218.628     2029.076      675.108      718.957      304.885      269.142   #   587.937    #2008
1e-03           2742.322     5079.524     7374.207     2640.241     1587.777     1101.131      441.129      707.854      194.153   #   856.759    #2009
1e-03           3127.908     4966.718     5172.149     4608.186     1501.995     1062.724     1046.107      459.934      633.235   #  1197.746    #2010
1e-03           6649.142     9178.832     7059.437     4571.941     3197.417     1183.188      834.787     1037.851      262.979   #  1477.514    #2011
1e-03           2752.112    11611.527    11253.164     6272.322     3441.387     2335.282     1125.405      873.912      886.265   #  1442.686    #2012
1e-03           2802.814     6962.523     9480.142     6121.763     3106.275     1917.388     1498.165      697.368      461.581   #  1568.073    #2013
1e-03           5455.506     9123.489     7516.137     6177.782     3047.418     1396.465     1029.390      738.040      463.912   #  1337.145    #2014
1e-03           1672.338     7362.907     7951.549     5723.132     4310.433     2370.270     1249.191      915.318      752.760   #  1889.706    #2015
1e-03           3704.365     6118.113     7917.706     5495.265     2591.537     1854.795     1335.359      856.798      701.540   #  1722.215    #2016
###################################################################################
##  PLE  Fleet06:  IBTS_Q1 age  1 - 7  timing: 0.1038277 0.1038277 
1e-03      2215.35      5496.26      5570.54      5743.24      1810.57       886.21       479.93    #   433.66    #2007
1e-03      2373.31     11164.62      7031.84      3447.49      2338.79       716.92       493.80    #   437.68    #2008
1e-03      2833.57      7416.28     12021.41      4219.31      1982.59       806.94       433.21    #   598.99    #2009
1e-03      1406.19      5775.65      9059.71      7807.18      3153.38      1259.44       796.92    #   709.68    #2010
1e-03      1151.52      6172.08      6379.50      6150.41      4832.33      1609.61       862.18    #   957.19    #2011
1e-03      1957.67     14008.44     14630.05      7017.18      4657.38      3044.91      1223.55    #  1787.00    #2012
1e-03      1312.67      5431.24      9455.27      6523.72      3004.80      1631.96       850.35    #   824.21    #2013
1e-03      2475.25      7375.07      8714.88      8326.98      4476.07      1662.92       901.92    #  1027.97    #2014
1e-03       787.16     10232.83     10533.05      8456.44      5664.50      2440.28      1078.48    #  1142.05    #2015
1e-03      2064.46      5529.30      9019.74      7092.95      4704.01      2253.41      1194.82    #  1615.36    #2016
################################################################################################################################################
# Species SOL
################################################################################################################################################
##  SOL Fleet 01:   BTS-ISIS  age  1 - 9  timing: 0.66 0.75 
0.0001        7.031        7.121        3.695        1.654        0.688        0.276        0.000        0.000        0.000    #1985
0.0001        7.168        5.183        1.596        0.987        0.623        0.171        0.158        0.000        0.018    #1986
0.0001        6.973       12.548        1.834        0.563        0.583        0.222        0.228        0.058        0.000    #1987
0.0001       83.111       12.512        2.684        1.032        0.123        0.149        0.132        0.103        0.014    #1988
0.0001        9.015       68.084        4.191        4.096        0.677        0.128        0.242        0.000        0.051    #1989
0.0001       37.839       24.487       21.789        0.778        1.081        0.770        0.120        0.115        0.025    #1990
0.0001        4.035       28.841        6.872        6.453        0.136        0.135        0.063        0.045        0.013    #1991
0.0001       81.625       22.284       10.449        2.529        3.018        0.090        0.162        0.078        0.020    #1992
0.0001        6.350       42.345        1.338        5.516        3.371        6.199        0.023        0.084        0.053    #1993
0.0001        7.660        7.121       19.743        0.124        1.636        0.088        0.983        0.009        0.000    #1994
0.0001       28.125        8.458        6.268        5.129        0.363        0.805        0.316        0.734        0.039    #1995
0.0001        3.975        7.634        1.955        1.785        2.586        0.326        0.393        0.052        0.264    #1996
0.0001      169.343        4.919        2.985        0.739        0.710        0.380        0.096        0.035        0.042    #1997
0.0001       17.108       27.422        1.862        1.242        0.073        0.015        0.391        0.000        0.000    #1998
0.0001       11.960       18.363       15.783        0.584        1.920        0.310        0.218        0.604        0.003    #1999
0.0001       14.594        6.144        4.045        1.483        0.263        0.141        0.060        0.007        0.150    #2000
0.0001        7.998        9.963        2.156        1.564        0.684        0.074        0.037        0.028        0.000    #2001
0.0001       20.989        4.182        3.428        0.886        0.363        0.361        0.032        0.069        0.000    #2002
0.0001       10.507        9.947        2.459        1.670        0.360        0.187        0.319        0.000        0.020    #2003
0.0001        4.192        4.354        3.553        0.644        0.626        0.118        0.070        0.073        0.000    #2004
0.0001        5.534        3.395        2.377        1.303        0.167        0.171        0.077        0.047        0.000    #2005
0.0001       17.089        2.332        0.278        0.709        0.479        0.151        0.088        0.000        0.007    #2006
0.0001        7.498       19.504        1.464        0.565        0.315        0.537        0.031        0.009        0.000    #2007
0.0001       15.247        9.062       12.298        1.313        0.222        0.279        0.202        0.028        0.047    #2008
0.0001       15.950        4.999        2.858        4.791        0.252        0.124        0.272        0.079        0.000    #2009
0.0001       54.811       10.707        2.027        0.774        1.252        0.143        0.122        0.005        0.027    #2010
0.0001       26.166       17.387        4.006        1.094        0.778        0.828        0.013        0.000        0.141    #2011
0.0001        5.149       18.212        8.863        1.692        0.764        0.257        0.229        0.046        0.000    #2012
0.0001        6.844        3.558       12.566        5.385        0.871        0.197        0.105        0.078        0.019    #2013
0.0001       18.926       15.576        3.373        6.763        3.208        0.377        0.101        0.020        0.000    #2014
0.0001       21.099       25.601        9.660        1.294        4.576        1.502        0.419        0.122        0.150    #2015
0.0001        6.454       11.832        8.417        2.912        0.415        1.498        0.471        0.042        0.000    #2016
###################################################################################
##  SOL Fleet 02:   SNS  age  1 - 6  timing: 0.66 0.75 
0.001       2348.0        361.0         65.0           -1          0.0          4.4    #1974
0.001        525.0        865.0        177.0         18.0          0.0         17.1    #1975
0.001       1399.0         74.0        229.0         27.0          5.7          0.0    #1976
0.001       3743.0        776.0        104.0         43.0         31.7          3.9    #1977
0.001       1548.0       1355.0        294.0         28.0         99.4         13.3    #1978
0.001         94.0        408.0        301.0         78.0          0.0         16.7    #1979
0.001       4313.0         89.0        109.0         61.0          3.3          0.0    #1980
0.001       3737.0       1413.0         50.0         20.0          0.0          0.0    #1981
0.001       5857.0       1146.0        228.0          7.0         10.0          0.0    #1982
0.001       2621.0       1123.0        121.0         40.0          0.0         19.7    #1983
0.001       2493.0       1100.0        318.0         74.0          8.0          0.0    #1984
0.001       3619.0        716.0        167.0         49.0          4.4          0.0    #1985
0.001       3705.0        458.0         69.0         31.0         16.7          0.0    #1986
0.001       1948.0        944.0         65.0         21.0          0.0          0.0    #1987
0.001      11227.0        594.0        282.0         82.0         10.2         15.5    #1988
0.001       2831.0       5005.0        208.0         53.0         18.2         18.6    #1989
0.001       2856.0       1120.0        914.0        100.0         49.6         12.5    #1990
0.001       1254.0       2529.0        514.0        624.0         27.2         35.8    #1991
0.001      11114.0        144.0        360.0        195.0        284.8         20.0    #1992
0.001       1291.0       3420.0        154.0        213.0          0.0        191.7    #1993
0.001        652.0        498.0        934.0         10.0         59.3          0.0    #1994
0.001       1362.0        224.0        143.0        411.0          7.1         31.1    #1995
0.001        218.0        349.0         30.0         36.0         90.0         10.0    #1996
0.001      10279.0        154.0        190.0         27.0         58.1        230.0    #1997
0.001       4095.0       3126.0        142.0         99.0          0.0         10.0    #1998
0.001       1649.0        972.0        456.0         10.0         20.7          0.0    #1999
0.001       1639.0        126.0        166.0        118.0          0.0          2.0    #2000
0.001        970.0        655.0        107.0         36.0         56.2          0.0    #2001
0.001       7548.0        379.0        195.0           -1         30.8         19.2    #2002
0.001           -1           -1           -1           -1           -1           -1    #2003
0.001       1370.0        624.0        393.0         69.0         53.1          7.5    #2004
0.001        568.0        163.0        124.0           -1         21.3          6.7    #2005
0.001       2726.0        117.0         25.0         30.0          0.0          0.0    #2006
0.001        849.0        911.0         33.0         40.0         14.4          0.0    #2007
0.001       1259.0        259.0        325.0           -1         10.0          0.0    #2008
0.001       1932.0        344.0         62.0        103.0          0.0          0.0    #2009
0.001       2637.0        237.0         67.0         42.0         23.2          0.0    #2010
0.001       1248.0        884.0        211.0        112.0          0.0         38.0    #2011
0.001           -1           -1           -1           -1           -1           -1    #2012
0.001        967.0        427.0        491.0        179.0         50.8          7.6    #2013
0.001       2849.0        448.0         45.0         60.0         34.0          0.0    #2014
0.001       3192.0       2334.0        138.0        160.0        162.0        151.0    #2015
0.001        734.0        623.0        495.0        110.0         17.0         43.0    #2016
######
-999  # check value