ParName   Value   Gradient
log_rec(16,1974)      2.64296 2.26138e-005
log_rec(16,1975)      2.05678 1.13523e-005
log_rec(16,1976)      3.38222 -3.55635e-005
log_rec(16,1977)       2.7462 -3.30762e-006
log_rec(16,1978)      3.16992 2.42943e-005
log_rec(16,1979)      2.54382 5.38368e-006
log_rec(16,1980)      2.63636 -2.40666e-006
log_rec(16,1981)      3.93489 -2.11832e-005
log_rec(16,1982)      2.95098 4.54285e-007
log_rec(16,1983)      2.78238 -2.49444e-005
log_rec(16,1984)      2.75463 1.21295e-005
log_rec(16,1985)      2.61038 -1.62994e-005
log_rec(16,1986)      2.29553 -1.32985e-005
log_rec(16,1987)      2.16358 -1.28283e-006
log_rec(16,1988)      2.00623 -1.00389e-005
log_rec(16,1989)      1.97693 3.13275e-006
log_rec(16,1990)      2.16367 -1.2795e-006
log_rec(16,1991)       2.2022 -1.23977e-005
log_rec(16,1992)      1.94745 4.13584e-006
log_rec(16,1993)      2.29774 -2.93739e-006
log_rec(16,1994)      2.32839 -7.3573e-006
log_rec(16,1995)      2.20056 -3.14912e-007
log_rec(16,1996)      2.63599 -1.47663e-005
log_rec(16,1997)      2.33909 1.89971e-005
log_rec(16,1998)      2.45539 2.72921e-006
log_rec(16,1999)      3.05168 -3.81101e-006
log_rec(16,2000)      2.06892 -6.20639e-006
log_rec(16,2001)      2.34821 -1.1835e-005
log_rec(16,2002)      2.73861 -1.29507e-005
log_rec(16,2003)      2.89034 -1.11186e-005
log_rec(16,2004)       2.6478 -1.07764e-005
log_rec(16,2005)      2.98759 -1.3024e-005
log_rec(16,2006)      2.61785 -1.7534e-006
log_rec(16,2007)      2.70175 -7.30393e-006
log_rec(16,2008)      2.78994 -3.06896e-006
log_rec(16,2009)      2.55748 -1.84236e-006
log_rec(16,2010)      2.39407 -7.26554e-007
log_rec(16,2011)      3.04958 -1.02436e-005
log_rec(16,2012)      3.17139 6.43673e-007
log_rec(16,2013)      3.21909 2.97598e-006
log_rec(16,2014)      2.90391 9.21489e-007
log_rec(16,2015)      2.86197 -1.21329e-006
log_rec(16,2016)      2.99174 1.74132e-007
log_rec(17,1974)      2.45909 2.87759e-005
log_rec(17,1975)       2.4378 2.31498e-005
log_rec(17,1976)      2.53916 -1.72776e-005
log_rec(17,1977)      2.41648 3.69854e-006
log_rec(17,1978)      2.62981 2.10569e-005
log_rec(17,1979)      2.16883 -8.68953e-007
log_rec(17,1980)      1.99426 -2.7382e-006
log_rec(17,1981)      2.30448 -6.28386e-006
log_rec(17,1982)      1.69432 -2.56906e-006
log_rec(17,1983)      1.69164 -1.34192e-005
log_rec(17,1984)       1.9338  5.7065e-006
log_rec(17,1985)      1.94699 -2.21123e-005
log_rec(17,1986)      2.11067 -2.47027e-005
log_rec(17,1987)      2.03401 6.90611e-006
log_rec(17,1988)      2.20103 -2.84808e-005
log_rec(17,1989)      1.92581 -1.39464e-006
log_rec(17,1990)      1.89574 -9.60105e-006
log_rec(17,1991)      1.53275 -1.11419e-005
log_rec(17,1992)      1.92435 -2.27599e-006
log_rec(17,1993)      1.71039 -9.17848e-006
log_rec(17,1994)      1.57162 -1.35328e-005
log_rec(17,1995)       1.5433 -4.23326e-006
log_rec(17,1996)     0.855022 -9.61386e-007
log_rec(17,1997)       1.6616 1.25808e-005
log_rec(17,1998)      2.15635 7.24932e-006
log_rec(17,1999)      2.19154 -7.59135e-006
log_rec(17,2000)      2.06084 -1.24242e-005
log_rec(17,2001)      2.05737 -1.67803e-005
log_rec(17,2002)      1.44082 2.81308e-007
log_rec(17,2003)      1.59338  3.8364e-006
log_rec(17,2004)      1.64476 -3.19939e-007
log_rec(17,2005)       1.4724 7.11342e-007
log_rec(17,2006)      1.47357 6.38974e-006
log_rec(17,2007)      1.88403 -2.30367e-006
log_rec(17,2008)      1.65369 -2.49601e-006
log_rec(17,2009)      1.11738 -2.27303e-006
log_rec(17,2010)      1.80025 -4.39361e-007
log_rec(17,2011)      1.86502 1.67684e-006
log_rec(17,2012)       1.3043 -1.20669e-006
log_rec(17,2013)        1.631 1.33114e-006
log_rec(17,2014)      1.67745 -6.31645e-008
log_rec(17,2015)      2.00533 -3.6893e-006
log_rec(17,2016)      2.05143 -1.06762e-006
log_rec(18,1974)      3.21166 4.20272e-005
log_rec(18,1975)     0.891237 1.15305e-006
log_rec(18,1976)      1.52523 -6.11616e-006
log_rec(18,1977)      2.11735 2.39633e-006
log_rec(18,1978)      2.43046 6.26434e-006
log_rec(18,1979)      2.99017 -1.77744e-005
log_rec(18,1980)      2.42359 -9.40312e-006
log_rec(18,1981)      2.62882 -2.2253e-006
log_rec(18,1982)      2.01055 3.64758e-006
log_rec(18,1983)      2.31306 -1.94973e-006
log_rec(18,1984)      1.28494 8.01613e-006
log_rec(18,1985)      1.35978 2.30272e-006
log_rec(18,1986)      2.14202 3.22605e-007
log_rec(18,1987)     0.316776 2.67161e-006
log_rec(18,1988)    -0.026737   2.584e-006
log_rec(18,1989)     0.729867 3.29827e-007
log_rec(18,1990)      1.38137 -3.00106e-006
log_rec(18,1991)      1.45921 9.07831e-006
log_rec(18,1992)      1.76126 7.37675e-006
log_rec(18,1993)      0.75035 4.80421e-006
log_rec(18,1994)      2.30517 3.21455e-007
log_rec(18,1995)      1.38379 1.26595e-005
log_rec(18,1996)      1.16944 8.74153e-006
log_rec(18,1997)     0.811281  1.6074e-005
log_rec(18,1998)      0.17229 7.86413e-006
log_rec(18,1999)      2.49284 1.58782e-005
log_rec(18,2000)      1.23832 8.01606e-006
log_rec(18,2001)    -0.342831 7.64059e-006
log_rec(18,2002)    0.0797257 1.28064e-005
log_rec(18,2003)     0.273511 1.63356e-005
log_rec(18,2004)   -0.0579905 2.03715e-005
log_rec(18,2005)       1.8627 2.94598e-005
log_rec(18,2006)     0.353402  1.6606e-005
log_rec(18,2007)      -0.1326 1.47527e-005
log_rec(18,2008)    -0.730363 9.44913e-006
log_rec(18,2009)      1.02739 1.26091e-005
log_rec(18,2010)    -0.984026 5.02339e-006
log_rec(18,2011)     -1.58246 6.21275e-006
log_rec(18,2012)    -0.574757 4.86711e-006
log_rec(18,2013)    -0.826523 7.86141e-006
log_rec(18,2014)      1.01159 3.62849e-006
log_rec(18,2015)    -0.182558   3.659e-006
log_rec(18,2016)     0.348618 1.14776e-006
log_rec(19,1974)    -0.101699 -2.04519e-006
log_rec(19,1975)    -0.679643 -2.47014e-006
log_rec(19,1976)    -0.419632 -3.0122e-006
log_rec(19,1977)    -0.618476 -4.69418e-006
log_rec(19,1978)     0.208749 -2.19353e-005
log_rec(19,1979)   -0.0456427 -2.31159e-005
log_rec(19,1980)   -0.0547072 -2.66223e-005
log_rec(19,1981)    -0.167571 -2.5101e-005
log_rec(19,1982)   0.00581957 -2.86265e-005
log_rec(19,1983)       0.6597 -4.26619e-005
log_rec(19,1984)  -0.00914548 -2.72346e-005
log_rec(19,1985)     -0.15598 -2.93865e-005
log_rec(19,1986)    -0.639817 -1.83658e-005
log_rec(19,1987)    -0.611885 -2.57002e-005
log_rec(19,1988)    -0.334279 -3.02609e-005
log_rec(19,1989)    -0.405025 -3.87547e-005
log_rec(19,1990)    -0.267799 -3.93823e-005
log_rec(19,1991)    -0.570837 -2.4287e-005
log_rec(19,1992)     0.519938 -6.70363e-005
log_rec(19,1993)    -0.346599 -2.22055e-005
log_rec(19,1994)    0.0198508 -2.43377e-005
log_rec(19,1995)    -0.753606 7.46605e-007
log_rec(19,1996)    -0.194947 -7.8919e-006
log_rec(19,1997)    -0.766852  1.2242e-006
log_rec(19,1998)     0.124165 -1.75322e-005
log_rec(19,1999)     0.101763 -2.04956e-005
log_rec(19,2000)    -0.249068 -1.28815e-005
log_rec(19,2001)    -0.469386 -1.53696e-005
log_rec(19,2002)     0.041516 -1.97319e-005
log_rec(19,2003)    -0.898009 7.40567e-007
log_rec(19,2004)    -0.571746 3.75022e-006
log_rec(19,2005)    -0.912805 8.24048e-006
log_rec(19,2006)    -0.990517 1.30731e-005
log_rec(19,2007)    -0.438745  7.2711e-006
log_rec(19,2008)    -0.987379 1.45585e-005
log_rec(19,2009)    -0.382523 1.14349e-005
log_rec(19,2010)    -0.513132 1.10945e-005
log_rec(19,2011)     -1.03394 8.44813e-006
log_rec(19,2012)    -0.396113 7.33128e-006
log_rec(19,2013)     -0.30572  4.4073e-006
log_rec(19,2014)    -0.203305 5.15698e-007
log_rec(19,2015)    -0.250926 1.76629e-007
log_rec(19,2016)    -0.254812 -2.88717e-007
log_rec(20,1974)   -0.0848782 -8.38371e-006
log_rec(20,1975)    -0.104302 -8.70314e-006
log_rec(20,1976)    -0.597931  -5.119e-006
log_rec(20,1977)     -1.91329 -2.43954e-006
log_rec(20,1978)    -0.794737 -8.92849e-006
log_rec(20,1979)    -0.149259 -2.5388e-005
log_rec(20,1980) -0.000641734 -2.97895e-005
log_rec(20,1981)     0.175962 -4.58351e-005
log_rec(20,1982)     -1.15883 -5.44736e-006
log_rec(20,1983)     -1.57207 -1.08457e-005
log_rec(20,1984)     0.126941 -4.56046e-005
log_rec(20,1985)    -0.646019 -2.05664e-005
log_rec(20,1986)    -0.508626 -1.98939e-005
log_rec(20,1987)    -0.138727 -2.60692e-005
log_rec(20,1988)    -0.577021 -1.44338e-005
log_rec(20,1989)    -0.274467 -2.22486e-005
log_rec(20,1990)    -0.614356 -1.62403e-005
log_rec(20,1991)    -0.473178 -1.7084e-005
log_rec(20,1992)     -0.24073 -1.35933e-005
log_rec(20,1993)    -0.159916 -1.29809e-005
log_rec(20,1994)    -0.313768 -1.29048e-005
log_rec(20,1995)    -0.519749 -1.15917e-005
log_rec(20,1996)    -0.463264 -3.56541e-006
log_rec(20,1997)    -0.648685 -3.53646e-006
log_rec(20,1998)    -0.629248 -3.43505e-006
log_rec(20,1999)    -0.513136 -4.2941e-006
log_rec(20,2000)    -0.986914 -1.5045e-006
log_rec(20,2001)    -0.278867 -5.3599e-006
log_rec(20,2002)    0.0514973 -6.94551e-006
log_rec(20,2003)    -0.455078 -6.34897e-006
log_rec(20,2004)    -0.156243 -1.95352e-006
log_rec(20,2005)     0.265955 -4.98235e-006
log_rec(20,2006)     0.466426 -9.17107e-006
log_rec(20,2007)     0.310764 -1.14566e-006
log_rec(20,2008)     0.263989 -7.41587e-008
log_rec(20,2009)    0.0690894 7.24089e-007
log_rec(20,2010)     0.425064 -3.18662e-007
log_rec(20,2011)     0.454565 2.70554e-007
log_rec(20,2012)   -0.0348734 1.28011e-007
log_rec(20,2013)    -0.189363 2.08432e-007
log_rec(20,2014)     0.249709 -2.41371e-007
log_rec(20,2015)    -0.539915 2.11522e-007
log_rec(20,2016)    -0.256522 1.13956e-009
log_rec(21,1974)    -0.780591  5.7339e-007
log_rec(21,1975)     -1.70401 -3.01522e-007
log_rec(21,1976)     -2.33097 -1.54917e-007
log_rec(21,1977)     -1.91526 2.35535e-006
log_rec(21,1978)     -2.27288 2.80763e-006
log_rec(21,1979)     -1.10372 9.12567e-006
log_rec(21,1980)    0.0771949  1.8682e-005
log_rec(21,1981)     0.518011 3.27793e-005
log_rec(21,1982)     0.709854 4.88153e-005
log_rec(21,1983)      0.45357 5.61531e-005
log_rec(21,1984)     0.537844  5.4682e-005
log_rec(21,1985)     0.971222 6.56672e-005
log_rec(21,1986)      1.12367 7.46369e-005
log_rec(21,1987)     0.941476   7.721e-005
log_rec(21,1988)      0.30944 6.41263e-005
log_rec(21,1989)     0.237697  7.0001e-005
log_rec(21,1990)    0.0603633 6.58873e-005
log_rec(21,1991)     0.095147 6.50378e-005
log_rec(21,1992)     0.425196 6.34295e-005
log_rec(21,1993)      0.40078 5.08708e-005
log_rec(21,1994)     0.164499 3.45461e-005
log_rec(21,1995)     0.258599 2.49125e-005
log_rec(21,1996)     0.366302 2.47377e-005
log_rec(21,1997)    -0.122928 1.59823e-005
log_rec(21,1998)    -0.307328 8.13668e-006
log_rec(21,1999)     0.766729  1.1751e-005
log_rec(21,2000)     0.359997 7.56811e-006
log_rec(21,2001)      1.35759 2.91685e-005
log_rec(21,2002)     0.515037 2.07526e-005
log_rec(21,2003)   0.00301357 1.79671e-005
log_rec(21,2004)    0.0571671 1.80756e-005
log_rec(21,2005)    -0.307109 1.25157e-005
log_rec(21,2006)    -0.101217   1.286e-005
log_rec(21,2007)     0.176448 8.82492e-006
log_rec(21,2008)      0.18258 1.58955e-005
log_rec(21,2009)     0.230676  8.1473e-006
log_rec(21,2010)     0.224169 6.72887e-006
log_rec(21,2011)    0.0253943 5.08462e-006
log_rec(21,2012)    0.0200319 4.28328e-006
log_rec(21,2013)     0.310376 3.38354e-006
log_rec(21,2014)     0.496895 6.24743e-007
log_rec(21,2015)    -0.743884 2.33265e-006
log_rec(21,2016)     0.348126 -2.15787e-007
log_rec(22,1974)     0.959167 5.00468e-006
log_rec(22,1975)     0.763321 -1.07133e-006
log_rec(22,1976)     0.835591 -5.04991e-006
log_rec(22,1977)     0.273133 6.91878e-007
log_rec(22,1978)     0.688224 3.17877e-006
log_rec(22,1979)      1.40707 1.66908e-006
log_rec(22,1980)     0.896279  3.0882e-006
log_rec(22,1981)      1.11699 6.67145e-006
log_rec(22,1982)     0.960864 1.01007e-005
log_rec(22,1983)     0.711247 9.08254e-006
log_rec(22,1984)     0.176434 9.38133e-006
log_rec(22,1985)     0.920253 1.29503e-005
log_rec(22,1986)      1.22064 1.44622e-005
log_rec(22,1987)     0.402563 1.52514e-005
log_rec(22,1988)      1.43942 1.51186e-005
log_rec(22,1989)     0.489423 9.39664e-006
log_rec(22,1990)     0.827052 1.12069e-005
log_rec(22,1991)      1.07894 1.23853e-005
log_rec(22,1992)      1.13294 1.60434e-005
log_rec(22,1993)      1.75491 2.13055e-005
log_rec(22,1994)      1.79964 1.90432e-005
log_rec(22,1995)      1.34273 1.86163e-005
log_rec(22,1996)      2.22547 4.70771e-005
log_rec(22,1997)      0.46464 7.43618e-006
log_rec(22,1998)     0.652052 5.67725e-006
log_rec(22,1999)     0.995638 1.87046e-006
log_rec(22,2000)      1.15661 -1.8851e-006
log_rec(22,2001)     0.750296 -2.15595e-006
log_rec(22,2002)    -0.182678 9.17624e-008
log_rec(22,2003)     0.287725 3.87147e-006
log_rec(22,2004)    -0.327601 3.49771e-006
log_rec(22,2005)     0.175054 2.16875e-006
log_rec(22,2006)     0.622172 7.25799e-006
log_rec(22,2007)     0.498632 2.91543e-006
log_rec(22,2008)     0.372506 2.51418e-006
log_rec(22,2009)      1.20672 4.60113e-006
log_rec(22,2010)    -0.594024  2.7152e-007
log_rec(22,2011)     -0.97988 -3.39494e-007
log_rec(22,2012)     0.773535 2.56167e-007
log_rec(22,2013)     0.621731 1.49286e-006
log_rec(22,2014)     0.985096 -3.15062e-006
log_rec(22,2015)     -1.81974 -3.65984e-007
log_rec(22,2016)      2.28672 -2.31081e-007
log_rec(23,1974)     0.270721 3.40654e-006
log_rec(23,1975)    -0.447426 2.33249e-007
log_rec(23,1976)    0.0253498 -1.99207e-006
log_rec(23,1977)     0.830357  4.0693e-006
log_rec(23,1978)     0.100428 2.57523e-006
log_rec(23,1979)     0.107879  1.0492e-007
log_rec(23,1980)    -0.312106 2.15242e-006
log_rec(23,1981)      1.06083  6.7094e-006
log_rec(23,1982)     -1.23201 5.78606e-006
log_rec(23,1983)     0.833163  1.4147e-005
log_rec(23,1984)    -0.262595 9.98112e-007
log_rec(23,1985)     0.980984 1.12871e-005
log_rec(23,1986)    -0.495453 5.87854e-006
log_rec(23,1987)     -0.60688 5.31813e-006
log_rec(23,1988)      0.40013 1.07467e-005
log_rec(23,1989)    -0.284136 7.18157e-006
log_rec(23,1990)    0.0456374 7.88658e-006
log_rec(23,1991)      0.47671 1.42343e-005
log_rec(23,1992)    -0.842281 1.78027e-006
log_rec(23,1993)     0.343887  9.5206e-006
log_rec(23,1994)     0.662367 8.50415e-006
log_rec(23,1995)    -0.500024 2.83081e-006
log_rec(23,1996)       1.1859 2.24944e-005
log_rec(23,1997)    -0.344078 6.79239e-006
log_rec(23,1998)    0.0669629 2.72009e-006
log_rec(23,1999)       0.2889 9.71218e-007
log_rec(23,2000)     0.710235 2.43838e-008
log_rec(23,2001)     0.883625 1.10692e-006
log_rec(23,2002)     -1.25292  1.0459e-006
log_rec(23,2003)     0.120398 2.57292e-006
log_rec(23,2004)    -0.632613 3.30006e-007
log_rec(23,2005)      0.12826 1.28077e-006
log_rec(23,2006)    -0.123835 -3.32056e-007
log_rec(23,2007)     0.606289 1.01091e-006
log_rec(23,2008)    -0.149533 7.63449e-007
log_rec(23,2009)      1.45784  3.8383e-006
log_rec(23,2010)    -0.656511  1.5952e-006
log_rec(23,2011)    -0.328912 -1.2831e-006
log_rec(23,2012)     0.224281 3.82891e-007
log_rec(23,2013)    -0.159312 1.12049e-006
log_rec(23,2014)     0.683575 -2.23469e-006
log_rec(23,2015)    -0.996101 -6.8957e-007
log_rec(23,2016)     0.857416 -1.17106e-007
log_rec(24,1974)      2.05945 2.24647e-005
log_rec(24,1975)      2.48518  1.1458e-006
log_rec(24,1976)      2.34552 -2.02129e-005
log_rec(24,1977)       1.5316 2.77883e-006
log_rec(24,1978)      1.82049 6.69238e-006
log_rec(24,1979)      2.00434 -5.93309e-006
log_rec(24,1980)      1.32051 1.39142e-006
log_rec(24,1981)      1.91818 1.19379e-005
log_rec(24,1982)      1.98961 1.95761e-005
log_rec(24,1983)      1.82711  2.1674e-005
log_rec(24,1984)      1.35484 1.95225e-005
log_rec(24,1985)      1.23006 1.09278e-005
log_rec(24,1986)       1.5293 1.75449e-005
log_rec(24,1987)     0.198344 5.31085e-006
log_rec(24,1988)      1.16401 1.64587e-005
log_rec(24,1989)      1.32646 2.01856e-005
log_rec(24,1990)      1.20706 1.61603e-005
log_rec(24,1991)      1.44722 2.47984e-005
log_rec(24,1992)     0.980524 1.86645e-005
log_rec(24,1993)      1.06724  1.2612e-005
log_rec(24,1994)      1.96037 3.56262e-005
log_rec(24,1995)      1.23906 2.19382e-005
log_rec(24,1996)      1.35534 3.01913e-005
log_rec(24,1997)     0.331968 1.12855e-005
log_rec(24,1998)     0.956152 8.91167e-006
log_rec(24,1999)      1.46706 4.91833e-006
log_rec(24,2000)     0.804503 1.13768e-006
log_rec(24,2001)      1.03275 -3.69529e-006
log_rec(24,2002)     0.656969 -7.71171e-006
log_rec(24,2003)     0.167399 -7.14148e-007
log_rec(24,2004)     0.213502 1.25974e-006
log_rec(24,2005)      1.11508  1.0475e-005
log_rec(24,2006)     0.827898 2.29225e-006
log_rec(24,2007)     0.906603 -1.05251e-005
log_rec(24,2008)      1.40736 4.07066e-006
log_rec(24,2009)      1.49763 1.18861e-005
log_rec(24,2010)     0.488488 3.60984e-006
log_rec(24,2011)     0.985136 -5.07831e-006
log_rec(24,2012)      1.59998 -1.85913e-005
log_rec(24,2013)     0.564923 -1.49997e-005
log_rec(24,2014)      1.74586 -2.30919e-005
log_rec(24,2015)      1.31771 -1.14037e-005
log_rec(24,2016)      1.96706 -5.82971e-007
log_rec(25,1974)      1.60241 1.04487e-005
log_rec(25,1975)      2.64647 -3.88479e-006
log_rec(25,1976)      1.49037 -8.10027e-006
log_rec(25,1977)      1.48126 1.68016e-006
log_rec(25,1978)      2.34374 1.17135e-005
log_rec(25,1979)      1.19085 -5.51292e-007
log_rec(25,1980)     0.938479 2.16084e-008
log_rec(25,1981)    -0.110707 1.18967e-006
log_rec(25,1982)    -0.760153 4.80233e-006
log_rec(25,1983)    -0.302083 5.46134e-006
log_rec(25,1984)    0.0748473 1.00685e-005
log_rec(25,1985)    -0.717869 2.28876e-006
log_rec(25,1986)     0.510163  1.2249e-005
log_rec(25,1987)     -0.29556 9.04398e-006
log_rec(25,1988)     0.565553  1.0855e-005
log_rec(25,1989)    0.0909082 8.10668e-006
log_rec(25,1990)     0.602377 1.09523e-005
log_rec(25,1991)    0.0029474 6.20093e-006
log_rec(25,1992)     0.777042 1.33048e-005
log_rec(25,1993)      1.25388 1.37908e-005
log_rec(25,1994)     0.517393 6.82037e-006
log_rec(25,1995)   -0.0310515 2.72844e-006
log_rec(25,1996)    -0.140667 6.12198e-006
log_rec(25,1997)     0.326565 7.19734e-006
log_rec(25,1998)     0.871114 4.94508e-006
log_rec(25,1999)     0.541721 5.84773e-007
log_rec(25,2000)     0.137981 1.75589e-006
log_rec(25,2001)     0.370049  2.5528e-006
log_rec(25,2002)     0.227447  4.7085e-006
log_rec(25,2003)    0.0585847 6.82561e-006
log_rec(25,2004)      1.18067 1.27056e-005
log_rec(25,2005)   -0.0343853 4.78508e-006
log_rec(25,2006)     0.139796 3.87685e-006
log_rec(25,2007)     0.192084 3.15229e-006
log_rec(25,2008)     0.877793 7.77968e-006
log_rec(25,2009)     0.570919 2.62616e-006
log_rec(25,2010)     0.800482 3.38069e-006
log_rec(25,2011)     0.645151 2.77567e-006
log_rec(25,2012)    0.0326729 -5.28229e-007
log_rec(25,2013)      1.17652 2.04673e-006
log_rec(25,2014)     0.792146 -1.24441e-006
log_rec(25,2015)     0.729888 -1.02506e-008
log_rec(25,2016)      1.48664 -1.43069e-007
log_rec(26,1974)     -1.13577 5.57023e-006
log_rec(26,1975)      -1.3509 -1.06159e-007
log_rec(26,1976)     -0.95277 -5.81344e-006
log_rec(26,1977)        -1.12 -1.76012e-006
log_rec(26,1978)     -1.07566 -1.39702e-006
log_rec(26,1979)    -0.806528 -1.6886e-006
log_rec(26,1980)    -0.927578 3.89704e-006
log_rec(26,1981)    -0.158578 -2.89189e-006
log_rec(26,1982)        -0.54 -3.39209e-006
log_rec(26,1983)    -0.587176 2.38891e-008
log_rec(26,1984)    -0.292704 -7.94132e-007
log_rec(26,1985)     0.641977 -2.14084e-007
log_rec(26,1986)    -0.142482 -1.34492e-006
log_rec(26,1987)     -0.21157 -3.02803e-006
log_rec(26,1988)    -0.558058 -1.98029e-006
log_rec(26,1989)    -0.739758 -1.70986e-006
log_rec(26,1990)    -0.898653 -2.36084e-006
log_rec(26,1991)     -1.06932 -2.97922e-007
log_rec(26,1992)     -1.45067 -1.16495e-006
log_rec(26,1993)     -1.48885 3.46483e-006
log_rec(26,1994)    -0.987149 1.01895e-006
log_rec(26,1995)    -0.984769 6.43985e-007
log_rec(26,1996)   -0.0460168 8.80829e-008
log_rec(26,1997)      -1.0693 -7.85359e-007
log_rec(26,1998)     -1.12902 4.47551e-009
log_rec(26,1999)    -0.927296 2.23259e-007
log_rec(26,2000)     -1.41853 1.03073e-006
log_rec(26,2001)    -0.278315 -2.88199e-006
log_rec(26,2002)     -1.37019 1.20827e-006
log_rec(26,2003)    -0.704033 -9.93269e-007
log_rec(26,2004)     -1.13398  3.4617e-007
log_rec(26,2005)     -1.09001 4.76163e-007
log_rec(26,2006)    -0.674144 -1.76252e-006
log_rec(26,2007)    -0.838818 -9.33296e-007
log_rec(26,2008)    -0.869123 -1.42624e-007
log_rec(26,2009)    -0.678107 -4.56574e-007
log_rec(26,2010)    -0.446389 -9.05189e-007
log_rec(26,2011)    -0.739138 3.77065e-007
log_rec(26,2012)    -0.607383 9.14071e-007
log_rec(26,2013)    -0.368187 -8.64366e-007
log_rec(26,2014)    -0.955288 -3.88976e-008
log_rec(26,2015)     -0.68952 8.51778e-007
log_rec(26,2016)    -0.603288 -3.27319e-007
log_rec(27,1974)     -1.60335 5.10306e-007
log_rec(27,1975)     -0.78703 -1.1375e-005
log_rec(27,1976)     -0.56619 4.22919e-006
log_rec(27,1977)     -1.55898  6.6991e-007
log_rec(27,1978)     -2.80321 8.97006e-007
log_rec(27,1979)    -0.482964   2.506e-006
log_rec(27,1980)    -0.411842 3.62888e-006
log_rec(27,1981)      -0.5067 1.91246e-006
log_rec(27,1982)    -0.460689 -1.56377e-006
log_rec(27,1983)     -1.12893 -6.17787e-006
log_rec(27,1984)    -0.932206 7.26469e-006
log_rec(27,1985)    -0.483164 3.18672e-008
log_rec(27,1986)     -1.23147 -1.67277e-006
log_rec(27,1987)     0.773919 -3.90762e-006
log_rec(27,1988)    -0.722571 -3.22137e-006
log_rec(27,1989)   -0.0372388 7.57159e-006
log_rec(27,1990)       -1.047 -7.3143e-006
log_rec(27,1991)      0.49878 3.66617e-006
log_rec(27,1992)     -1.14844 -1.93054e-006
log_rec(27,1993)     -1.46916  3.7974e-006
log_rec(27,1994)     -0.89675 6.61577e-006
log_rec(27,1995)     -1.33299 -1.63917e-006
log_rec(27,1996)     0.074622 -4.82908e-006
log_rec(27,1997)     -0.70721 4.39646e-006
log_rec(27,1998)    -0.918761 -3.1913e-006
log_rec(27,1999)    -0.640004 -1.26037e-006
log_rec(27,2000)     -1.25551 -1.67772e-006
log_rec(27,2001)    -0.207944 2.60097e-006
log_rec(27,2002)     -1.05147 5.79901e-006
log_rec(27,2003)     -1.63158 -1.29226e-006
log_rec(27,2004)     -1.59721 1.23082e-006
log_rec(27,2005)    -0.256819 5.16314e-006
log_rec(27,2006)      -1.2109 -2.09224e-006
log_rec(27,2007)      -1.1878 -5.31427e-006
log_rec(27,2008)    -0.952973 -1.25197e-006
log_rec(27,2009)    -0.164335 -4.88872e-006
log_rec(27,2010)   -0.0640126 6.69381e-007
log_rec(27,2011)     -1.41774 -9.13261e-008
log_rec(27,2012)    -0.724867 -5.53257e-008
log_rec(27,2013)    -0.149929 6.11176e-007
log_rec(27,2014)    -0.576646 -5.78363e-007
log_rec(27,2015)     -1.59018 8.26915e-007
log_rec(27,2016)    -0.881777 -4.10076e-009
log_rec_older(16,1)     0.116671 -5.03107e-006
log_rec_older(16,2)     -1.32621 -1.16933e-005
log_rec_older(16,3)      -3.1481 -5.81354e-006
log_rec_older(16,4)     -2.90808 -1.15611e-005
log_rec_older(16,5)     -4.11646 -3.45487e-006
log_rec_older(16,6)     -5.66833 -1.04966e-006
log_rec_older(16,7)     -6.47951  7.7796e-008
log_rec_older(16,8)     -6.53671 -4.81426e-007
log_rec_older(16,9)     -7.02726  2.8494e-008
log_rec_older(16,10)     -7.19504  4.7329e-007
log_rec_older(17,1)     0.553312 -7.26912e-006
log_rec_older(17,2)    0.0296185 -1.89821e-005
log_rec_older(17,3)     -1.52559 -6.30994e-006
log_rec_older(17,4)     -3.49082 -2.84133e-007
log_rec_older(17,5)      -4.6207 -1.17062e-006
log_rec_older(17,6)     -7.50783 6.56245e-007
log_rec_older(17,7)     -5.19439 1.62947e-006
log_rec_older(17,8)     -8.24008 2.95258e-007
log_rec_older(18,1)      1.38322  1.5362e-005
log_rec_older(18,2)      -1.4047 2.66947e-006
log_rec_older(18,3)    -0.912023 1.19533e-006
log_rec_older(18,4)     -2.84795 1.61615e-006
log_rec_older(18,5)     -6.06409 1.80323e-007
log_rec_older(18,6)     -6.44722 -1.56157e-006
log_rec_older(18,7)     -3.95833 1.69304e-006
log_rec_older(18,8)     -7.55309 2.67863e-006
log_rec_older(18,9)     -9.60736 1.02027e-006
log_rec_older(18,10)     -9.25163 7.66887e-007
log_rec_older(19,1)     0.468339 -2.75046e-006
log_rec_older(19,2)    -0.352662 -4.63273e-006
log_rec_older(19,3)    -0.908679 -5.02745e-006
log_rec_older(19,4)     -1.36301 -3.69114e-006
log_rec_older(19,5)       -1.824 -8.02516e-006
log_rec_older(19,6)     -1.45185 -1.20988e-005
log_rec_older(19,7)     -1.82554 -1.21293e-005
log_rec_older(19,8)     -2.69499 -6.82173e-006
log_rec_older(19,9)      -3.9403 -1.83359e-006
log_rec_older(19,10)     -3.66935 -3.04723e-006
log_rec_older(20,1)    -0.484161 -7.46927e-006
log_rec_older(20,2)     -1.39194 -3.51841e-006
log_rec_older(20,3)    -0.296123 -4.43137e-006
log_rec_older(20,4)     -1.54719 -1.1637e-006
log_rec_older(20,5)      -1.1358 -1.29213e-006
log_rec_older(20,6)    -0.420319 -4.13155e-006
log_rec_older(20,7)     -1.12095 -1.13993e-006
log_rec_older(20,8)     -1.82006 -3.45209e-006
log_rec_older(20,9)      -2.5239 -2.28881e-006
log_rec_older(20,10)     -2.65115 -1.11563e-006
log_rec_older(21,1)     -1.84715 -2.49237e-006
log_rec_older(21,2)     -2.56126 -1.25457e-006
log_rec_older(21,3)     -3.26015 -4.29433e-009
log_rec_older(21,4)     -4.45906 5.37978e-007
log_rec_older(21,5)     -5.52141 -5.57975e-007
log_rec_older(21,6)     -6.53708 2.12379e-007
log_rec_older(21,7)     -7.41711 -7.03669e-007
log_rec_older(21,8)     -8.43413 -3.4333e-007
log_rec_older(21,9)     -8.63782 4.77313e-007
log_rec_older(22,1)      0.35979  5.9683e-006
log_rec_older(22,2)      -2.2844 3.65939e-007
log_rec_older(22,3)     -2.95874 -7.75743e-007
log_rec_older(22,4)      -4.4404 1.37767e-007
log_rec_older(23,1)     -1.04036  2.2685e-006
log_rec_older(23,2)      -1.7411 6.28159e-007
log_rec_older(23,3)     -3.64049 1.01188e-006
log_rec_older(23,4)     -2.67149 1.67641e-006
log_rec_older(24,1)      1.46084  1.7997e-005
log_rec_older(24,2)     -2.55822 4.77689e-007
log_rec_older(24,3)     -4.93902 4.90855e-008
log_rec_older(25,1)      1.65874 9.98769e-006
log_rec_older(25,2)     -1.15115   1.223e-006
log_rec_older(25,3)      -4.2393 1.88844e-007
log_rec_older(26,1)    -0.793819  7.5074e-007
log_rec_older(26,2)    -0.851039  4.3299e-007
log_rec_older(26,3)     -2.69417 -4.65941e-006
log_rec_older(26,4)     -3.09783 -4.54441e-007
log_rec_older(26,5)      -3.2733 3.18489e-007
log_rec_older(26,6)     -3.71221 6.84982e-007
log_rec_older(26,7)     -4.49171 -7.39484e-007
log_rec_older(26,8)     -4.78724 -2.09655e-007
log_rec_older(26,9)     -4.86349 -8.07628e-008
log_rec_older(26,10)     -3.52806 -2.01582e-007
log_rec_older(27,1)     -0.88021 3.80509e-007
log_rec_older(27,2)    -0.873082  3.2172e-007
log_rec_older(27,3)     -1.61012 -7.70671e-007
log_rec_older(27,4)      -3.0212 3.14124e-006
log_rec_older(27,5)      -2.5144 5.22168e-006
log_rec_older(27,6)     -3.87149 -9.28519e-007
log_rec_older(27,7)     -3.91879 -1.14977e-006
log_rec_older(27,8)     -4.55844 -6.36913e-007
log_rec_older(27,9)     -5.16526 2.85523e-007
log_rec_older(27,10)     -2.53943 1.61956e-006
F_y_ini(16,1975)      1.04508 -1.5581e-007
F_y_ini(16,1976)      1.13511 -4.0942e-006
F_y_ini(16,1977)      1.11792 1.39883e-006
F_y_ini(16,1978)      1.29123  3.9437e-006
F_y_ini(16,1979)      1.04697 -7.20513e-007
F_y_ini(16,1980)      1.21168 -3.77984e-006
F_y_ini(16,1981)       1.2002 -1.89649e-006
F_y_ini(16,1982)      1.30091 1.82084e-006
F_y_ini(16,1983)      1.31011 1.34078e-006
F_y_ini(16,1984)      1.22162 4.17618e-006
F_y_ini(16,1985)      1.23382 3.02928e-008
F_y_ini(16,1986)       1.3495 8.14698e-007
F_y_ini(16,1987)       1.3348 2.44199e-006
F_y_ini(16,1988)      1.31255 1.92111e-006
F_y_ini(16,1989)      1.35982 2.55042e-006
F_y_ini(16,1990)      1.26804 6.63588e-008
F_y_ini(16,1991)      1.26956 -1.02098e-006
F_y_ini(16,1992)      1.21903 8.95113e-007
F_y_ini(16,1993)      5.00408 -5.77357e-011
F_y_ini(16,1994)      1.01787 -1.23216e-006
F_y_ini(16,1995)      1.13861 -9.37916e-007
F_y_ini(16,1996)      1.20677 -2.03785e-006
F_y_ini(16,1997)      1.08338 -8.37866e-007
F_y_ini(16,1998)      1.18612 -7.39771e-007
F_y_ini(16,1999)        1.353 -2.17592e-006
F_y_ini(16,2000)      1.26653 -1.92799e-006
F_y_ini(16,2001)      1.21263 -4.67106e-007
F_y_ini(16,2002)      1.10288 -5.86556e-007
F_y_ini(16,2003)      1.12159 -4.46777e-008
F_y_ini(16,2004)      1.02722 1.75391e-006
F_y_ini(16,2005)      0.91534 2.26335e-006
F_y_ini(16,2006)      0.98906 3.00296e-006
F_y_ini(16,2007)      5.00408 -5.77357e-011
F_y_ini(16,2008)      1.11147  1.9738e-006
F_y_ini(16,2009)      1.15699 6.89387e-007
F_y_ini(16,2010)      1.11163 5.26167e-007
F_y_ini(16,2011)     0.900327 1.16063e-006
F_y_ini(16,2012)     0.834716 -3.60246e-007
F_y_ini(16,2013)     0.736239 -4.58412e-007
F_y_ini(16,2014)     0.615418 6.64606e-007
F_y_ini(16,2015)     0.517053 2.69474e-008
F_y_ini(16,2016)     0.398377  6.9965e-007
F_y_ini(17,1975)      1.00198 -2.62465e-006
F_y_ini(17,1976)      1.05724 -2.53184e-006
F_y_ini(17,1977)     0.857772 1.31335e-006
F_y_ini(17,1978)     0.778563 3.99175e-007
F_y_ini(17,1979)     0.763843 -2.06686e-006
F_y_ini(17,1980)     0.850194 -1.53618e-006
F_y_ini(17,1981)     0.761681 7.08057e-008
F_y_ini(17,1982)      0.57869 2.66684e-007
F_y_ini(17,1983)     0.744776 -4.39875e-007
F_y_ini(17,1984)     0.888119 5.14432e-008
F_y_ini(17,1985)     0.753573 -1.97438e-006
F_y_ini(17,1986)     0.959612 -1.12142e-006
F_y_ini(17,1987)      1.08203 8.65367e-008
F_y_ini(17,1988)     0.838817 -1.3186e-006
F_y_ini(17,1989)     0.913629 -1.53395e-006
F_y_ini(17,1990)     0.840911 -2.50666e-006
F_y_ini(17,1991)      5.00408 -5.77357e-011
F_y_ini(17,1992)     0.914479 -1.17432e-006
F_y_ini(17,1993)      1.14382 -1.29747e-006
F_y_ini(17,1994)      1.05433 -2.05683e-006
F_y_ini(17,1995)     0.922746 7.11221e-007
F_y_ini(17,1996)     0.851781 -1.21191e-006
F_y_ini(17,1997)      0.69158 -5.00962e-008
F_y_ini(17,1998)     0.582778 -1.97481e-006
F_y_ini(17,1999)      0.75923 -1.04661e-006
F_y_ini(17,2000)     0.905739 -3.02199e-006
F_y_ini(17,2001)      0.59197 1.01757e-006
F_y_ini(17,2002)     0.464489 2.85773e-006
F_y_ini(17,2003)     0.424671 3.11432e-006
F_y_ini(17,2004)     0.360284 2.29738e-006
F_y_ini(17,2005)     0.375299 1.24752e-006
F_y_ini(17,2006)     0.514996 -4.53993e-007
F_y_ini(17,2007)      5.00408 -5.77357e-011
F_y_ini(17,2008)      1.02742 5.60872e-007
F_y_ini(17,2009)      0.92638 -1.8283e-007
F_y_ini(17,2010)     0.992313 3.77183e-007
F_y_ini(17,2011)     0.860852 4.99251e-007
F_y_ini(17,2012)     0.751776 -3.37215e-007
F_y_ini(17,2013)       0.7229 6.02872e-007
F_y_ini(17,2014)     0.678712 1.05009e-006
F_y_ini(17,2015)     0.622622 2.18639e-006
F_y_ini(17,2016)     0.802663 1.12966e-006
F_y_ini(18,1975)      1.18809 -3.05103e-006
F_y_ini(18,1976)      1.10001 -1.3369e-006
F_y_ini(18,1977)       1.0358 -1.2607e-006
F_y_ini(18,1978)      1.11045 -4.90959e-007
F_y_ini(18,1979)      1.12818 1.27409e-006
F_y_ini(18,1980)      1.04924 1.00801e-006
F_y_ini(18,1981)     0.747071 7.83303e-007
F_y_ini(18,1982)     0.698055 1.88043e-006
F_y_ini(18,1983)     0.923817 2.28446e-006
F_y_ini(18,1984)      1.07515 -1.35362e-006
F_y_ini(18,1985)      5.00408 -5.77357e-011
F_y_ini(18,1986)      1.04034 -3.04538e-007
F_y_ini(18,1987)      1.18396 -1.45301e-006
F_y_ini(18,1988)      1.19085 -7.12826e-007
F_y_ini(18,1989)      1.15396 -2.71844e-007
F_y_ini(18,1990)      1.09331 1.89694e-007
F_y_ini(18,1991)      1.17705  5.5506e-007
F_y_ini(18,1992)      1.04675 1.67487e-006
F_y_ini(18,1993)      1.20691  1.0629e-006
F_y_ini(18,1994)      1.14806 8.97027e-007
F_y_ini(18,1995)      1.01229 3.59594e-008
F_y_ini(18,1996)      1.14547 -1.19586e-007
F_y_ini(18,1997)     0.867656 -2.15876e-006
F_y_ini(18,1998)     0.953027 -1.74641e-006
F_y_ini(18,1999)       1.2813 -3.46719e-006
F_y_ini(18,2000)      5.00408 -5.77357e-011
F_y_ini(18,2001)     0.759024 -2.74219e-006
F_y_ini(18,2002)     0.620696 -2.21197e-006
F_y_ini(18,2003)     0.331432 -1.60345e-006
F_y_ini(18,2004)     0.358479 -1.94256e-006
F_y_ini(18,2005)     0.396568 -1.87402e-006
F_y_ini(18,2006)     0.686867 -3.69973e-006
F_y_ini(18,2007)     0.648773 -5.14052e-006
F_y_ini(18,2008)     0.388201 -1.94328e-006
F_y_ini(18,2009)     0.339542 -5.17073e-007
F_y_ini(18,2010)     0.362383 -2.14967e-006
F_y_ini(18,2011)      0.47769 -2.0934e-006
F_y_ini(18,2012)     0.286783 3.96973e-007
F_y_ini(18,2013)     0.247173 5.58711e-007
F_y_ini(18,2014)      0.38896  1.1403e-007
F_y_ini(18,2015)     0.461344 -1.62461e-007
F_y_ini(18,2016)     0.237042 2.33029e-006
F_y_ini(19,1975)      1.15772 1.16431e-006
F_y_ini(19,1976)      1.26217  1.3513e-006
F_y_ini(19,1977)      1.56513 5.10946e-007
F_y_ini(19,1978)     0.927492 1.23503e-006
F_y_ini(19,1979)     0.977733 2.61155e-007
F_y_ini(19,1980)      1.15101 1.71012e-006
F_y_ini(19,1981)      1.04894 5.24139e-006
F_y_ini(19,1982)      1.08894 6.17434e-006
F_y_ini(19,1983)       1.5577 7.66959e-006
F_y_ini(19,1984)      1.31095 6.58867e-006
F_y_ini(19,1985)      1.28816  8.1939e-006
F_y_ini(19,1986)      1.64351 8.95783e-006
F_y_ini(19,1987)      1.41517 7.95773e-006
F_y_ini(19,1988)      1.57943 1.01272e-005
F_y_ini(19,1989)      1.41264 6.33888e-006
F_y_ini(19,1990)      1.25904  5.6809e-006
F_y_ini(19,1991)      1.20914 5.60615e-006
F_y_ini(19,1992)      5.00408 -5.77357e-011
F_y_ini(19,1993)       1.3061 6.88953e-006
F_y_ini(19,1994)     0.946595 5.99269e-006
F_y_ini(19,1995)      1.14601  6.8672e-006
F_y_ini(19,1996)     0.997308 5.61161e-006
F_y_ini(19,1997)     0.736858 3.55866e-006
F_y_ini(19,1998)      0.78019 2.72326e-006
F_y_ini(19,1999)      1.02354 9.89484e-007
F_y_ini(19,2000)     0.708717 4.35587e-007
F_y_ini(19,2001)     0.561988 2.05884e-006
F_y_ini(19,2002)     0.777968 4.49603e-006
F_y_ini(19,2003)     0.824054  6.6916e-006
F_y_ini(19,2004)     0.589316 5.64595e-006
F_y_ini(19,2005)     0.694739 5.21672e-006
F_y_ini(19,2006)     0.670652  2.5725e-006
F_y_ini(19,2007)      0.55562 1.03814e-006
F_y_ini(19,2008)     0.855764 -9.56485e-008
F_y_ini(19,2009)     0.849137 -2.03436e-006
F_y_ini(19,2010)     0.847806 -3.55271e-006
F_y_ini(19,2011)     0.761399 -3.24662e-006
F_y_ini(19,2012)     0.699314 -3.11842e-006
F_y_ini(19,2013)      0.60863 -2.93259e-006
F_y_ini(19,2014)     0.602404 -1.83101e-006
F_y_ini(19,2015)     0.566576 -5.68572e-007
F_y_ini(19,2016)     0.494254 1.95204e-006
F_y_ini(20,1975)      1.33305    1.57e-006
F_y_ini(20,1976)      1.50698 1.12151e-006
F_y_ini(20,1977)      1.16456 1.88414e-006
F_y_ini(20,1978)      1.45642 1.93233e-006
F_y_ini(20,1979)      1.78169 2.07659e-006
F_y_ini(20,1980)      5.00408 -5.77357e-011
F_y_ini(20,1981)       1.0208 3.66282e-006
F_y_ini(20,1982)      1.00517 4.41249e-006
F_y_ini(20,1983)     0.865212 3.50862e-006
F_y_ini(20,1984)      0.90079 4.88849e-006
F_y_ini(20,1985)     0.812548 4.00853e-006
F_y_ini(20,1986)     0.762152 4.33051e-006
F_y_ini(20,1987)     0.831064 3.72786e-006
F_y_ini(20,1988)     0.915475 3.89563e-006
F_y_ini(20,1989)     0.784282 2.83839e-006
F_y_ini(20,1990)     0.854164 3.53073e-006
F_y_ini(20,1991)      1.02495 3.27201e-006
F_y_ini(20,1992)      1.19955 2.47895e-006
F_y_ini(20,1993)      1.36156 4.02239e-006
F_y_ini(20,1994)      1.44911 1.87738e-007
F_y_ini(20,1995)      1.37031 1.33807e-007
F_y_ini(20,1996)      1.02086 9.95235e-007
F_y_ini(20,1997)     0.985459 8.68794e-007
F_y_ini(20,1998)      1.11444 9.30127e-007
F_y_ini(20,1999)      1.16172 -1.1138e-007
F_y_ini(20,2000)      1.36527 4.37968e-007
F_y_ini(20,2001)      1.54262 1.65855e-006
F_y_ini(20,2002)      1.90228 8.94699e-007
F_y_ini(20,2003)      1.82742 8.64619e-007
F_y_ini(20,2004)      5.00408 -5.77357e-011
F_y_ini(20,2005)     0.723049 6.85279e-007
F_y_ini(20,2006)     0.598785 6.31577e-007
F_y_ini(20,2007)     0.687136 6.19111e-007
F_y_ini(20,2008)     0.645454 4.03619e-007
F_y_ini(20,2009)     0.599189  1.2858e-007
F_y_ini(20,2010)     0.568905 -1.03987e-006
F_y_ini(20,2011)     0.545191 -1.41925e-007
F_y_ini(20,2012)     0.496254 -6.22177e-007
F_y_ini(20,2013)     0.514954 -6.46979e-007
F_y_ini(20,2014)     0.684767 -1.00286e-006
F_y_ini(20,2015)     0.681808 -4.69805e-007
F_y_ini(20,2016)     0.702983 -1.06348e-008
F_y_ini(21,1975)      1.74493 1.82516e-006
F_y_ini(21,1976)       1.0766 1.26131e-006
F_y_ini(21,1977)     0.217887 -9.31887e-007
F_y_ini(21,1978)      5.00408 -5.77357e-011
F_y_ini(21,1979)      1.43154 2.26222e-007
F_y_ini(21,1980)      2.41673 -7.23337e-007
F_y_ini(21,1981)      4.79325 -2.30107e-006
F_y_ini(21,1982)      3.24259 -3.18687e-006
F_y_ini(21,1983)      5.00408 -5.77357e-011
F_y_ini(21,1984)      1.38429 -1.68983e-005
F_y_ini(21,1985)      1.63376 -2.23115e-005
F_y_ini(21,1986)      1.42532 -2.53699e-005
F_y_ini(21,1987)      1.39085 -2.9038e-005
F_y_ini(21,1988)      1.39322 -3.23352e-005
F_y_ini(21,1989)      1.13501 -3.03663e-005
F_y_ini(21,1990)      1.08091  -2.973e-005
F_y_ini(21,1991)       1.1855 -3.15219e-005
F_y_ini(21,1992)      1.57267 -3.62526e-005
F_y_ini(21,1993)      2.09324 -4.07461e-005
F_y_ini(21,1994)      1.92694 -3.6476e-005
F_y_ini(21,1995)      2.05581 -3.35077e-005
F_y_ini(21,1996)     0.821865 -1.5368e-005
F_y_ini(21,1997)     0.830622 -1.25211e-005
F_y_ini(21,1998)      5.00408 -5.77357e-011
F_y_ini(21,1999)     0.772092 -6.90761e-006
F_y_ini(21,2000)     0.843685 -5.52423e-006
F_y_ini(21,2001)      0.64384 -2.74991e-006
F_y_ini(21,2002)     0.587006 -1.59166e-006
F_y_ini(21,2003)     0.629424 -1.85412e-006
F_y_ini(21,2004)     0.667746 -1.70005e-006
F_y_ini(21,2005)     0.862063 -1.66041e-006
F_y_ini(21,2006)     0.698348  8.2101e-008
F_y_ini(21,2007)     0.547988 -1.70993e-006
F_y_ini(21,2008)     0.401321 -7.58414e-007
F_y_ini(21,2009)      0.22234 -4.70876e-007
F_y_ini(21,2010)     0.270575 1.33169e-006
F_y_ini(21,2011)     0.263338 1.57043e-006
F_y_ini(21,2012)     0.497177 -5.14304e-008
F_y_ini(21,2013)     0.622199 9.57407e-007
F_y_ini(21,2014)     0.643437 1.53286e-006
F_y_ini(21,2015)     0.753653 4.10016e-007
F_y_ini(21,2016)     0.883868 9.51569e-007
F_y_ini(22,1975)      1.32799 2.00992e-007
F_y_ini(22,1976)       1.0005 1.64271e-007
F_y_ini(22,1977)       2.5617 -6.91569e-008
F_y_ini(22,1978)      1.60198 -5.58704e-008
F_y_ini(22,1979)     0.589449 2.71511e-007
F_y_ini(22,1980)      1.76691 -1.22099e-007
F_y_ini(22,1981)      1.23559 -3.60968e-007
F_y_ini(22,1982)      1.02949 -2.73924e-007
F_y_ini(22,1983)     0.443931 -1.20013e-007
F_y_ini(22,1984)     0.374443 -5.20997e-008
F_y_ini(22,1985)     0.607766 -1.31189e-007
F_y_ini(22,1986)      1.44123 -6.19355e-007
F_y_ini(22,1987)     0.977193 -5.04151e-007
F_y_ini(22,1988)      1.27335 -6.16074e-007
F_y_ini(22,1989)      2.57805 -8.11246e-007
F_y_ini(22,1990)      2.15131 -4.05508e-007
F_y_ini(22,1991)      1.41239 -4.77339e-007
F_y_ini(22,1992)     0.962601 -3.65665e-007
F_y_ini(22,1993)     0.807699 -5.02487e-007
F_y_ini(22,1994)      2.40191 -6.69406e-007
F_y_ini(22,1995)     0.955062 -9.22101e-007
F_y_ini(22,1996)      1.07834 -8.96397e-007
F_y_ini(22,1997)      1.05745 -1.71435e-006
F_y_ini(22,1998)      1.63815 -4.4417e-007
F_y_ini(22,1999)      1.70943 8.14074e-008
F_y_ini(22,2000)      1.86134 7.21075e-008
F_y_ini(22,2001)      1.24599 -7.97609e-008
F_y_ini(22,2002)      2.25352 2.60086e-007
F_y_ini(22,2003)      1.10968 -1.92798e-007
F_y_ini(22,2004)       2.5069 -9.46992e-008
F_y_ini(22,2005)      5.00408 -5.77357e-011
F_y_ini(22,2006)      0.46451 1.12453e-007
F_y_ini(22,2007)      1.37286 -2.75073e-008
F_y_ini(22,2008)      2.22357 -9.39498e-008
F_y_ini(22,2009)     0.306044 1.19226e-008
F_y_ini(22,2010)     0.603583 -1.55175e-007
F_y_ini(22,2011)     0.749845 -2.11357e-007
F_y_ini(22,2012)     0.324168 1.70069e-007
F_y_ini(22,2013)     0.639556 -1.46314e-007
F_y_ini(22,2014)      2.89221 3.52828e-009
F_y_ini(22,2015)      1.57847 2.81868e-007
F_y_ini(22,2016)     0.728831 1.32347e-007
F_y_ini(23,1975)      1.50902 2.40159e-007
F_y_ini(23,1976)      2.99844 3.21523e-008
F_y_ini(23,1977)      3.26068 -9.82559e-008
F_y_ini(23,1978)      4.25705 -2.31241e-007
F_y_ini(23,1979)      6.16002 4.26773e-008
F_y_ini(23,1980)      4.05262 -4.97415e-008
F_y_ini(23,1981)      4.34403 -2.0858e-008
F_y_ini(23,1982)      6.75367 -3.33879e-007
F_y_ini(23,1983)      3.60783 -1.43036e-007
F_y_ini(23,1984)      5.29564 -5.14814e-007
F_y_ini(23,1985)      6.25717 -1.91618e-007
F_y_ini(23,1986)      2.05287 -4.34875e-007
F_y_ini(23,1987)      1.42734 -6.37398e-007
F_y_ini(23,1988)      3.73642 -1.89316e-007
F_y_ini(23,1989)      4.44796 -4.43855e-007
F_y_ini(23,1990)      5.39917 -2.16486e-007
F_y_ini(23,1991)      3.44697 -4.03266e-007
F_y_ini(23,1992)      3.30768 -3.19108e-007
F_y_ini(23,1993)      3.53277 -5.04838e-008
F_y_ini(23,1994)      3.46559 -2.06956e-007
F_y_ini(23,1995)       2.1032 -2.2484e-007
F_y_ini(23,1996)      4.40899 -2.83375e-007
F_y_ini(23,1997)       2.2291 -6.58056e-007
F_y_ini(23,1998)       3.2639 -3.44096e-007
F_y_ini(23,1999)      5.86765 -8.72035e-008
F_y_ini(23,2000)      3.49981 3.23235e-008
F_y_ini(23,2001)      6.59097 -1.95345e-007
F_y_ini(23,2002)      3.07175 -9.30223e-008
F_y_ini(23,2003)      4.87704 -9.28294e-008
F_y_ini(23,2004)      5.45624 -1.71846e-007
F_y_ini(23,2005)      5.00408 -5.77357e-011
F_y_ini(23,2006)      0.90218 -7.90014e-008
F_y_ini(23,2007)     0.640148 5.55784e-007
F_y_ini(23,2008)     0.691253 2.20597e-007
F_y_ini(23,2009)     0.723807 -4.38894e-008
F_y_ini(23,2010)     0.234922 -1.13689e-006
F_y_ini(23,2011)     0.240019 4.84011e-007
F_y_ini(23,2012)    0.0673218 -9.66028e-008
F_y_ini(23,2013)     0.788917  1.0354e-009
F_y_ini(23,2014)     0.300918 -1.0527e-007
F_y_ini(23,2015)     0.263647 -2.13669e-007
F_y_ini(23,2016)    0.0303717 1.21008e-006
F_y_ini(24,1975)     0.753018 -3.81073e-007
F_y_ini(24,1976)     0.697003 5.49764e-007
F_y_ini(24,1977)     0.516755 -3.52325e-007
F_y_ini(24,1978)     0.577663 -9.05481e-007
F_y_ini(24,1979)     0.632396 3.89904e-007
F_y_ini(24,1980)     0.614176 -5.47918e-007
F_y_ini(24,1981)     0.537617 -8.51671e-007
F_y_ini(24,1982)       0.6739 -1.32355e-006
F_y_ini(24,1983)     0.607674 -2.12322e-006
F_y_ini(24,1984)     0.774237 -2.67707e-006
F_y_ini(24,1985)     0.843614 -1.72432e-006
F_y_ini(24,1986)     0.509923 -1.34581e-006
F_y_ini(24,1987)     0.638717 -1.79804e-006
F_y_ini(24,1988)      0.42402 -9.98148e-007
F_y_ini(24,1989)      0.39726 -1.67681e-006
F_y_ini(24,1990)     0.509367 -1.2878e-006
F_y_ini(24,1991)     0.796493 -1.82961e-006
F_y_ini(24,1992)     0.579771 -1.79757e-006
F_y_ini(24,1993)     0.659888 -1.53011e-006
F_y_ini(24,1994)     0.702716 -1.55666e-006
F_y_ini(24,1995)     0.337693 -2.69491e-006
F_y_ini(24,1996)     0.318052 -1.76931e-006
F_y_ini(24,1997)     0.296369 -2.80028e-006
F_y_ini(24,1998)      0.26295 -1.24383e-006
F_y_ini(24,1999)     0.392233 -1.19128e-006
F_y_ini(24,2000)     0.284779 -7.54864e-007
F_y_ini(24,2001)     0.104311 -2.79322e-007
F_y_ini(24,2002)     0.205796 7.16885e-007
F_y_ini(24,2003)      5.00408 -5.77357e-011
F_y_ini(24,2004)     0.648393 -4.46409e-006
F_y_ini(24,2005)      5.00408 -5.77357e-011
F_y_ini(24,2006)      1.04062 -3.77408e-006
F_y_ini(24,2007)      5.00408 -5.77357e-011
F_y_ini(24,2008)     0.484624 -5.00708e-006
F_y_ini(24,2009)     0.349948 -6.13057e-006
F_y_ini(24,2010)     0.958039 -6.62324e-007
F_y_ini(24,2011)    0.0595962 -1.53175e-007
F_y_ini(24,2012)    0.0869096 -6.08432e-006
F_y_ini(24,2013)       1.0496 -1.86274e-006
F_y_ini(24,2014)      1.12062 -2.89392e-006
F_y_ini(24,2015)     0.772949 -3.78483e-006
F_y_ini(24,2016)      0.93577 -3.73082e-006
F_y_ini(25,1975)      2.38327 5.28726e-008
F_y_ini(25,1976)      1.78689 2.82863e-007
F_y_ini(25,1977)      1.83287  1.0585e-007
F_y_ini(25,1978)      1.79596 -1.94887e-007
F_y_ini(25,1979)      2.08047 2.44083e-007
F_y_ini(25,1980)      2.14115 1.36563e-007
F_y_ini(25,1981)      2.18787 8.01107e-008
F_y_ini(25,1982)      1.63639  5.5966e-008
F_y_ini(25,1983)      2.60019 -2.44317e-007
F_y_ini(25,1984)      1.55319 -4.8558e-008
F_y_ini(25,1985)      1.58239 -4.38792e-008
F_y_ini(25,1986)      2.75404 2.74762e-007
F_y_ini(25,1987)     0.476709 -6.73192e-008
F_y_ini(25,1988)     0.602948 -7.52375e-008
F_y_ini(25,1989)     0.235535 -2.38318e-007
F_y_ini(25,1990)      1.85555 6.22974e-008
F_y_ini(25,1991)       1.8291 -2.00427e-007
F_y_ini(25,1992)     0.946222 1.02782e-007
F_y_ini(25,1993)      1.53933 6.01062e-008
F_y_ini(25,1994)      1.41157 -2.28966e-007
F_y_ini(25,1995)      1.87517 8.51227e-008
F_y_ini(25,1996)      5.00408 -5.77357e-011
F_y_ini(25,1997)     0.922567 -2.98936e-007
F_y_ini(25,1998)      1.50757  -1.964e-007
F_y_ini(25,1999)      1.17392 -1.99356e-007
F_y_ini(25,2000)      1.48795 1.01159e-007
F_y_ini(25,2001)      1.79664 6.45846e-008
F_y_ini(25,2002)      1.93854 1.51724e-007
F_y_ini(25,2003)      1.97425 -1.64827e-007
F_y_ini(25,2004)      1.67654 -1.80163e-007
F_y_ini(25,2005)      1.15005 -4.60665e-007
F_y_ini(25,2006)      1.65525 -1.93548e-007
F_y_ini(25,2007)     0.981541 -1.58883e-007
F_y_ini(25,2008)      1.56728  -2.751e-007
F_y_ini(25,2009)     0.702248 -3.16029e-007
F_y_ini(25,2010)     0.718158 8.44696e-008
F_y_ini(25,2011)      1.05071 7.36742e-008
F_y_ini(25,2012)     0.718019 4.19302e-008
F_y_ini(25,2013)     0.491088 6.37516e-008
F_y_ini(25,2014)     0.239756 1.92931e-007
F_y_ini(25,2015)      1.20421 1.19947e-007
F_y_ini(25,2016)      2.17814  1.0851e-007
F_y_ini(26,1975)      1.16068 2.41251e-007
F_y_ini(26,1976)     0.939846 -5.29338e-007
F_y_ini(26,1977)      1.02161 6.19351e-007
F_y_ini(26,1978)     0.938177 1.56893e-007
F_y_ini(26,1979)      1.39937 1.27832e-006
F_y_ini(26,1980)      1.09019 -2.27102e-007
F_y_ini(26,1981)      1.12478 -2.27183e-007
F_y_ini(26,1982)      1.22295 4.78508e-007
F_y_ini(26,1983)       1.1798 1.85375e-006
F_y_ini(26,1984)       1.2189 1.53511e-007
F_y_ini(26,1985)      1.09229 2.35251e-006
F_y_ini(26,1986)      1.34387 -3.89832e-007
F_y_ini(26,1987)       1.3709 -1.02135e-006
F_y_ini(26,1988)      1.43181 1.86894e-006
F_y_ini(26,1989)      1.29134 2.55312e-006
F_y_ini(26,1990)      5.00408 -5.77357e-011
F_y_ini(26,1991)       1.1887 -5.5871e-007
F_y_ini(26,1992)      1.24876 -2.58632e-007
F_y_ini(26,1993)      1.22368 1.62024e-006
F_y_ini(26,1994)      1.22139 -3.25111e-007
F_y_ini(26,1995)      1.10149 -4.68702e-007
F_y_ini(26,1996)      1.30768 -9.77654e-007
F_y_ini(26,1997)      1.58148 -7.58975e-007
F_y_ini(26,1998)      1.34553 1.24632e-006
F_y_ini(26,1999)      1.39237 2.29542e-007
F_y_ini(26,2000)       1.0441 1.40327e-006
F_y_ini(26,2001)      1.27303 -4.7501e-007
F_y_ini(26,2002)      1.23915 1.12584e-006
F_y_ini(26,2003)      5.00408 -5.77357e-011
F_y_ini(26,2004)      0.71542 -2.80205e-007
F_y_ini(26,2005)     0.681226  1.8431e-007
F_y_ini(26,2006)     0.645984 3.77778e-007
F_y_ini(26,2007)     0.592637 -4.6987e-007
F_y_ini(26,2008)     0.448597 7.04053e-008
F_y_ini(26,2009)     0.468389 1.40265e-007
F_y_ini(26,2010)     0.400994 -1.3718e-007
F_y_ini(26,2011)     0.435798 -8.32759e-007
F_y_ini(26,2012)     0.404284 4.97673e-007
F_y_ini(26,2013)     0.319459 1.15932e-008
F_y_ini(26,2014)     0.303661 -1.06819e-006
F_y_ini(26,2015)     0.297228 -5.30673e-007
F_y_ini(26,2016)        0.285 -1.61149e-006
F_y_ini(27,1975)      1.01251 -6.37863e-007
F_y_ini(27,1976)      0.94589 1.17031e-007
F_y_ini(27,1977)     0.851512  4.1085e-007
F_y_ini(27,1978)      1.04897 1.20729e-006
F_y_ini(27,1979)      1.03393 7.24608e-007
F_y_ini(27,1980)      1.04545 -8.57598e-008
F_y_ini(27,1981)       1.0407 -1.74223e-007
F_y_ini(27,1982)      1.17287 -1.77255e-007
F_y_ini(27,1983)      1.10527 -6.79889e-007
F_y_ini(27,1984)      1.26167 -1.57543e-006
F_y_ini(27,1985)      1.19456 -1.16749e-006
F_y_ini(27,1986)      1.34183  9.1618e-007
F_y_ini(27,1987)      1.08554 -9.2842e-007
F_y_ini(27,1988)      1.09741 -4.75977e-007
F_y_ini(27,1989)     0.896484 1.38124e-007
F_y_ini(27,1990)      5.00408 -5.77357e-011
F_y_ini(27,1991)      1.10643 3.47472e-007
F_y_ini(27,1992)      1.08301 1.18889e-006
F_y_ini(27,1993)      1.19271 4.93155e-007
F_y_ini(27,1994)      1.27171 8.37717e-007
F_y_ini(27,1995)      1.16721 2.14485e-006
F_y_ini(27,1996)      1.63149 -2.69608e-006
F_y_ini(27,1997)      1.37437 5.32207e-007
F_y_ini(27,1998)      1.46096 1.08903e-006
F_y_ini(27,1999)      1.31263 -1.19108e-006
F_y_ini(27,2000)      1.48774 2.15221e-006
F_y_ini(27,2001)      1.24611 -9.28577e-007
F_y_ini(27,2002)      1.22132 1.84305e-006
F_y_ini(27,2003)       1.2066 1.21091e-007
F_y_ini(27,2004)      1.19527 -3.26707e-007
F_y_ini(27,2005)      1.29966 -2.33851e-007
F_y_ini(27,2006)      1.09812 -3.68012e-008
F_y_ini(27,2007)      1.09521 -1.76224e-007
F_y_ini(27,2008)     0.924985 -5.94265e-007
F_y_ini(27,2009)      1.05744 9.13586e-008
F_y_ini(27,2010)      1.14922 2.42816e-007
F_y_ini(27,2011)     0.965486 6.84605e-007
F_y_ini(27,2012)      1.02719 5.43187e-007
F_y_ini(27,2013)      0.87521 5.69207e-007
F_y_ini(27,2014)     0.767913  9.6075e-008
F_y_ini(27,2015)     0.619199 6.14827e-008
F_y_ini(27,2016)     0.582993 -7.07651e-009
F_q_ini[47](3)     0.637124 -1.49492e-006
F_q_ini[48](3)     0.562789 -0.000117198
F_q_ini[49](3)      1.20158 -0.000467523
F_q_ini[50](3)     0.586917 -3.30721e-005
F_q_ini[51](1)     0.190653 3.94856e-005
F_q_ini[51](2)     0.198587 4.53381e-005
F_q_ini[51](3)     0.408651 6.05224e-005
F_q_ini[52](1)    0.0360386 -8.04053e-005
F_q_ini[52](2)    0.0175948   0.00023104
F_q_ini[52](3)     0.038523 -0.000223048
F_q_ini[53](1)    0.0843801  -0.00417978
F_q_ini[53](2)     0.094772  -0.00435732
F_q_ini[53](3)     0.247704  -0.00664611
F_q_ini[54](1)    0.0755976 -8.94281e-005
F_q_ini[54](2)     0.128275  0.000104918
F_q_ini[54](3)     0.331621 -0.000569673
F_q_ini[57](2)      3.53046 -5.71757e-005
F_q_ini[58](2)      2.65098 -5.95475e-007
F_q_ini[59](2)      4.38424 -2.6522e-005
F_q_ini[60](2)      7.33683 -6.01594e-008
F_q_ini[63](2)      3.30564 -7.2965e-005
F_q_ini[64](2)      4.98482 -1.57852e-006
F_q_ini[65](2)      3.27506 -6.70056e-005
F_q_ini[66](2)      7.11559 4.31143e-006
F_q_ini[67](3)    0.0248766 -2.82575e-007
F_q_ini[68](3)     0.040108 1.96625e-007
F_q_ini[69](1)    0.0585833 -0.000249203
F_q_ini[69](2)     0.050019 -0.000730574
F_q_ini[69](3)      0.17239 -0.000326735
F_q_ini[70](1)   0.00319715  -0.00958871
F_q_ini[70](2)    0.0172783 -0.000149952
F_q_ini[70](3)     0.121809 -6.59726e-005
F_q_ini[71](1)    0.0973762 3.60722e-008
F_q_ini[71](2)     0.136576 -8.16424e-006
F_q_ini[71](3)     0.171101 -9.54312e-007
F_q_ini[72](1)    0.0163771 2.06157e-005
F_q_ini[72](2)    0.0351629  5.8807e-006
F_q_ini[72](3)    0.0703503 1.56973e-005
F_q_ini[73](1)    0.0120449 2.23447e-007
F_q_ini[73](2)   0.00581112 5.94099e-007
F_q_ini[73](3)     0.255894 -5.08184e-006
F_q_ini[74](1)   0.00439454  0.000233467
F_q_ini[74](2)   0.00178444  0.000131656
F_q_ini[74](3)      0.13841 -5.91102e-005
F_q_ini[75](1)    0.0485123 -1.68849e-006
F_q_ini[75](2)    0.0158828 -1.72177e-006
F_q_ini[75](3)     0.133218 1.97555e-005
F_q_ini[76](1)    0.0127218 2.14321e-005
F_q_ini[76](2)   0.00397658  0.000163146
F_q_ini[76](3)    0.0794711 -3.68495e-005
F_q_ini[77](1)    0.0657209 5.53693e-006
F_q_ini[77](2)    0.0216185 -3.79874e-005
F_q_ini[77](3)    0.0794492 -3.87591e-006
F_q_ini[78](1)    0.0135025 -2.31835e-006
F_q_ini[78](2)   0.00430722 3.84981e-005
F_q_ini[78](3)    0.0532868 -3.7311e-006
qq_ini(1,1)      0.85998 1.01757e-006
qq_ini(1,2)      3.53839 4.19815e-007
qq_ini(1,3)      6.66604  4.4957e-008
qq_ini(1,4)      8.98698 1.41314e-006
qq_ini(2,1)      1.50514 1.01736e-006
qq_ini(2,2)      2.43168 4.96176e-007
qq_ini(2,3)      3.93208 3.84691e-007
qq_ini(2,4)      4.74067 -2.12316e-007
qq_ini(3,1)    0.0783707 3.80506e-007
qq_ini(3,2)      0.26279 6.73964e-008
qq_ini(3,3)     0.294898 -6.28576e-007
qq_ini(3,4)     0.228289 4.46372e-007
qq_ini(4,1)     0.193705 7.95981e-007
qq_ini(4,2)     0.623866 -1.07238e-006
qq_ini(4,3)     0.666696 2.26407e-007
qq_ini(4,4)      0.56995 -2.80374e-007
qq_ini(5,0)    0.0589522 -1.63941e-007
qq_ini(5,1)     0.510881 -7.91185e-008
qq_ini(5,2)     0.541113 -9.3086e-008
qq_ini(5,3)     0.458722 -1.93137e-007
qq_ini(5,4)     0.397145 -1.59685e-007
qq_ini(6,1)     0.225894 1.45753e-007
qq_ini(6,2)      0.61813 -7.19306e-008
qq_ini(7,0)     0.120998 2.71381e-008
qq_ini(7,1)     0.490807 7.11394e-009
qq_ini(7,2)     0.549696 -9.31664e-008
qq_ini(8,3)      5.79709 7.16046e-008
qq_ini(8,4)      4.67463 7.27612e-008
qq_ini(9,3)      1.03463 4.01265e-009
qq_ini(10,1)     0.568461 -2.61183e-008
qq_ini(10,2)     0.700303 1.26981e-007
qq_ini(10,3)     0.817499 3.69242e-007
qq_ini(10,4)     0.737618 7.49853e-008
qq_ini(10,5)      0.65685 3.26211e-007
qq_ini(10,6)     0.439769 4.86374e-007
qq_ini(11,0)      1.13564 3.65991e-007
qq_ini(12,1)     0.918687 -4.2961e-007
qq_ini(12,2)      1.01727  2.1066e-007
qq_ini(12,3)       1.3004  5.9356e-007
qq_ini(13,1)      21.0593 -7.79235e-007
qq_ini(13,2)      10.7922 -8.18446e-007
qq_ini(13,3)      5.56059 3.22373e-009
qq_ini(14,0)     0.414279 -1.07211e-006
qq_ini(15,0)      4.57666 -1.42907e-006
qq_ini(15,1)      4.16619 -4.30806e-007
qq_ini(15,2)      4.55838 -1.12666e-006
qq_ini(16,1)     0.676466 1.91599e-009
qq_ini(16,2)     0.944161 4.44952e-007
qq_ini(16,3)      0.77967 -9.76219e-009
qq_ini(17,1)      1.16026 -2.88616e-008
qq_ini(17,2)      2.25219 -1.33433e-007
qq_ini(17,3)      3.34936 -3.36219e-009
qq_ini(18,0)      1.88901 -3.42896e-007
qq_ini(19,1)      1.44455 -4.46305e-007
qq_ini(19,2)      3.89165 -4.08329e-008
qq_ini(19,3)      4.88983 -9.97572e-008
qq_ini(20,0)      14.4596 -8.71277e-007
qq_ini(20,1)      6.91434 -3.13161e-007
qq_ini(20,2)      2.94144 -7.02895e-007
qq_ini(21,1)     0.401208 -1.56143e-006
qq_ini(21,2)     0.913491 -1.66912e-008
qq_ini(21,3)      1.05753 -1.77292e-007
qq_ini(22,1)     0.854769 -7.02447e-007
qq_ini(22,2)     0.767955 1.78678e-008
qq_ini(22,3)      0.94162 4.06279e-008
qq_ini(23,1)      1.52396 -2.28298e-007
qq_ini(23,2)       2.2859 -9.61244e-008
qq_ini(23,3)      2.61067 -5.6927e-008
qq_ini(24,1)     0.525987 -9.84167e-008
qq_ini(24,2)      1.14885 1.14811e-007
qq_ini(24,3)      1.31783 -5.45599e-008
qq_ini(25,0)    0.0911957 -1.39195e-007
qq_ini(25,1)      1.06134 6.85473e-006
qq_ini(25,2)      2.95996 1.68846e-006
qq_ini(25,3)      5.80134 5.75553e-006
qq_ini(26,0)     0.283115 2.36862e-006
qq_ini(26,1)      2.53829 3.97904e-006
qq_ini(26,2)       3.1561 1.69907e-006
qq_ini(27,1)     0.737384 2.28844e-006
qq_ini(27,2)      2.09791 1.47928e-006
qq_ini(27,3)      5.29806 1.31175e-006
qq_ini(28,0)     0.364247  7.1428e-007
qq_ini(28,1)      1.91076 2.05852e-006
qq_ini(28,2)      2.25686 2.67599e-006
qq_ini(29,1)     0.240762 9.63191e-008
qq_ini(29,2)     0.827306 6.89323e-007
qq_ini(29,3)       1.5983 -7.58988e-009
qq_ini(30,1)     0.940492 1.28278e-007
qq_ini(30,2)      1.82225 1.28147e-006
qq_ini(30,3)      1.81481 -2.58332e-008
qq_ini(31,1)      1.43522 3.54928e-007
qq_ini(31,2)      3.62658 1.49526e-006
qq_ini(32,1)      2.80481 -1.72977e-008
qq_ini(32,2)      2.61417 3.38049e-007
qq_ini(32,3)      1.22022 1.82905e-006
qq_ini(32,4)     0.281054 -9.46717e-008
qq_ini(33,1)      6.17566 3.07544e-007
qq_ini(33,2)      5.73061 1.56476e-006
qq_ini(33,3)      4.12059 -1.35275e-007
qq_ini(33,4)      2.68213  2.3773e-007
qq_ini(34,1)      32.5162 1.17943e-006
qq_ini(34,2)      17.3795 8.64404e-009
qq_ini(34,3)      5.23817 6.44888e-007
qq_ini(34,4)      1.39297 4.38438e-006
qq_ini(34,5)     0.319864 1.73926e-007
qq_ini(35,1)      14.9907 -4.43677e-008
qq_ini(35,2)      3.62981 -1.89928e-006
qq_ini(35,3)      1.41404 -8.3117e-006
qq_ini(35,4)     0.527258 -5.32736e-007
qq_ini(36,1)      2.74391 2.52101e-007
qq_ini(36,2)      8.15999 -1.05945e-006
qq_ini(36,3)      13.8177 -1.31204e-005
qq_ini(37,1)      1.47024 7.82861e-008
qq_ini(37,2)      8.36454 4.03919e-007
qq_ini(37,3)      15.7543  -1.467e-007
qq_ini(38,1)      1.36899 -1.77592e-005
qq_ini(38,2)      1.44426 -4.15306e-007
qq_ini(38,3)     0.938212 2.37736e-007
qq_ini(38,4)     0.518766 7.35533e-008
qq_ini(39,1)      20.3076 -1.81373e-005
qq_ini(39,2)      8.25883 -5.90585e-007
qq_ini(39,3)      3.07949 8.53972e-008
qq_s2_ini(1,1)     0.307238 9.74246e-008
qq_s2_ini(1,2)    0.0985109 -1.68885e-005
qq_s2_ini(2,1)     0.225553 -8.67102e-007
qq_s2_ini(2,2)     0.131072 5.70213e-008
qq_s2_ini(3,1)      0.17197 -1.25196e-007
qq_s2_ini(3,2)     0.186176 -3.33359e-005
qq_s2_ini(4,1)     0.156535 -3.99198e-006
qq_s2_ini(4,2)     0.103881 -4.21854e-007
qq_s2_ini(5,1)     0.453957 2.49284e-008
qq_s2_ini(5,2)     0.143149 -1.29913e-006
qq_s2_ini(5,3)    0.0802154 2.78385e-008
qq_s2_ini(6,1)     0.255716 -4.41064e-007
qq_s2_ini(7,1)      0.27068 1.33918e-008
qq_s2_ini(7,2)    0.0788477 -3.29527e-007
qq_s2_ini(7,3)     0.262394  4.7641e-008
qq_s2_ini(8,1)      0.92688 -1.22542e-007
qq_s2_ini(8,2)     0.464475 2.86674e-008
qq_s2_ini(9,1)     0.048242 -1.59565e-006
qq_s2_ini(10,1)     0.798326 -4.7713e-008
qq_s2_ini(10,2)     0.359761 -1.14749e-006
qq_s2_ini(11,1)     0.151705 7.63369e-008
qq_s2_ini(12,1)     0.192551 -3.91969e-007
qq_s2_ini(12,2)    0.0829136 2.91899e-008
qq_s2_ini(12,3)     0.138313 -2.39297e-007
qq_s2_ini(13,1)    0.0982267 7.67161e-009
qq_s2_ini(13,2)     0.724008 -3.47209e-006
qq_s2_ini(14,1)     0.207105 -3.60875e-006
qq_s2_ini(15,1)     0.440446 -1.89513e-006
qq_s2_ini(15,2)     0.333521 -3.22286e-006
qq_s2_ini(16,1)     0.382358 -4.4041e-008
qq_s2_ini(17,1)     0.616345 -2.34084e-007
qq_s2_ini(17,2)     0.296908 2.04603e-007
qq_s2_ini(18,1)      1.47395 -1.13379e-007
qq_s2_ini(19,1)     0.608105 3.99499e-007
qq_s2_ini(19,2)     0.454629 4.58003e-008
qq_s2_ini(20,1)     0.235145 -1.56297e-008
qq_s2_ini(20,2)     0.717665 1.76603e-007
qq_s2_ini(21,1)     0.339549  1.5222e-007
qq_s2_ini(21,2)     0.185927 1.06025e-007
qq_s2_ini(22,1)         0.04 3.11795e-007
qq_s2_ini(23,1)         0.04 -8.81136e-008
qq_s2_ini(24,1)     0.237277 -2.79522e-007
qq_s2_ini(25,1)      1.25588 3.57729e-007
qq_s2_ini(25,2)     0.223681 8.02079e-008
qq_s2_ini(25,3)      1.37379 -2.23102e-007
qq_s2_ini(26,1)     0.920538 4.10529e-007
qq_s2_ini(26,2)     0.137595 2.56514e-007
qq_s2_ini(26,3)     0.404121 5.94863e-008
qq_s2_ini(27,1)     0.295923 9.23287e-008
qq_s2_ini(27,2)     0.353389 2.91344e-007
qq_s2_ini(28,1)     0.385448 -1.41689e-008
qq_s2_ini(28,2)     0.207823 3.67534e-007
qq_s2_ini(29,1)     0.390387 1.72632e-007
qq_s2_ini(30,1)     0.161418 -7.76014e-009
qq_s2_ini(30,2)     0.216972 -1.4104e-008
qq_s2_ini(31,1)     0.592491 3.91933e-008
qq_s2_ini(31,2)     0.405735 7.52004e-009
qq_s2_ini(31,3)     0.745276 1.00713e-006
qq_s2_ini(32,1)     0.236969 4.14661e-009
qq_s2_ini(32,2)     0.418983 -6.13796e-007
qq_s2_ini(32,3)     0.401883 1.50653e-008
qq_s2_ini(33,1)     0.102461 -1.2698e-007
qq_s2_ini(33,2)     0.127519 -1.22601e-007
qq_s2_ini(33,3)     0.208947  9.5259e-007
qq_s2_ini(34,1)     0.178599 -6.02694e-007
qq_s2_ini(34,2)     0.832011 4.44775e-007
qq_s2_ini(34,3)      1.40272 -8.72294e-006
qq_s2_ini(35,1)     0.117133  8.0861e-006
qq_s2_ini(35,2)     0.528512  1.9485e-005
qq_s2_ini(35,3)      1.66544 2.36525e-005
qq_s2_ini(36,1)     0.206067 -9.0838e-006
qq_s2_ini(36,2)     0.106836 7.85963e-007
qq_s2_ini(36,3)     0.130675 7.84503e-006
qq_s2_ini(37,1)     0.110357 6.09612e-006
qq_s2_ini(37,2)    0.0648883 -9.12592e-005
qq_s2_ini(37,3)     0.168135 -1.60016e-005
qq_s2_ini(38,1)     0.277544 -1.57977e-005
qq_s2_ini(38,2)     0.164857 -0.000256631
qq_s2_ini(38,3)     0.365488 -0.000280909
qq_s2_ini(38,4)      1.44246 -0.000169252
qq_s2_ini(39,1)     0.300287 -9.54086e-005
qq_s2_ini(39,2)     0.349455  -0.00134607
qq_s2_ini(39,3)      1.62433 -0.000658373
SSB_R_alfa(16)      4.91071 1.82566e-005
SSB_R_alfa(17)      4.42411 -0.000355282
SSB_R_alfa(18)      3.69257 -0.000622207
SSB_R_alfa(19)      2.84182     0.002342
SSB_R_alfa(20)      15.2425  0.000543958
SSB_R_alfa(21)      58.1723  0.000921473
SSB_R_alfa(22)      2327.92  0.000130183
SSB_R_alfa(23)      1286.32  0.000433671
SSB_R_alfa(24)      1442.56 -2.34451e-005
SSB_R_alfa(25)      6.85563 -1.78139e-007
SSB_R_alfa(26)      6.06778 -1.04967e-006
SSB_R_alfa(27)      7.22393   0.00236282
SSB_R_beta_ini(1)     0.449061 -7.56367e-008
SSB_R_beta_ini(2)    0.0890101 2.14189e-007
SSB_R_beta_ini(3)     0.398653 -4.19949e-007
SSB_R_beta_ini(4)      2.58849 -4.33625e-007
SSB_R_beta_ini(5)      4.45879 -9.58314e-007
SSB_R_beta_ini(6)      1.61051 -2.54906e-006
SSB_R_beta_ini(7)      2.55441  0.000176376
catch_s2_ini[16](1,1)     0.393366 -2.54147e-006
catch_s2_ini[16](1,2)    0.0213502  0.000181822
catch_s2_ini[16](1,3)    0.0526751   0.00289155
catch_s2_ini[16](1,4)      0.19064 1.98954e-005
catch_s2_ini[17](1,1)      1.31565 4.51568e-006
catch_s2_ini[17](1,2)     0.232591 8.15348e-005
catch_s2_ini[17](1,3)    0.0390965 -1.41895e-006
catch_s2_ini[17](1,4)    0.0971988 -4.2194e-007
catch_s2_ini[18](1,1)      0.63196 -2.61258e-006
catch_s2_ini[18](1,2)     0.219361 -3.19074e-006
catch_s2_ini[18](1,3)    0.0520939 1.09776e-005
catch_s2_ini[18](1,4)     0.133401 3.21095e-006
catch_s2_ini[18](1,5)     0.386761   2.248e-005
catch_s2_ini[19](1,1)      0.20348 -3.17752e-006
catch_s2_ini[19](1,2)    0.0388465 -7.91299e-006
catch_s2_ini[19](1,3)    0.0650544 -8.09127e-006
catch_s2_ini[20](1,1)     0.156932 -3.09712e-007
catch_s2_ini[20](1,2)     0.171735 -8.17761e-007
catch_s2_ini[20](1,3)    0.0414551 -3.82892e-006
catch_s2_ini[21](1,1)        1.005 -4.87843e-006
catch_s2_ini[21](1,2)      0.80567 -5.34829e-007
catch_s2_ini[21](1,3)      1.82269 -2.35221e-006
catch_s2_ini[21](2,1)        1.005 1.46565e-006
catch_s2_ini[21](2,2)      0.42246 1.39986e-006
catch_s2_ini[21](2,3)     0.620547 1.66418e-005
catch_s2_ini[21](3,1)       0.5139 2.64017e-005
catch_s2_ini[21](3,2)     0.413348 2.03547e-005
catch_s2_ini[21](3,3)     0.364887 2.05652e-005
catch_s2_ini[21](4,1)     0.820285 2.24195e-005
catch_s2_ini[21](4,2)     0.307294 -6.94582e-006
catch_s2_ini[21](4,3)      1.14419 -6.07819e-006
catch_s2_ini[22](1,1)        1.005 -7.84346e-006
catch_s2_ini[22](1,2)        1.005 -1.6041e-006
catch_s2_ini[22](1,3)        1.005 4.02235e-006
catch_s2_ini[22](2,1)        1.005 4.10008e-006
catch_s2_ini[22](2,2)     0.312104 -5.52548e-007
catch_s2_ini[22](2,3)      1.41146  9.1269e-006
catch_s2_ini[22](3,1)      1.82504 1.76966e-006
catch_s2_ini[22](3,2)       1.7441 1.03254e-006
catch_s2_ini[22](3,3)      1.27932 2.75409e-007
catch_s2_ini[22](4,1)        1.005 1.97242e-005
catch_s2_ini[22](4,2)        1.005 2.20166e-005
catch_s2_ini[22](4,3)        1.005 -1.25342e-006
catch_s2_ini[23](1,1)        1.005 3.58946e-005
catch_s2_ini[23](1,2)        1.005 3.28812e-005
catch_s2_ini[23](2,1)        1.005 1.35046e-006
catch_s2_ini[23](2,2)     0.198397 5.50573e-006
catch_s2_ini[23](3,1)            2 3.20106e-005
catch_s2_ini[23](3,2)      1.17704 -3.97736e-005
catch_s2_ini[23](4,1)        1.005 2.22569e-005
catch_s2_ini[23](4,2)        1.005 -6.31549e-006
catch_s2_ini[24](1,1)        1.005 7.55661e-007
catch_s2_ini[24](1,2)     0.501348 -2.18663e-006
catch_s2_ini[24](1,3)      0.91323  3.6217e-006
catch_s2_ini[24](2,1)        1.005 -7.75867e-007
catch_s2_ini[24](2,2)     0.472101 -4.39557e-006
catch_s2_ini[24](2,3)      1.08493 9.98894e-007
catch_s2_ini[24](3,1)            2 6.38711e-009
catch_s2_ini[24](3,2)     0.400197 -2.92225e-007
catch_s2_ini[24](3,3)      1.28095 -1.66588e-006
catch_s2_ini[24](4,1)       1.5039 -2.08507e-007
catch_s2_ini[24](4,2)     0.531291 -3.27866e-008
catch_s2_ini[24](4,3)      0.93838 -5.20234e-008
catch_s2_ini[25](1,1)      1.95475 4.58732e-006
catch_s2_ini[25](1,2)            2 1.83281e-006
catch_s2_ini[25](1,3)            2 6.16116e-007
catch_s2_ini[25](2,1)            2 5.77101e-007
catch_s2_ini[25](2,2)      1.19238 2.20558e-007
catch_s2_ini[25](2,3)            2 5.22057e-007
catch_s2_ini[25](3,1)      1.04615 -4.9086e-007
catch_s2_ini[25](3,2)      1.03281 -7.78494e-008
catch_s2_ini[25](3,3)      1.39462 -2.50181e-007
catch_s2_ini[25](4,1)     0.721836 -7.33993e-008
catch_s2_ini[25](4,2)     0.718709 1.04715e-007
catch_s2_ini[25](4,3)            2 -1.47532e-007
catch_s2_ini[26](1,1)     0.152515 1.00241e-006
catch_s2_ini[26](1,2)    0.0243327 -8.47367e-007
catch_s2_ini[26](1,3)    0.0569934 -2.97503e-007
catch_s2_ini[27](1,1)     0.172483 -1.62263e-006
catch_s2_ini[27](1,2)    0.0303162 -1.12732e-007
SSB_R_s2_ini(16)     0.252567 -4.02802e-007
SSB_R_s2_ini(17)     0.111298 1.68373e-007
SSB_R_s2_ini(18)      1.04229 -2.47105e-006
SSB_R_s2_ini(19)     0.163153 3.85078e-008
SSB_R_s2_ini(20)     0.201842 -1.08539e-007
SSB_R_s2_ini(21)     0.274669 -8.28407e-008
SSB_R_s2_ini(22)     0.539656  5.2412e-008
SSB_R_s2_ini(23)      0.40177  1.0454e-007
SSB_R_s2_ini(24)      0.24647 -4.75849e-008
SSB_R_s2_ini(25)      0.25914 -1.36068e-007
SSB_R_s2_ini(26)     0.101954 -7.39569e-008
SSB_R_s2_ini(27)      0.31776 -9.28706e-008
vulnera(1)      2.63915 3.18505e-009
vulnera(2)     0.752084 -2.5317e-007
vulnera(3)      20.1573 -1.02498e-008
vulnera(4)    0.0341078   2.072e-007
vulnera(5)    0.0260441 2.37384e-007
vulnera(6)    0.0202406 8.83829e-007
vulnera(7)    0.0395081 -8.66184e-008
vulnera(8)    0.0878274 8.52722e-008
vulnera(9)      2.74515 6.74923e-007
vulnera(10)      6.62172 -4.25852e-009
vulnera(11)      2.26816 1.66314e-007
vulnera(12)      2.39133 1.85799e-007
vulnera(13)      1.87652 -6.52242e-009
vulnera(14)      4.22938 1.15183e-007
vulnera(15)     0.041699 -4.9533e-007
vulnera(16)     0.102673 1.20417e-007
vulnera(17)    0.0429176 -3.34495e-007
vulnera(18)     0.001245 1.55361e-005
vulnera(19)   0.00117917 -4.57979e-007
vulnera(20)   0.00120678  3.7549e-007
vulnera(21)   0.00531863 9.89802e-008
vulnera(22)   0.00577408 -2.98038e-008
vulnera(23)      51.7633 1.24735e-007
vulnera(24)      14.2367 1.33897e-008
vulnera(25)      15.7062 8.94575e-008
vulnera(26)     0.900361 1.86554e-007
vulnera(27)      1.30406 2.12851e-008
vulnera(28)      1.01386  1.3882e-007
vulnera(29)      7.17663 -3.09517e-008
vulnera(30)      6.69327 -5.03285e-008
vulnera(31)       4.4253 3.22073e-008
vulnera(32)      4.86069 1.42374e-007
vulnera(33)     0.106827  1.9463e-007
vulnera(34)      1.00371 -0.000494373
vulnera(35)     0.776866  7.1323e-006
vulnera(36)     0.362391 -3.12456e-007
vulnera(37)     0.635006 -8.45629e-009
vulnera(38)      22.4191 7.32473e-008
vulnera(39)      1.69319 -9.45699e-009
vulnera(40)     0.610699 -3.71284e-008
vulnera(41)      0.49723 1.14725e-007
vulnera(42)      6.63253 -3.06717e-008
vulnera(43)      2.77557 8.46993e-008
vulnera(44)     0.934386 1.77671e-007
vulnera(45)     0.722614 3.24155e-008
vulnera(46)     0.596398 1.99363e-007
vulnera(47)    0.0753463 -2.17653e-008
vulnera(48)      4.19629 7.79343e-010
vulnera(49)     0.322366 -8.0896e-008
vulnera(50)     0.252104 -7.81868e-009
vulnera(51)    0.0259303 3.31758e-008
vulnera(52)      1.39816  1.8546e-008
vulnera(53)      130.605 -4.42218e-008
vulnera(54)      23.8454 -2.7237e-008
vulnera(55)      2.57379 -1.59159e-008
vulnera(56)      1.22539 -3.5086e-008
vulnera(57)      2.75456 4.05041e-008
vulnera(58)      40.3072  3.6896e-007
vulnera(59)      5.85054 7.67656e-008
vulnera(60)      7.65986 2.89841e-009
vulnera(61)      1.07824 5.05004e-008
vulnera(62)     0.703507 -7.6054e-008
vulnera(63)       1.0974 -5.2421e-008
vulnera(64)      1.10631 2.20908e-008
vulnera(65)      1.84577 -3.43258e-008
vulnera(66)     0.283303 -6.34474e-009
vulnera(67)      6.18303 3.00255e-008
vulnera(68)      1.90567 2.48844e-008
vulnera(69)    0.0829359 -4.83415e-008
vulnera(70)    0.0518697 5.22403e-008
vulnera(71)    0.0555476 -5.23662e-009
vulnera(72)      2.86867 -1.05428e-007
vulnera(73)      0.51069 1.75234e-007
vulnera(74)     0.832833 9.98782e-009
vulnera(75)    0.0167333 8.33505e-008
vulnera(76)       4.1432 8.73332e-008
vulnera(77)    0.0848302 -6.24305e-008
vulnera(78)      7.39868 3.88216e-006
vulnera(79)      3.57589 -2.79741e-005
vulnera(80)     0.316905 4.11848e-006
vulnera(81)     0.335323 -1.79729e-005
vulnera(82)     0.134112 -5.85176e-006
vulnera(83)      0.13045 -4.21688e-006
vulnera(84)      4.33163 -2.09884e-007
vulnera(85)    0.0704053 -2.02961e-008
vulnera(86)       1.5345 -4.74231e-008
vulnera(87)      3.30496 -9.33626e-011
vulnera(88)     0.930378  1.6545e-005
vulnera(89)      1.64188 -5.2855e-007
vulnera(90)     0.220103  0.000150839
vulnera(91)     0.156984  0.000486562
vulnera(92)    0.0869368 5.78545e-005
vulnera(93)     0.413792 -3.1454e-007
vulnera(94)     0.346115 -7.75618e-007
vulnera(95)      2.62971 -5.76691e-005
vulnera(96)      1.28611 1.54053e-007
vulnera(97)      1.83413 -1.4133e-007
vulnera(98)     0.278524 1.36339e-006
vulnera(99)      0.12892 7.44975e-008
vulnera(100)    0.0644119 -2.64589e-007
vulnera(101)     0.481424 7.25091e-008
vulnera(102)     0.505802 -9.92937e-008
vulnera(103)      4.70628 6.39986e-007
vulnera(104)      2.23649 -6.51151e-007
vulnera(105)     0.754525 8.83531e-008
vulnera(106)      1.94188 5.30528e-008
vulnera(107)     0.282604 -2.5074e-006
vulnera(108)     0.414583 -6.41474e-007
vulnera(109)      1.58255  -2.702e-007
vulnera(110)      1.08089 6.56673e-008
vulnera(111)     0.422794 -4.32462e-007
vulnera(112)     0.597385  5.5091e-007
vulnera(113)     0.515039 7.01325e-008
vulnera(114)       1.4657 8.61189e-008
init_stl_other_suit_slope(1)     0.438706 -1.04191e-008
init_stl_other_suit_slope(2)     -0.46109 -1.66315e-022
init_stl_other_suit_slope(3)   -0.0629062 -8.07799e-008
init_stl_other_suit_slope(4)    -0.291634 -2.35279e-007
init_stl_other_suit_slope(5)    -0.522828 -1.66315e-022
init_season_overlap(1)      2.05939 -2.59104e-006
init_season_overlap(2)      2.69591 -2.87756e-006
init_season_overlap(3)       1.3781 1.13995e-007
init_season_overlap(4)      1.67592 9.62259e-007
init_season_overlap(5)      1.59802 -9.96173e-007
init_season_overlap(6)      2.41827 -3.73482e-008
init_season_overlap(7)      2.24661 -1.09055e-006
Stom_var[1]         2.02 -1.15022e-006
Stom_var[2]     0.209696 -1.66315e-022
Stom_var[3]      1.63417 -1.66315e-022
Stom_var[4]     0.572441 -1.66315e-022
Stom_var[5]         2.02 -1.66315e-022
Stom_var[6]      1.40351 -1.38456e-007
Stom_var[7]     0.818627 2.01988e-009
Stom_var[8]     0.544506 -2.3237e-009
Stom_var[9]     0.150901 3.66895e-008
Stom_var[10]     0.197691 2.13815e-009
Stom_var[11]     0.190484 -1.66315e-022
Stom_var[12]       0.4401 -1.66315e-022
Stom_var[13]     0.715277 -1.66315e-022
Stom_var[14]     0.261956 -1.66315e-022
Stom_var[15]  0.000458579 -1.66315e-022
Stom_var[16]     0.474178 -1.66315e-022
Stom_var[17]     0.192186 -4.76443e-009
Stom_var[18]     0.235564  -0.00161689
Stom_var[19]      0.31752  1.1058e-008
Stom_var[20]     0.237688 -1.66315e-022
