# Number of parameters = 1817 Objective function value = -5126.37  Maximum gradient component = 0.00958871
# log_rec:
 2.64296 2.05678 3.38222 2.74620 3.16992 2.54382 2.63636 3.93489 2.95098 2.78238 2.75463 2.61038 2.29553 2.16358 2.00623 1.97693 2.16367 2.20220 1.94745 2.29774 2.32839 2.20056 2.63599 2.33909 2.45539 3.05168 2.06892 2.34821 2.73861 2.89034 2.64780 2.98759 2.61785 2.70175 2.78994 2.55748 2.39407 3.04958 3.17139 3.21909 2.90391 2.86197 2.99174
 2.45909 2.43780 2.53916 2.41648 2.62981 2.16883 1.99426 2.30448 1.69432 1.69164 1.93380 1.94699 2.11067 2.03401 2.20103 1.92581 1.89574 1.53275 1.92435 1.71039 1.57162 1.54330 0.855022 1.66160 2.15635 2.19154 2.06084 2.05737 1.44082 1.59338 1.64476 1.47240 1.47357 1.88403 1.65369 1.11738 1.80025 1.86502 1.30430 1.63100 1.67745 2.00533 2.05143
 3.21166 0.891237 1.52523 2.11735 2.43046 2.99017 2.42359 2.62882 2.01055 2.31306 1.28494 1.35978 2.14202 0.316776 -0.0267370 0.729867 1.38137 1.45921 1.76126 0.750350 2.30517 1.38379 1.16944 0.811281 0.172290 2.49284 1.23832 -0.342831 0.0797257 0.273511 -0.0579905 1.86270 0.353402 -0.132600 -0.730363 1.02739 -0.984026 -1.58246 -0.574757 -0.826523 1.01159 -0.182558 0.348618
 -0.101699 -0.679643 -0.419632 -0.618476 0.208749 -0.0456427 -0.0547072 -0.167571 0.00581957 0.659700 -0.00914548 -0.155980 -0.639817 -0.611885 -0.334279 -0.405025 -0.267799 -0.570837 0.519938 -0.346599 0.0198508 -0.753606 -0.194947 -0.766852 0.124165 0.101763 -0.249068 -0.469386 0.0415160 -0.898009 -0.571746 -0.912805 -0.990517 -0.438745 -0.987379 -0.382523 -0.513132 -1.03394 -0.396113 -0.305720 -0.203305 -0.250926 -0.254812
 -0.0848782 -0.104302 -0.597931 -1.91329 -0.794737 -0.149259 -0.000641734 0.175962 -1.15883 -1.57207 0.126941 -0.646019 -0.508626 -0.138727 -0.577021 -0.274467 -0.614356 -0.473178 -0.240730 -0.159916 -0.313768 -0.519749 -0.463264 -0.648685 -0.629248 -0.513136 -0.986914 -0.278867 0.0514973 -0.455078 -0.156243 0.265955 0.466426 0.310764 0.263989 0.0690894 0.425064 0.454565 -0.0348734 -0.189363 0.249709 -0.539915 -0.256522
 -0.780591 -1.70401 -2.33097 -1.91526 -2.27288 -1.10372 0.0771949 0.518011 0.709854 0.453570 0.537844 0.971222 1.12367 0.941476 0.309440 0.237697 0.0603633 0.0951470 0.425196 0.400780 0.164499 0.258599 0.366302 -0.122928 -0.307328 0.766729 0.359997 1.35759 0.515037 0.00301357 0.0571671 -0.307109 -0.101217 0.176448 0.182580 0.230676 0.224169 0.0253943 0.0200319 0.310376 0.496895 -0.743884 0.348126
 0.959167 0.763321 0.835591 0.273133 0.688224 1.40707 0.896279 1.11699 0.960864 0.711247 0.176434 0.920253 1.22064 0.402563 1.43942 0.489423 0.827052 1.07894 1.13294 1.75491 1.79964 1.34273 2.22547 0.464640 0.652052 0.995638 1.15661 0.750296 -0.182678 0.287725 -0.327601 0.175054 0.622172 0.498632 0.372506 1.20672 -0.594024 -0.979880 0.773535 0.621731 0.985096 -1.81974 2.28672
 0.270721 -0.447426 0.0253498 0.830357 0.100428 0.107879 -0.312106 1.06083 -1.23201 0.833163 -0.262595 0.980984 -0.495453 -0.606880 0.400130 -0.284136 0.0456374 0.476710 -0.842281 0.343887 0.662367 -0.500024 1.18590 -0.344078 0.0669629 0.288900 0.710235 0.883625 -1.25292 0.120398 -0.632613 0.128260 -0.123835 0.606289 -0.149533 1.45784 -0.656511 -0.328912 0.224281 -0.159312 0.683575 -0.996101 0.857416
 2.05945 2.48518 2.34552 1.53160 1.82049 2.00434 1.32051 1.91818 1.98961 1.82711 1.35484 1.23006 1.52930 0.198344 1.16401 1.32646 1.20706 1.44722 0.980524 1.06724 1.96037 1.23906 1.35534 0.331968 0.956152 1.46706 0.804503 1.03275 0.656969 0.167399 0.213502 1.11508 0.827898 0.906603 1.40736 1.49763 0.488488 0.985136 1.59998 0.564923 1.74586 1.31771 1.96706
 1.60241 2.64647 1.49037 1.48126 2.34374 1.19085 0.938479 -0.110707 -0.760153 -0.302083 0.0748473 -0.717869 0.510163 -0.295560 0.565553 0.0909082 0.602377 0.00294740 0.777042 1.25388 0.517393 -0.0310515 -0.140667 0.326565 0.871114 0.541721 0.137981 0.370049 0.227447 0.0585847 1.18067 -0.0343853 0.139796 0.192084 0.877793 0.570919 0.800482 0.645151 0.0326729 1.17652 0.792146 0.729888 1.48664
 -1.13577 -1.35090 -0.952770 -1.12000 -1.07566 -0.806528 -0.927578 -0.158578 -0.540000 -0.587176 -0.292704 0.641977 -0.142482 -0.211570 -0.558058 -0.739758 -0.898653 -1.06932 -1.45067 -1.48885 -0.987149 -0.984769 -0.0460168 -1.06930 -1.12902 -0.927296 -1.41853 -0.278315 -1.37019 -0.704033 -1.13398 -1.09001 -0.674144 -0.838818 -0.869123 -0.678107 -0.446389 -0.739138 -0.607383 -0.368187 -0.955288 -0.689520 -0.603288
 -1.60335 -0.787030 -0.566190 -1.55898 -2.80321 -0.482964 -0.411842 -0.506700 -0.460689 -1.12893 -0.932206 -0.483164 -1.23147 0.773919 -0.722571 -0.0372388 -1.04700 0.498780 -1.14844 -1.46916 -0.896750 -1.33299 0.0746220 -0.707210 -0.918761 -0.640004 -1.25551 -0.207944 -1.05147 -1.63158 -1.59721 -0.256819 -1.21090 -1.18780 -0.952973 -0.164335 -0.0640126 -1.41774 -0.724867 -0.149929 -0.576646 -1.59018 -0.881777
# log_rec_older:
 0.116671 -1.32621 -3.14810 -2.90808 -4.11646 -5.66833 -6.47951 -6.53671 -7.02726 -7.19504
 0.553312 0.0296185 -1.52559 -3.49082 -4.62070 -7.50783 -5.19439 -8.24008
 1.38322 -1.40470 -0.912023 -2.84795 -6.06409 -6.44722 -3.95833 -7.55309 -9.60736 -9.25163
 0.468339 -0.352662 -0.908679 -1.36301 -1.82400 -1.45185 -1.82554 -2.69499 -3.94030 -3.66935
 -0.484161 -1.39194 -0.296123 -1.54719 -1.13580 -0.420319 -1.12095 -1.82006 -2.52390 -2.65115
 -1.84715 -2.56126 -3.26015 -4.45906 -5.52141 -6.53708 -7.41711 -8.43413 -8.63782
 0.359790 -2.28440 -2.95874 -4.44040
 -1.04036 -1.74110 -3.64049 -2.67149
 1.46084 -2.55822 -4.93902
 1.65874 -1.15115 -4.23930
 -0.793819 -0.851039 -2.69417 -3.09783 -3.27330 -3.71221 -4.49171 -4.78724 -4.86349 -3.52806
 -0.880210 -0.873082 -1.61012 -3.02120 -2.51440 -3.87149 -3.91879 -4.55844 -5.16526 -2.53943
# F_y_ini:
 1.04508 1.13511 1.11792 1.29123 1.04697 1.21168 1.20020 1.30091 1.31011 1.22162 1.23382 1.34950 1.33480 1.31255 1.35982 1.26804 1.26956 1.21903 5.00408 1.01787 1.13861 1.20677 1.08338 1.18612 1.35300 1.26653 1.21263 1.10288 1.12159 1.02722 0.915340 0.989060 5.00408 1.11147 1.15699 1.11163 0.900327 0.834716 0.736239 0.615418 0.517053 0.398377
 1.00198 1.05724 0.857772 0.778563 0.763843 0.850194 0.761681 0.578690 0.744776 0.888119 0.753573 0.959612 1.08203 0.838817 0.913629 0.840911 5.00408 0.914479 1.14382 1.05433 0.922746 0.851781 0.691580 0.582778 0.759230 0.905739 0.591970 0.464489 0.424671 0.360284 0.375299 0.514996 5.00408 1.02742 0.926380 0.992313 0.860852 0.751776 0.722900 0.678712 0.622622 0.802663
 1.18809 1.10001 1.03580 1.11045 1.12818 1.04924 0.747071 0.698055 0.923817 1.07515 5.00408 1.04034 1.18396 1.19085 1.15396 1.09331 1.17705 1.04675 1.20691 1.14806 1.01229 1.14547 0.867656 0.953027 1.28130 5.00408 0.759024 0.620696 0.331432 0.358479 0.396568 0.686867 0.648773 0.388201 0.339542 0.362383 0.477690 0.286783 0.247173 0.388960 0.461344 0.237042
 1.15772 1.26217 1.56513 0.927492 0.977733 1.15101 1.04894 1.08894 1.55770 1.31095 1.28816 1.64351 1.41517 1.57943 1.41264 1.25904 1.20914 5.00408 1.30610 0.946595 1.14601 0.997308 0.736858 0.780190 1.02354 0.708717 0.561988 0.777968 0.824054 0.589316 0.694739 0.670652 0.555620 0.855764 0.849137 0.847806 0.761399 0.699314 0.608630 0.602404 0.566576 0.494254
 1.33305 1.50698 1.16456 1.45642 1.78169 5.00408 1.02080 1.00517 0.865212 0.900790 0.812548 0.762152 0.831064 0.915475 0.784282 0.854164 1.02495 1.19955 1.36156 1.44911 1.37031 1.02086 0.985459 1.11444 1.16172 1.36527 1.54262 1.90228 1.82742 5.00408 0.723049 0.598785 0.687136 0.645454 0.599189 0.568905 0.545191 0.496254 0.514954 0.684767 0.681808 0.702983
 1.74493 1.07660 0.217887 5.00408 1.43154 2.41673 4.79325 3.24259 5.00408 1.38429 1.63376 1.42532 1.39085 1.39322 1.13501 1.08091 1.18550 1.57267 2.09324 1.92694 2.05581 0.821865 0.830622 5.00408 0.772092 0.843685 0.643840 0.587006 0.629424 0.667746 0.862063 0.698348 0.547988 0.401321 0.222340 0.270575 0.263338 0.497177 0.622199 0.643437 0.753653 0.883868
 1.32799 1.00050 2.56170 1.60198 0.589449 1.76691 1.23559 1.02949 0.443931 0.374443 0.607766 1.44123 0.977193 1.27335 2.57805 2.15131 1.41239 0.962601 0.807699 2.40191 0.955062 1.07834 1.05745 1.63815 1.70943 1.86134 1.24599 2.25352 1.10968 2.50690 5.00408 0.464510 1.37286 2.22357 0.306044 0.603583 0.749845 0.324168 0.639556 2.89221 1.57847 0.728831
 1.50902 2.99844 3.26068 4.25705 6.16002 4.05262 4.34403 6.75367 3.60783 5.29564 6.25717 2.05287 1.42734 3.73642 4.44796 5.39917 3.44697 3.30768 3.53277 3.46559 2.10320 4.40899 2.22910 3.26390 5.86765 3.49981 6.59097 3.07175 4.87704 5.45624 5.00408 0.902180 0.640148 0.691253 0.723807 0.234922 0.240019 0.0673218 0.788917 0.300918 0.263647 0.0303717
 0.753018 0.697003 0.516755 0.577663 0.632396 0.614176 0.537617 0.673900 0.607674 0.774237 0.843614 0.509923 0.638717 0.424020 0.397260 0.509367 0.796493 0.579771 0.659888 0.702716 0.337693 0.318052 0.296369 0.262950 0.392233 0.284779 0.104311 0.205796 5.00408 0.648393 5.00408 1.04062 5.00408 0.484624 0.349948 0.958039 0.0595962 0.0869096 1.04960 1.12062 0.772949 0.935770
 2.38327 1.78689 1.83287 1.79596 2.08047 2.14115 2.18787 1.63639 2.60019 1.55319 1.58239 2.75404 0.476709 0.602948 0.235535 1.85555 1.82910 0.946222 1.53933 1.41157 1.87517 5.00408 0.922567 1.50757 1.17392 1.48795 1.79664 1.93854 1.97425 1.67654 1.15005 1.65525 0.981541 1.56728 0.702248 0.718158 1.05071 0.718019 0.491088 0.239756 1.20421 2.17814
 1.16068 0.939846 1.02161 0.938177 1.39937 1.09019 1.12478 1.22295 1.17980 1.21890 1.09229 1.34387 1.37090 1.43181 1.29134 5.00408 1.18870 1.24876 1.22368 1.22139 1.10149 1.30768 1.58148 1.34553 1.39237 1.04410 1.27303 1.23915 5.00408 0.715420 0.681226 0.645984 0.592637 0.448597 0.468389 0.400994 0.435798 0.404284 0.319459 0.303661 0.297228 0.285000
 1.01251 0.945890 0.851512 1.04897 1.03393 1.04545 1.04070 1.17287 1.10527 1.26167 1.19456 1.34183 1.08554 1.09741 0.896484 5.00408 1.10643 1.08301 1.19271 1.27171 1.16721 1.63149 1.37437 1.46096 1.31263 1.48774 1.24611 1.22132 1.20660 1.19527 1.29966 1.09812 1.09521 0.924985 1.05744 1.14922 0.965486 1.02719 0.875210 0.767913 0.619199 0.582993
# F_y_spline:












# F_q_ini[1]:
 1.00000 1.00000 1.00000
# F_q_ini[2]:
 1.00000 1.00000 1.00000
# F_q_ini[3]:
 1.00000 1.00000 1.00000
# F_q_ini[4]:
 1.00000 1.00000 1.00000
# F_q_ini[5]:
 1.00000 1.00000 1.00000
# F_q_ini[6]:
 1.00000 1.00000 1.00000
# F_q_ini[7]:
 1.00000 1.00000 1.00000
# F_q_ini[8]:
 1.00000 1.00000 1.00000
# F_q_ini[9]:
 1.00000 1.00000 1.00000
# F_q_ini[10]:
 1.00000 1.00000 1.00000
# F_q_ini[11]:
 1.00000 1.00000 1.00000
# F_q_ini[12]:
 1.00000 1.00000 1.00000
# F_q_ini[13]:
 1.00000
# F_q_ini[14]:
 1.00000
# F_q_ini[15]:
 1.00000
# F_q_ini[16]:
 1.00000 1.00000 1.00000
# F_q_ini[17]:
 1.00000 1.00000 1.00000
# F_q_ini[18]:
 1.00000 1.00000 1.00000
# F_q_ini[19]:
 1.00000 1.00000 1.00000
# F_q_ini[20]:
 1.00000 1.00000 1.00000
# F_q_ini[21]:
 1.00000 1.00000 1.00000
# F_q_ini[22]:
 1.00000 1.00000 1.00000
# F_q_ini[23]:
 1.00000 1.00000 1.00000
# F_q_ini[24]:
 1.00000 1.00000 1.00000
# F_q_ini[25]:
 1.00000
# F_q_ini[26]:
 1.00000
# F_q_ini[27]:
 1.00000
# F_q_ini[28]:
 1.00000 1.00000 1.00000
# F_q_ini[29]:
 1.00000 1.00000 1.00000
# F_q_ini[30]:
 1.00000 1.00000 1.00000
# F_q_ini[31]:
 1.00000 1.00000 1.00000
# F_q_ini[32]:
 1.00000 1.00000 1.00000
# F_q_ini[33]:
 1.00000 1.00000 1.00000
# F_q_ini[34]:
 1.00000 1.00000 1.00000
# F_q_ini[35]:
 1.00000 1.00000 1.00000
# F_q_ini[36]:
 1.00000 1.00000 1.00000
# F_q_ini[37]:
 1.00000 1.00000 1.00000
# F_q_ini[38]:
 1.00000 1.00000 1.00000
# F_q_ini[39]:
 1.00000 1.00000 1.00000
# F_q_ini[40]:
 1.00000 1.00000 1.00000
# F_q_ini[41]:
 1.00000 1.00000 1.00000
# F_q_ini[42]:
 1.00000 1.00000 1.00000
# F_q_ini[43]:
 1.00000 1.00000 1.00000
# F_q_ini[44]:
 1.00000 1.00000 1.00000
# F_q_ini[45]:
 1.00000 1.00000 1.00000
# F_q_ini[46]:
 1.00000 1.00000 1.00000
# F_q_ini[47]:
 0.637124
# F_q_ini[48]:
 0.562789
# F_q_ini[49]:
 1.20158
# F_q_ini[50]:
 0.586917
# F_q_ini[51]:
 0.190653 0.198587 0.408651
# F_q_ini[52]:
 0.0360386 0.0175948 0.0385230
# F_q_ini[53]:
 0.0843801 0.0947720 0.247704
# F_q_ini[54]:
 0.0755976 0.128275 0.331621
# F_q_ini[57]:
 3.53046
# F_q_ini[58]:
 2.65098
# F_q_ini[59]:
 4.38424
# F_q_ini[60]:
 7.33683
# F_q_ini[63]:
 3.30564
# F_q_ini[64]:
 4.98482
# F_q_ini[65]:
 3.27506
# F_q_ini[66]:
 7.11559
# F_q_ini[67]:
 0.0248766
# F_q_ini[68]:
 0.0401080
# F_q_ini[69]:
 0.0585833 0.0500190 0.172390
# F_q_ini[70]:
 0.00319715 0.0172783 0.121809
# F_q_ini[71]:
 0.0973762 0.136576 0.171101
# F_q_ini[72]:
 0.0163771 0.0351629 0.0703503
# F_q_ini[73]:
 0.0120449 0.00581112 0.255894
# F_q_ini[74]:
 0.00439454 0.00178444 0.138410
# F_q_ini[75]:
 0.0485123 0.0158828 0.133218
# F_q_ini[76]:
 0.0127218 0.00397658 0.0794711
# F_q_ini[77]:
 0.0657209 0.0216185 0.0794492
# F_q_ini[78]:
 0.0135025 0.00430722 0.0532868
# F_q_ini[79]:
 1.00000 1.00000 1.00000
# F_q_ini[80]:
 1.00000 1.00000 1.00000
# F_q_ini[81]:
 1.00000 1.00000 1.00000
# F_q_ini[82]:
 1.00000 1.00000 1.00000
# F_q_ini[83]:
 1.00000 1.00000 1.00000
# F_q_ini[84]:
 1.00000 1.00000 1.00000
# F_q_ini[85]:
 1.00000 1.00000 1.00000
# F_q_ini[86]:
 1.00000 1.00000 1.00000
# log_F_a_ini:
 -1.09106 -1.82893 -2.38911
 -0.225811 -0.329150 -0.838533
 -0.224041 -0.0503606 -0.252260
 -0.405346 -0.133248 -0.277238
 -0.500837 -0.145786 -0.167693
 -0.494000 -0.194182 -0.0979411
 -0.451808 -0.176631 -0.230401
 -0.498422 -0.160445 -0.314636
 -0.405770 -0.140872 -0.855453
 -3.51777 -3.87950 -7.31442
 -1.71325 -1.82330 -2.90979
 -0.802500 -1.01930 -1.72466
 -0.256049 -0.629083 -1.33330
 -0.0518327 -0.394860 -1.00673
 -0.0224605 -0.236936 -0.699346
 0.266795 -0.168992 -0.652156
 -3.52583 -4.21610 -4.81966
 -1.80594 -1.88983 -1.91180
 -0.563205 -0.494164 -0.538183
 -0.0843934 -0.137810 0.0444992
 -0.119591 -0.110115 0.261851
 -0.203372 -0.194101 0.313028
 -0.237645 -0.408020 0.380339
 -0.263164 -0.273492 0.518368
 -0.850607 -1.62745
 -0.625673 -0.759827
 -0.706716 -0.516960
 -0.851252 -0.551426
 -0.931876 -0.652149
 -1.02284 -0.728010
 -3.74807 -3.39966 -3.98415
 -3.21624 -2.56153 -2.81278
 -2.69724 -2.04528 -1.84151
 -2.15992 -1.68733 -1.33054
 -2.13811 -1.53766 -0.969761
 -2.07008 -1.46686 -0.716785
 -2.02290 -1.28471 -0.450555
 -1.67505 -2.35231 -2.43665 -2.48087
 -0.829488 -1.18022 -1.20739 -2.12437
 -0.125057 -2.05850 -0.807262 -1.28656
 -0.224863 -2.11853 -0.686658 -0.844050
 -0.481682 -1.71168 -0.583861 -0.577078
 -0.473361 -2.16714 -0.565209 -0.194197
 -3.65427 -7.07557
 -2.71197 -3.02447
 -2.54857 -3.35621
 -2.54462 -2.80323
 -6.30488 -7.26709
 -3.57242 -2.09952
 -3.01425 -1.79270
 -2.84541 -1.83882
 -2.19127 -5.00244
 0.750011 -0.636877
 1.79197 1.18078
 -0.575539 0.241372
 0.640061 1.14175
 -1.50460 -2.16368 -1.26476
 -0.849404 -0.865987 -0.294749
 -0.768350 -0.694736 -0.289370
 -0.697718 -0.579452 -0.241327
 -0.705926 -0.476283 -0.289990
 -0.823046 -0.483800 -0.466092
 -1.05419 -0.774282 -1.09404
 -1.60273 -1.66701
 -0.570575 -0.822303
 -0.523865 -0.638668
 -0.719852 -0.612243
 -0.788534 -0.714287
 -1.01802 -0.826415
# qq_ini:
 0.859980 3.53839 6.66604 8.98698
 1.50514 2.43168 3.93208 4.74067
 0.0783707 0.262790 0.294898 0.228289
 0.193705 0.623866 0.666696 0.569950
 0.0589522 0.510881 0.541113 0.458722 0.397145
 0.225894 0.618130
 0.120998 0.490807 0.549696
 5.79709 4.67463
 1.03463
 0.568461 0.700303 0.817499 0.737618 0.656850 0.439769
 1.13564
 0.918687 1.01727 1.30040
 21.0593 10.7922 5.56059
 0.414279
 4.57666 4.16619 4.55838
 0.676466 0.944161 0.779670
 1.16026 2.25219 3.34936
 1.88901
 1.44455 3.89165 4.88983
 14.4596 6.91434 2.94144
 0.401208 0.913491 1.05753
 0.854769 0.767955 0.941620
 1.52396 2.28590 2.61067
 0.525987 1.14885 1.31783
 0.0911957 1.06134 2.95996 5.80134
 0.283115 2.53829 3.15610
 0.737384 2.09791 5.29806
 0.364247 1.91076 2.25686
 0.240762 0.827306 1.59830
 0.940492 1.82225 1.81481
 1.43522 3.62658
 2.80481 2.61417 1.22022 0.281054
 6.17566 5.73061 4.12059 2.68213
 32.5162 17.3795 5.23817 1.39297 0.319864
 14.9907 3.62981 1.41404 0.527258
 2.74391 8.15999 13.8177
 1.47024 8.36454 15.7543
 1.36899 1.44426 0.938212 0.518766
 20.3076 8.25883 3.07949
# qq_s2_ini:
 0.307238 0.0985109
 0.225553 0.131072
 0.171970 0.186176
 0.156535 0.103881
 0.453957 0.143149 0.0802154
 0.255716
 0.270680 0.0788477 0.262394
 0.926880 0.464475
 0.0482420
 0.798326 0.359761
 0.151705
 0.192551 0.0829136 0.138313
 0.0982267 0.724008
 0.207105
 0.440446 0.333521
 0.382358
 0.616345 0.296908
 1.47395
 0.608105 0.454629
 0.235145 0.717665
 0.339549 0.185927
 0.0400000
 0.0400000
 0.237277
 1.25588 0.223681 1.37379
 0.920538 0.137595 0.404121
 0.295923 0.353389
 0.385448 0.207823
 0.390387
 0.161418 0.216972
 0.592491 0.405735 0.745276
 0.236969 0.418983 0.401883
 0.102461 0.127519 0.208947
 0.178599 0.832011 1.40272
 0.117133 0.528512 1.66544
 0.206067 0.106836 0.130675
 0.110357 0.0648883 0.168135
 0.277544 0.164857 0.365488 1.44246
 0.300287 0.349455 1.62433
# SSB_R_alfa:
 4.91071 4.42411 3.69257 2.84182 15.2425 58.1723 2327.92 1286.32 1442.56 6.85563 6.06778 7.22393
# SSB_R_beta_ini:
 0.449061 0.0890101 0.398653 2.58849 4.45879 1.61051 2.55441
# catch_s2_ini[16]:
 0.393366 0.0213502 0.0526751 0.190640
# catch_s2_ini[17]:
 1.31565 0.232591 0.0390965 0.0971988
# catch_s2_ini[18]:
 0.631960 0.219361 0.0520939 0.133401 0.386761
# catch_s2_ini[19]:
 0.203480 0.0388465 0.0650544
# catch_s2_ini[20]:
 0.156932 0.171735 0.0414551
# catch_s2_ini[21]:
 1.00500 0.805670 1.82269
 1.00500 0.422460 0.620547
 0.513900 0.413348 0.364887
 0.820285 0.307294 1.14419
# catch_s2_ini[22]:
 1.00500 1.00500 1.00500
 1.00500 0.312104 1.41146
 1.82504 1.74410 1.27932
 1.00500 1.00500 1.00500
# catch_s2_ini[23]:
 1.00500 1.00500
 1.00500 0.198397
 2.00000 1.17704
 1.00500 1.00500
# catch_s2_ini[24]:
 1.00500 0.501348 0.913230
 1.00500 0.472101 1.08493
 2.00000 0.400197 1.28095
 1.50390 0.531291 0.938380
# catch_s2_ini[25]:
 1.95475 2.00000 2.00000
 2.00000 1.19238 2.00000
 1.04615 1.03281 1.39462
 0.721836 0.718709 2.00000
# catch_s2_ini[26]:
 0.152515 0.0243327 0.0569934
# catch_s2_ini[27]:
 0.172483 0.0303162
# SSB_R_s2_ini:
 0.252567 0.111298 1.04229 0.163153 0.201842 0.274669 0.539656 0.401770 0.246470 0.259140 0.101954 0.317760
# vulnera:
 2.63915 0.752084 20.1573 0.0341078 0.0260441 0.0202406 0.0395081 0.0878274 2.74515 6.62172 2.26816 2.39133 1.87652 4.22938 0.0416990 0.102673 0.0429176 0.00124500 0.00117917 0.00120678 0.00531863 0.00577408 51.7633 14.2367 15.7062 0.900361 1.30406 1.01386 7.17663 6.69327 4.42530 4.86069 0.106827 1.00371 0.776866 0.362391 0.635006 22.4191 1.69319 0.610699 0.497230 6.63253 2.77557 0.934386 0.722614 0.596398 0.0753463 4.19629 0.322366 0.252104 0.0259303 1.39816 130.605 23.8454 2.57379 1.22539 2.75456 40.3072 5.85054 7.65986 1.07824 0.703507 1.09740 1.10631 1.84577 0.283303 6.18303 1.90567 0.0829359 0.0518697 0.0555476 2.86867 0.510690 0.832833 0.0167333 4.14320 0.0848302 7.39868 3.57589 0.316905 0.335323 0.134112 0.130450 4.33163 0.0704053 1.53450 3.30496 0.930378 1.64188 0.220103 0.156984 0.0869368 0.413792 0.346115 2.62971 1.28611 1.83413 0.278524 0.128920 0.0644119 0.481424 0.505802 4.70628 2.23649 0.754525 1.94188 0.282604 0.414583 1.58255 1.08089 0.422794 0.597385 0.515039 1.46570
# init_stl_other_suit_slope:
 0.438706 -0.461090 -0.0629062 -0.291634 -0.522828
# init_pref_size_ratio[1]:
1.00000000000
# init_season_overlap:
 2.05938649815 2.69591145580 1.37809860463 1.67591925278 1.59801524239 2.41826573684 2.24661221201
# Stom_var[1]:
2.01999811537
# Stom_var[2]:
0.209695867322
# Stom_var[3]:
1.63417467249
# Stom_var[4]:
0.572440859670
# Stom_var[5]:
2.01999957917
# Stom_var[6]:
1.40350913415
# Stom_var[7]:
0.818627414699
# Stom_var[8]:
0.544506052866
# Stom_var[9]:
0.150900775142
# Stom_var[10]:
0.197690571130
# Stom_var[11]:
0.190484015691
# Stom_var[12]:
0.440099911817
# Stom_var[13]:
0.715277151187
# Stom_var[14]:
0.261956099625
# Stom_var[15]:
0.000458579002889
# Stom_var[16]:
0.474178358042
# Stom_var[17]:
0.192186320617
# Stom_var[18]:
0.235564470006
# Stom_var[19]:
0.317519828689
# Stom_var[20]:
0.237688151258
