##############################################################
#Data extracted from file  C:/mv/SMS-git/NS_key-2017-ver05/stom_struc_at_length.in 
#Date  Tue Nov 07 15:34:37 2017 
#stom.first  1e-06   #  stomcon for inserted (first length class) values
#stom.mid  1e-06  # stomcon for inserted (mid length class) values
#stom.last  1e-06   # stomcon for inserted (last length class) values
#stom.exp  1e-06   # stomcon for inserted (expanded species and length class) values
#stom.min.abs 1e-06    # absolut minimum value for stom con for inserted values
#delete.tails TRUE    # artifictal data deleted or not
#inserted.haul.no.propor  1  # proportion of number hauls in case of invented values (first, mid and last values)
##############################################################
# File for stomach contents data by length groups of predators and preys
##############################################################
# n_stl_y:  number of years with stomach data
 10 
# n_stl_yq:  number of year, quarter combinations with stomach data
32 
# n_stl_yqd:  number of year, quarter, area combinations with stomach data
32 
# n_stl_yqdp:  number of year, quarter, area, predator combinations with stomach data
276 
# n_stl_yqdpl:  number of year, quarter, area, predator, predator length combinations with stomach data
684 
# n_stl_yqdplp:  number of year, quarter, area, predator, predator length, prey  combinations with stomach data
3376 
##############################################################
# stl_Y: year name, first and last year-quarter index
1981 1 4 
1985 5 8 
1986 9 12 
1987 13 16 
1990 17 20 
1991 21 24 
1995 25 25 
2002 26 29 
2005 30 30 
2013 31 32 
# stl_yq: quarter name, first and last quarter-area index
1 1 1 
2 2 2 
3 3 3 
4 4 4 
1 5 5 
2 6 6 
3 7 7 
4 8 8 
1 9 9 
2 10 10 
3 11 11 
4 12 12 
1 13 13 
2 14 14 
3 15 15 
4 16 16 
1 17 17 
2 18 18 
3 19 19 
4 20 20 
1 21 21 
2 22 22 
3 23 23 
4 24 24 
3 25 25 
1 26 26 
2 27 27 
3 28 28 
4 29 29 
3 30 30 
1 31 31 
3 32 32 
# stl_yqd: area name, and first and last year-quarter-species-age index
1 1 13 
1 14 26 
1 27 39 
1 40 52 
1 53 63 
1 64 72 
1 73 84 
1 85 93 
1 94 103 
1 104 111 
1 112 122 
1 123 130 
1 131 140 
1 141 148 
1 149 160 
1 161 168 
1 169 176 
1 177 184 
1 185 193 
1 194 201 
1 202 216 
1 217 232 
1 233 249 
1 250 266 
1 267 267 
1 268 268 
1 269 269 
1 270 270 
1 271 271 
1 272 272 
1 273 274 
1 275 276 
##############################################################
# stl_yqdp: predator name, and first and last area-pred index
1 1 1 
2 2 2 
3 3 3 
4 4 4 
5 5 5 
6 6 6 
7 7 7 
8 8 8 
16 9 16 
17 17 22 
18 23 28 
19 29 32 
20 33 35 
1 36 36 
2 37 37 
3 38 38 
4 39 39 
5 40 40 
6 41 41 
7 42 42 
8 43 43 
16 44 51 
17 52 57 
18 58 63 
19 64 68 
20 69 72 
1 73 73 
2 74 74 
3 75 75 
4 76 76 
5 77 77 
6 78 78 
7 79 79 
8 80 80 
16 81 87 
17 88 93 
18 94 99 
19 100 103 
20 104 107 
1 108 108 
2 109 109 
3 110 110 
4 111 111 
5 112 112 
6 113 113 
7 114 114 
8 115 115 
16 116 123 
17 124 129 
18 130 135 
19 136 138 
20 139 141 
1 142 142 
2 143 143 
3 144 144 
4 145 145 
5 146 146 
6 147 147 
7 148 148 
8 149 149 
13 150 150 
16 151 161 
17 162 168 
1 169 169 
2 170 170 
3 171 171 
4 172 172 
5 173 173 
6 174 174 
7 175 175 
8 176 176 
13 177 177 
1 178 178 
2 179 179 
3 180 180 
4 181 181 
5 182 182 
6 183 183 
7 184 184 
8 185 185 
13 186 186 
14 187 187 
16 188 198 
17 199 205 
1 206 206 
2 207 207 
3 208 208 
4 209 209 
5 210 210 
6 211 211 
7 212 212 
8 213 213 
13 214 214 
1 215 215 
2 216 216 
3 217 217 
4 218 218 
5 219 219 
6 220 220 
7 221 221 
8 222 222 
16 223 233 
17 234 240 
1 241 241 
2 242 242 
3 243 243 
4 244 244 
5 245 245 
6 246 246 
7 247 247 
8 248 248 
1 249 249 
2 250 250 
3 251 251 
4 252 252 
5 253 253 
6 254 254 
7 255 255 
8 256 256 
16 257 267 
17 268 274 
19 275 278 
1 279 279 
2 280 280 
3 281 281 
4 282 282 
5 283 283 
6 284 284 
7 285 285 
8 286 286 
1 287 287 
2 288 288 
3 289 289 
4 290 290 
5 291 291 
6 292 292 
7 293 293 
8 294 294 
16 295 305 
17 306 312 
1 313 313 
2 314 314 
3 315 315 
4 316 316 
5 317 317 
6 318 318 
7 319 319 
8 320 320 
1 321 321 
2 322 322 
3 323 323 
4 324 324 
5 325 325 
6 326 326 
7 327 327 
8 328 328 
12 329 332 
16 333 343 
17 344 350 
19 351 354 
1 355 355 
2 356 356 
3 357 357 
4 358 358 
5 359 359 
6 360 360 
7 361 361 
8 362 362 
1 363 363 
2 364 364 
3 365 365 
4 366 366 
5 367 367 
6 368 368 
7 369 369 
8 370 370 
1 371 371 
2 372 372 
3 373 373 
4 374 374 
5 375 375 
6 376 376 
7 377 377 
8 378 378 
1 379 379 
2 380 380 
3 381 381 
4 382 382 
5 383 383 
6 384 384 
7 385 385 
8 386 386 
16 387 392 
1 393 393 
2 394 394 
3 395 395 
4 396 396 
5 397 397 
6 398 398 
7 399 399 
8 400 400 
1 401 401 
2 402 402 
3 403 403 
4 404 404 
5 405 405 
6 406 406 
7 407 407 
8 408 408 
9 409 414 
10 415 420 
16 421 431 
17 432 439 
18 440 446 
19 447 453 
20 454 457 
1 458 458 
2 459 459 
3 460 460 
4 461 461 
5 462 462 
6 463 463 
7 464 464 
8 465 465 
9 466 471 
10 472 477 
12 478 483 
16 484 494 
17 495 502 
18 503 509 
19 510 517 
20 518 522 
1 523 523 
2 524 524 
3 525 525 
4 526 526 
5 527 527 
6 528 528 
7 529 529 
8 530 530 
9 531 536 
10 537 542 
11 543 545 
12 546 550 
16 551 560 
17 561 568 
18 569 575 
19 576 580 
20 581 585 
1 586 586 
2 587 587 
3 588 588 
4 589 589 
5 590 590 
6 591 591 
7 592 592 
8 593 593 
9 594 597 
10 598 603 
11 604 606 
12 607 610 
16 611 621 
17 622 629 
18 630 636 
19 637 643 
20 644 649 
14 650 650 
13 651 651 
13 652 652 
13 653 653 
13 654 654 
14 655 655 
10 656 662 
15 663 668 
10 669 675 
15 676 684 
##############################################################
# stl_yqdpl: predator length name, first and last predator-length-prey index, and predator length
15 1 6 500
15 7 13 500
15 14 19 500
15 20 27 500
15 28 36 500
15 37 38 500
15 39 42 500
15 43 49 500
10 50 52 150
11 53 56 200
12 57 62 250
13 63 71 300
14 72 80 400
15 81 89 500
16 90 97 700
17 98 104 1000
9 105 107 100
10 108 111 150
11 112 117 200
12 118 124 250
13 125 132 300
14 133 140 400
10 141 142 150
11 143 144 200
12 145 147 250
13 148 150 300
14 151 153 400
15 154 156 500
14 157 160 400
15 161 163 500
16 164 167 700
17 168 172 1000
11 173 173 200
12 174 174 250
13 175 175 300
15 176 184 500
15 185 190 500
15 191 197 500
15 198 200 500
15 201 209 500
15 210 215 500
15 216 219 500
15 220 223 500
10 224 224 150
11 225 228 200
12 229 231 250
13 232 238 300
14 239 247 400
15 248 256 500
16 257 264 700
17 265 271 1000
9 272 272 100
10 273 275 150
11 276 281 200
12 282 288 250
13 289 295 300
14 296 299 400
10 300 300 150
11 301 302 200
12 303 304 250
13 305 307 300
14 308 310 400
15 311 313 500
13 314 314 300
14 315 315 400
15 316 319 500
16 320 321 700
17 322 322 1000
11 323 325 200
12 326 328 250
13 329 332 300
14 333 336 400
15 337 339 500
15 340 344 500
15 345 353 500
15 354 356 500
15 357 365 500
15 366 371 500
15 372 375 500
15 376 379 500
11 380 382 200
12 383 388 250
13 389 396 300
14 397 403 400
15 404 410 500
16 411 417 700
17 418 421 1000
9 422 422 100
10 423 426 150
11 427 433 200
12 434 440 250
13 441 448 300
14 449 455 400
10 456 457 150
11 458 459 200
12 460 462 250
13 463 465 300
14 466 468 400
15 469 471 500
13 472 475 300
14 476 480 400
15 481 485 500
16 486 489 700
11 490 490 200
12 491 496 250
13 497 502 300
14 503 507 400
15 508 513 500
15 514 519 500
15 520 525 500
15 526 533 500
15 534 540 500
15 541 542 500
15 543 546 500
15 547 553 500
10 554 555 150
11 556 556 200
12 557 561 250
13 562 566 300
14 567 573 400
15 574 580 500
16 581 588 700
17 589 593 1000
9 594 596 100
10 597 600 150
11 601 609 200
12 610 617 250
13 618 626 300
14 627 630 400
10 631 632 150
11 633 634 200
12 635 637 250
13 638 640 300
14 641 643 400
15 644 646 500
14 647 649 400
15 650 653 500
16 654 657 700
12 658 658 250
13 659 662 300
14 663 665 400
18 666 671 500
18 672 678 500
18 679 684 500
18 685 692 500
18 693 701 500
18 702 703 500
18 704 707 500
18 708 714 500
22 715 721 1000
12 722 724 150
13 725 727 200
14 728 735 250
15 736 742 300
16 743 751 350
17 752 759 400
18 760 766 500
19 767 775 600
20 776 783 700
21 784 791 800
22 792 797 1000
11 798 800 100
12 801 805 150
13 806 812 200
14 813 820 250
15 821 828 300
16 829 836 350
17 837 843 400
18 844 852 500
18 853 858 500
18 859 865 500
18 866 868 500
18 869 877 500
18 878 883 500
18 884 887 500
18 888 891 500
22 892 898 1000
18 899 901 500
18 902 906 500
18 907 915 500
18 916 918 500
18 919 927 500
18 928 933 500
18 934 937 500
18 938 941 500
22 942 948 1000
22 949 954 1000
12 955 955 150
13 956 956 200
14 957 963 250
15 964 970 300
16 971 976 350
17 977 984 400
18 985 991 500
19 992 997 600
20 998 1004 700
21 1005 1011 800
22 1012 1015 1000
11 1016 1020 100
12 1021 1026 150
13 1027 1035 200
14 1036 1044 250
15 1045 1052 300
16 1053 1060 350
17 1061 1065 400
18 1066 1071 500
18 1072 1077 500
18 1078 1083 500
18 1084 1091 500
18 1092 1098 500
18 1099 1100 500
18 1101 1104 500
18 1105 1111 500
22 1112 1118 1000
18 1119 1124 500
18 1125 1131 500
18 1132 1137 500
18 1138 1145 500
18 1146 1154 500
18 1155 1156 500
18 1157 1160 500
18 1161 1167 500
12 1168 1170 150
13 1171 1173 200
14 1174 1179 250
15 1180 1185 300
16 1186 1190 350
17 1191 1197 400
18 1198 1205 500
19 1206 1212 600
20 1213 1220 700
21 1221 1228 800
22 1229 1235 1000
11 1236 1237 100
12 1238 1243 150
13 1244 1250 200
14 1251 1258 250
15 1259 1266 300
16 1267 1273 350
17 1274 1278 400
18 1279 1287 500
18 1288 1293 500
18 1294 1300 500
18 1301 1303 500
18 1304 1312 500
18 1313 1318 500
18 1319 1322 500
18 1323 1326 500
18 1327 1329 500
18 1330 1334 500
18 1335 1343 500
18 1344 1346 500
18 1347 1355 500
18 1356 1361 500
18 1362 1365 500
18 1366 1369 500
12 1370 1370 150
13 1371 1373 200
14 1374 1380 250
15 1381 1385 300
16 1386 1391 350
17 1392 1398 400
18 1399 1405 500
19 1406 1411 600
20 1412 1416 700
21 1417 1423 800
22 1424 1428 1000
11 1429 1432 100
12 1433 1437 150
13 1438 1444 200
14 1445 1452 250
15 1453 1460 300
16 1461 1468 350
17 1469 1472 400
15 1473 1476 300
17 1477 1481 400
18 1482 1485 500
20 1486 1489 700
18 1490 1495 500
18 1496 1501 500
18 1502 1507 500
18 1508 1515 500
18 1516 1522 500
18 1523 1524 500
18 1525 1528 500
18 1529 1535 500
18 1536 1541 500
18 1542 1548 500
18 1549 1554 500
18 1555 1562 500
18 1563 1571 500
18 1572 1573 500
18 1574 1577 500
18 1578 1584 500
12 1585 1585 150
13 1586 1591 200
14 1592 1599 250
15 1600 1607 300
16 1608 1614 350
17 1615 1623 400
18 1624 1631 500
19 1632 1638 600
20 1639 1644 700
21 1645 1650 800
22 1651 1655 1000
11 1656 1659 100
12 1660 1665 150
13 1666 1672 200
14 1673 1680 250
15 1681 1688 300
16 1689 1694 350
17 1695 1696 400
18 1697 1705 500
18 1706 1711 500
18 1712 1718 500
18 1719 1721 500
18 1722 1730 500
18 1731 1736 500
18 1737 1740 500
18 1741 1744 500
18 1745 1747 500
18 1748 1752 500
18 1753 1761 500
18 1762 1764 500
18 1765 1773 500
18 1774 1779 500
18 1780 1783 500
18 1784 1787 500
13 1788 1789 200
14 1790 1792 250
15 1793 1794 300
16 1795 1798 350
12 1799 1799 150
13 1800 1803 200
14 1804 1810 250
15 1811 1817 300
16 1818 1824 350
17 1825 1831 400
18 1832 1838 500
19 1839 1846 600
20 1847 1853 700
21 1854 1861 800
22 1862 1866 1000
11 1867 1868 100
12 1869 1873 150
13 1874 1879 200
14 1880 1887 250
15 1888 1895 300
16 1896 1903 350
17 1904 1907 400
15 1908 1908 300
17 1909 1913 400
18 1914 1918 500
20 1919 1922 700
18 1923 1928 500
18 1929 1934 500
18 1935 1940 500
18 1941 1948 500
18 1949 1955 500
18 1956 1957 500
18 1958 1961 500
18 1962 1968 500
21 1969 1974 500
21 1975 1981 500
21 1982 1987 500
21 1988 1995 500
21 1996 2004 500
21 2005 2006 500
21 2007 2010 500
21 2011 2017 500
21 2018 2026 500
21 2027 2032 500
21 2033 2039 500
21 2040 2042 500
21 2043 2051 500
21 2052 2057 500
21 2058 2061 500
21 2062 2065 500
21 2066 2068 500
21 2069 2073 500
21 2074 2082 500
21 2083 2085 500
21 2086 2094 500
21 2095 2100 500
21 2101 2104 500
21 2105 2108 500
16 2109 2111 200
17 2112 2115 250
18 2116 2119 300
19 2120 2125 350
20 2126 2130 400
21 2131 2136 500
21 2137 2142 500
21 2143 2148 500
21 2149 2154 500
21 2155 2162 500
21 2163 2169 500
21 2170 2171 500
21 2172 2175 500
21 2176 2182 500
21 2183 2188 500
21 2189 2195 500
21 2196 2201 500
21 2202 2209 500
21 2210 2218 500
21 2219 2220 500
21 2221 2224 500
21 2225 2231 500
16 2232 2232 200
17 2233 2235 250
18 2236 2237 300
19 2238 2239 350
20 2240 2242 400
21 2243 2244 500
15 2245 2246 150
16 2247 2249 200
17 2250 2255 250
18 2256 2260 300
19 2261 2264 350
20 2265 2267 400
15 2268 2271 150
16 2272 2274 200
17 2275 2277 250
18 2278 2281 300
19 2282 2288 350
20 2289 2296 400
21 2297 2303 500
22 2304 2310 600
23 2311 2316 700
24 2317 2324 800
25 2325 2330 1000
13 2331 2331 100
14 2332 2333 120
15 2334 2339 150
16 2340 2346 200
17 2347 2354 250
18 2355 2362 300
19 2363 2370 350
20 2371 2376 400
15 2377 2377 150
16 2378 2379 200
17 2380 2380 250
18 2381 2383 300
19 2384 2386 350
20 2387 2388 400
21 2389 2390 500
18 2391 2393 300
19 2394 2395 350
20 2396 2399 400
21 2400 2403 500
22 2404 2406 600
23 2407 2409 700
24 2410 2412 800
15 2413 2413 150
16 2414 2414 200
17 2415 2415 250
18 2416 2416 300
21 2417 2425 500
21 2426 2431 500
21 2432 2438 500
21 2439 2441 500
21 2442 2450 500
21 2451 2456 500
21 2457 2460 500
21 2461 2464 500
16 2465 2465 200
17 2466 2467 250
18 2468 2469 300
19 2470 2472 350
20 2473 2477 400
21 2478 2479 500
15 2480 2482 150
16 2483 2485 200
17 2486 2488 250
18 2489 2494 300
19 2495 2499 350
20 2500 2503 400
13 2504 2504 100
15 2505 2505 150
16 2506 2506 200
17 2507 2507 250
18 2508 2509 300
19 2510 2510 350
15 2511 2512 150
16 2513 2515 200
17 2516 2519 250
18 2520 2525 300
19 2526 2532 350
20 2533 2540 400
21 2541 2549 500
22 2550 2556 600
23 2557 2564 700
24 2565 2572 800
25 2573 2580 1000
13 2581 2581 100
14 2582 2582 120
15 2583 2586 150
16 2587 2591 200
17 2592 2598 250
18 2599 2605 300
19 2606 2612 350
20 2613 2619 400
15 2620 2621 150
16 2622 2622 200
17 2623 2624 250
18 2625 2626 300
19 2627 2628 350
20 2629 2631 400
21 2632 2633 500
18 2634 2634 300
19 2635 2636 350
20 2637 2639 400
21 2640 2643 500
22 2644 2647 600
23 2648 2651 700
24 2652 2657 800
25 2658 2660 1000
16 2661 2662 200
17 2663 2664 250
18 2665 2669 300
19 2670 2675 350
20 2676 2680 400
21 2681 2683 500
21 2684 2688 500
21 2689 2697 500
21 2698 2700 500
21 2701 2709 500
21 2710 2715 500
21 2716 2719 500
21 2720 2723 500
16 2724 2725 200
17 2726 2729 250
18 2730 2733 300
19 2734 2738 350
20 2739 2742 400
21 2743 2747 500
15 2748 2752 150
16 2753 2758 200
17 2759 2766 250
18 2767 2773 300
19 2774 2781 350
20 2782 2783 400
17 2784 2786 250
18 2787 2789 300
19 2790 2792 350
15 2793 2793 150
16 2794 2794 200
17 2795 2795 250
18 2796 2799 300
19 2800 2803 350
16 2804 2807 200
17 2808 2814 250
18 2815 2823 300
19 2824 2830 350
20 2831 2838 400
21 2839 2845 500
22 2846 2853 600
23 2854 2859 700
24 2860 2864 800
25 2865 2869 1000
13 2870 2873 100
14 2874 2876 120
15 2877 2882 150
16 2883 2890 200
17 2891 2899 250
18 2900 2908 300
19 2909 2916 350
20 2917 2922 400
15 2923 2925 150
16 2926 2928 200
17 2929 2931 250
18 2932 2934 300
19 2935 2937 350
20 2938 2940 400
21 2941 2943 500
20 2944 2948 400
21 2949 2954 500
22 2955 2958 600
23 2959 2963 700
24 2964 2968 800
16 2969 2969 200
17 2970 2973 250
18 2974 2976 300
19 2977 2982 350
20 2983 2986 400
21 2987 2992 500
21 2993 2998 500
21 2999 3004 500
21 3005 3012 500
21 3013 3019 500
21 3020 3021 500
21 3022 3025 500
21 3026 3032 500
16 3033 3033 200
17 3034 3036 250
18 3037 3040 300
19 3041 3044 350
15 3045 3046 150
16 3047 3052 200
17 3053 3056 250
18 3057 3063 300
19 3064 3068 350
20 3069 3070 400
17 3071 3071 250
18 3072 3073 300
19 3074 3075 350
16 3076 3076 200
17 3077 3077 250
18 3078 3079 300
19 3080 3080 350
15 3081 3081 150
16 3082 3083 200
17 3084 3089 250
18 3090 3096 300
19 3097 3104 350
20 3105 3112 400
21 3113 3120 500
22 3121 3128 600
23 3129 3134 700
24 3135 3140 800
25 3141 3146 1000
13 3147 3148 100
14 3149 3152 120
15 3153 3157 150
16 3158 3165 200
17 3166 3174 250
18 3175 3182 300
19 3183 3190 350
20 3191 3195 400
15 3196 3198 150
16 3199 3199 200
17 3200 3202 250
18 3203 3205 300
19 3206 3208 350
20 3209 3211 400
21 3212 3214 500
19 3215 3216 350
20 3217 3220 400
21 3221 3224 500
22 3225 3228 600
23 3229 3233 700
24 3234 3238 800
25 3239 3242 1000
15 3243 3244 150
16 3245 3247 200
17 3248 3249 250
18 3250 3253 300
19 3254 3258 350
20 3259 3262 400
25 3263 3268 1000
25 3269 3275 1000
25 3276 3282 1000
25 3283 3289 1000
25 3290 3296 1000
25 3297 3303 1000
14 3304 3304 120
15 3305 3305 150
16 3306 3306 200
17 3307 3309 250
18 3310 3312 300
19 3313 3314 350
20 3315 3315 400
16 3316 3316 200
17 3317 3318 250
18 3319 3320 300
19 3321 3322 350
20 3323 3324 400
21 3325 3326 500
13 3327 3327 100
14 3328 3329 120
15 3330 3333 150
16 3334 3340 200
17 3341 3345 250
18 3346 3351 300
19 3352 3354 350
17 3355 3356 250
18 3357 3358 300
19 3359 3360 350
20 3361 3362 400
21 3363 3365 500
22 3366 3368 600
23 3369 3371 700
24 3372 3374 800
25 3375 3376 1000
##############################################################
# stl_yqdplp: prey name, first and last year-quarter-predator-length-prey-length
0 0 0
16 9 9
17 9 9
21 8 10
24 8 9
25 7 9
0 0 0
17 9 11
18 9 10
21 8 10
22 8 10
23 8 10
25 7 9
0 0 0
17 9 9
18 9 9
21 10 12
24 8 9
25 7 9
0 0 0
16 9 9
17 9 9
18 9 9
21 9 11
22 8 9
23 8 9
25 7 9
0 0 0
16 9 9
17 9 9
18 9 9
21 10 12
22 8 9
23 8 9
24 8 9
25 7 9
0 0 0
21 10 13
0 0 0
21 8 9
22 8 10
23 8 10
0 0 0
17 9 11
21 8 9
22 8 8
23 8 8
24 8 9
25 7 8
0 0 0
23 8 8
25 8 8
0 0 0
23 8 9
24 8 8
25 7 8
0 0 0
21 9 9
22 8 8
23 8 8
24 8 8
25 7 9
0 0 0
16 9 9
17 9 10
18 9 9
21 9 9
22 8 11
23 8 10
24 8 9
25 7 9
0 0 0
16 9 10
17 9 11
18 9 10
21 8 12
22 8 11
23 8 10
24 8 10
25 7 9
0 0 0
16 9 13
17 9 13
18 9 12
21 9 12
22 8 11
23 8 11
24 8 10
25 7 9
0 0 0
16 9 13
17 9 13
18 9 12
21 9 12
22 8 9
24 8 10
25 7 9
0 0 0
16 10 13
17 9 13
18 9 10
21 9 12
24 9 10
25 7 9
0 0 0
22 8 8
25 7 7
0 0 0
22 8 9
24 8 8
25 7 9
0 0 0
16 9 9
22 8 10
23 8 9
24 8 9
25 7 9
0 0 0
17 9 9
21 9 9
22 8 10
23 9 9
24 8 10
25 7 9
0 0 0
17 9 10
18 9 10
21 8 10
22 8 10
23 8 11
24 8 10
25 7 9
0 0 0
17 9 10
18 9 11
21 9 9
22 9 11
23 9 11
24 8 10
25 7 8
0 0 0
22 8 8
0 0 0
22 8 10
0 0 0
22 8 8
24 8 8
0 0 0
22 8 11
24 8 8
0 0 0
22 8 10
24 8 9
0 0 0
22 10 10
24 8 9
0 0 0
18 9 10
22 8 10
24 8 10
0 0 0
18 9 10
24 8 10
0 0 0
17 9 11
18 9 11
24 8 10
0 0 0
17 12 12
18 9 9
22 9 9
24 9 11
0 0 0
0 0 0
0 0 0
0 0 0
16 9 9
17 9 9
18 9 9
21 9 10
22 8 10
23 8 10
24 8 9
25 7 9
0 0 0
17 9 11
21 9 10
22 8 10
23 8 10
25 7 9
0 0 0
16 9 9
17 9 9
18 9 9
21 10 12
24 8 9
25 7 9
0 0 0
22 8 10
23 8 10
0 0 0
16 9 9
17 9 9
18 9 9
21 10 12
22 8 10
23 8 10
24 8 9
25 7 9
0 0 0
16 11 13
21 10 13
22 8 10
23 8 10
25 8 10
0 0 0
22 8 10
23 8 10
25 7 9
0 0 0
22 8 9
23 8 9
25 7 9
0 0 0
0 0 0
23 9 9
24 8 8
25 7 8
0 0 0
18 9 9
23 9 10
0 0 0
18 9 10
21 9 10
22 9 10
23 9 10
24 9 9
25 7 9
0 0 0
16 9 9
17 9 11
18 9 10
21 10 10
22 9 10
23 9 11
24 9 10
25 7 9
0 0 0
16 10 11
17 9 11
18 9 11
21 10 11
22 9 11
23 9 11
24 9 10
25 9 10
0 0 0
16 10 14
17 10 12
18 9 12
21 10 12
22 9 11
24 9 10
25 9 9
0 0 0
17 11 12
18 10 10
21 11 11
23 9 9
24 9 9
25 8 8
0 0 0
0 0 0
22 9 9
25 7 7
0 0 0
17 9 9
22 9 10
23 9 9
24 8 8
25 7 9
0 0 0
17 9 9
18 9 10
22 9 10
23 9 10
24 8 10
25 7 9
0 0 0
17 9 9
18 9 10
22 9 10
23 9 10
24 8 10
25 8 9
0 0 0
22 9 9
23 9 10
24 9 10
0 0 0
0 0 0
22 9 9
0 0 0
22 9 9
0 0 0
22 9 10
24 8 8
0 0 0
22 9 10
24 9 9
0 0 0
22 9 9
24 9 9
0 0 0
0 0 0
0 0 0
18 9 9
22 9 9
24 9 10
0 0 0
24 9 10
0 0 0
0 0 0
23 9 10
25 7 7
0 0 0
23 9 10
25 7 8
0 0 0
21 9 9
23 9 10
25 7 8
0 0 0
21 9 9
23 9 10
25 8 9
0 0 0
22 7 10
23 7 10
0 0 0
17 9 11
22 8 10
23 8 10
25 8 9
0 0 0
16 7 9
17 7 9
18 8 9
21 10 12
22 8 10
23 8 10
24 7 9
25 8 9
0 0 0
22 7 10
23 7 10
0 0 0
16 7 9
17 7 9
18 8 9
21 10 12
22 8 10
23 8 10
24 7 9
25 8 9
0 0 0
16 11 13
21 10 13
22 7 10
23 7 10
25 8 10
0 0 0
22 7 10
23 7 10
25 8 9
0 0 0
22 7 9
23 7 9
25 8 9
0 0 0
17 8 8
22 7 9
0 0 0
17 8 8
18 9 9
22 8 8
23 7 9
24 7 8
0 0 0
16 7 9
17 7 9
18 8 9
21 8 11
22 7 10
24 7 8
25 8 9
0 0 0
17 8 10
18 8 10
21 8 12
22 7 10
24 7 10
25 9 10
0 0 0
16 10 11
17 8 12
18 8 12
21 8 13
22 7 10
24 7 10
0 0 0
16 8 13
17 11 13
18 8 13
21 10 13
22 7 9
24 7 10
0 0 0
17 12 12
18 8 14
24 7 10
0 0 0
0 0 0
16 7 8
18 8 8
22 7 8
0 0 0
17 7 8
21 8 8
22 7 8
23 7 8
24 7 8
25 8 9
0 0 0
17 7 9
18 8 9
21 8 9
22 7 10
24 7 8
25 7 8
0 0 0
17 7 9
18 8 9
21 8 9
22 7 10
23 7 8
24 7 9
25 8 9
0 0 0
17 8 9
18 8 9
22 8 10
23 9 9
24 7 9
25 9 9
0 0 0
22 7 8
0 0 0
22 7 9
0 0 0
22 7 9
24 7 8
0 0 0
22 7 9
24 7 9
0 0 0
22 7 9
24 7 10
0 0 0
22 7 8
24 8 9
0 0 0
18 8 8
22 7 8
24 7 7
0 0 0
17 9 9
18 8 8
22 7 8
24 7 9
0 0 0
17 10 10
18 8 9
22 7 8
24 7 10
0 0 0
18 8 10
21 9 9
24 7 10
0 0 0
0 0 0
21 8 8
22 7 9
23 7 11
24 7 8
25 9 9
0 0 0
21 8 9
22 7 8
23 7 11
24 7 8
25 8 9
0 0 0
21 8 10
23 9 9
24 7 8
25 8 9
0 0 0
16 8 9
17 8 9
21 8 10
24 8 9
25 7 9
0 0 0
17 9 11
21 8 10
22 8 10
23 8 10
25 7 9
0 0 0
17 8 9
18 8 9
21 10 12
24 8 9
25 7 9
0 0 0
16 8 9
17 8 9
18 8 9
21 9 11
22 8 9
23 8 9
25 7 9
0 0 0
16 8 9
17 8 9
18 8 9
21 10 12
24 8 9
25 7 9
0 0 0
21 10 13
0 0 0
21 8 9
22 8 10
23 8 10
0 0 0
17 8 11
21 8 9
22 7 8
23 7 8
24 8 9
25 7 8
0 0 0
22 7 7
0 0 0
0 0 0
16 9 9
18 8 9
22 7 9
24 8 9
0 0 0
18 8 9
22 7 9
23 7 10
24 7 10
0 0 0
17 8 11
18 8 10
21 9 10
22 7 11
24 7 9
25 7 9
0 0 0
16 8 10
17 8 11
18 8 10
21 9 12
22 7 9
24 8 10
0 0 0
16 9 13
17 8 13
18 8 13
21 10 13
22 8 11
24 7 10
25 9 9
0 0 0
17 12 12
18 9 13
22 8 11
24 8 8
0 0 0
22 8 8
24 7 7
0 0 0
22 8 9
23 7 7
24 7 8
0 0 0
16 8 8
17 8 9
18 8 9
21 8 8
22 7 9
23 7 9
24 7 9
25 7 9
0 0 0
16 8 9
17 8 9
18 8 10
21 8 8
22 7 10
24 7 9
25 8 9
0 0 0
16 8 9
17 8 10
18 8 9
21 8 9
22 7 10
23 8 10
24 7 9
25 7 9
0 0 0
17 9 9
18 8 10
24 8 9
0 0 0
22 7 7
0 0 0
24 8 8
0 0 0
22 8 8
24 7 9
0 0 0
22 7 9
24 8 9
0 0 0
22 7 9
24 7 9
0 0 0
22 7 7
24 7 9
0 0 0
18 9 9
24 8 9
0 0 0
18 8 9
21 9 9
24 7 10
0 0 0
18 9 9
21 8 9
24 7 10
0 0 0
0 0 0
21 8 9
24 8 9
25 9 9
0 0 0
21 8 9
24 8 10
0 0 0
16 11 11
17 11 11
21 10 12
24 10 11
25 9 11
0 0 0
17 11 13
18 11 12
21 10 12
22 10 12
23 10 12
25 9 11
0 0 0
17 11 11
18 11 11
21 12 14
24 10 11
25 9 11
0 0 0
16 11 11
17 11 11
18 11 11
21 11 13
22 10 11
23 10 11
25 9 11
0 0 0
16 11 11
17 11 11
18 11 11
21 12 14
22 10 11
23 10 11
24 10 11
25 9 11
0 0 0
21 12 15
0 0 0
21 10 11
22 10 12
23 10 12
0 0 0
17 11 13
21 10 11
22 10 10
23 10 10
24 10 11
25 9 10
0 0 0
16 11 20
17 11 17
18 11 18
21 12 15
22 10 13
24 10 13
0 0 0
22 10 10
25 9 9
0 0 0
24 10 11
25 10 10
0 0 0
17 11 11
18 11 11
21 10 11
22 10 10
23 11 11
24 10 12
25 9 10
0 0 0
17 11 11
18 11 12
21 10 12
22 10 12
23 11 12
24 10 12
0 0 0
16 12 12
17 11 12
18 11 12
21 10 13
22 10 12
23 11 13
24 10 12
25 9 11
0 0 0
17 11 12
18 11 12
21 10 13
22 10 12
23 10 12
24 10 12
25 9 11
0 0 0
17 12 14
18 11 14
21 10 14
22 10 11
23 11 13
24 10 12
0 0 0
16 11 15
17 11 15
18 11 14
21 10 14
22 11 12
23 11 13
24 11 12
25 10 11
0 0 0
16 12 14
17 11 14
18 11 14
21 10 14
22 11 12
24 11 12
25 9 10
0 0 0
16 13 14
17 11 14
18 11 15
21 11 15
23 11 11
24 10 12
25 11 11
0 0 0
16 13 14
17 11 15
21 11 13
24 11 11
25 11 11
0 0 0
22 10 10
25 9 10
0 0 0
22 10 11
23 10 11
24 10 10
25 9 10
0 0 0
17 11 11
21 10 10
22 10 12
23 10 12
24 10 12
25 9 11
0 0 0
17 11 11
18 11 12
21 10 12
22 10 11
23 10 12
24 10 12
25 9 11
0 0 0
17 11 11
18 11 11
21 10 12
22 10 11
23 10 13
24 10 11
25 9 11
0 0 0
17 11 12
18 11 11
21 10 12
22 11 12
23 11 12
24 10 12
25 9 11
0 0 0
16 11 11
17 13 13
18 11 11
21 11 12
24 10 11
25 10 11
0 0 0
16 11 11
17 11 11
18 11 11
21 11 12
22 10 12
23 10 12
24 10 11
25 9 11
0 0 0
17 11 13
21 11 12
22 10 12
23 10 12
25 9 11
0 0 0
16 11 11
17 11 11
18 11 11
21 12 14
24 10 11
25 9 11
0 0 0
22 10 12
23 10 12
0 0 0
16 11 11
17 11 11
18 11 11
21 12 14
22 10 12
23 10 12
24 10 11
25 9 11
0 0 0
16 13 16
21 12 15
22 10 12
23 10 12
25 10 12
0 0 0
22 10 12
23 10 12
25 9 11
0 0 0
22 10 11
23 10 11
25 9 11
0 0 0
16 11 20
17 11 17
18 11 18
21 12 15
22 10 13
24 10 13
0 0 0
22 9 12
23 9 12
0 0 0
17 11 13
22 10 12
23 10 12
25 10 11
0 0 0
16 9 11
17 9 11
18 10 11
21 12 14
22 10 12
23 10 12
24 9 11
25 10 11
0 0 0
22 9 12
23 9 12
0 0 0
16 9 11
17 9 11
18 10 11
21 12 14
22 10 12
23 10 12
24 9 11
25 10 11
0 0 0
16 13 16
21 12 15
22 9 12
23 9 12
25 10 12
0 0 0
22 9 12
23 9 12
25 10 11
0 0 0
22 9 11
23 9 11
25 10 11
0 0 0
16 10 20
17 9 17
18 10 18
21 12 15
22 10 13
24 9 13
0 0 0
16 9 15
17 9 15
21 12 14
22 10 12
23 10 12
0 0 0
0 0 0
0 0 0
16 10 10
17 9 11
18 10 10
21 10 11
22 10 11
23 10 10
0 0 0
17 10 11
18 10 10
21 11 12
22 10 11
23 10 12
24 10 11
0 0 0
17 10 11
18 10 11
21 12 12
22 9 11
24 9 12
0 0 0
16 10 10
17 9 14
18 10 12
21 11 13
22 10 13
24 9 12
25 11 11
0 0 0
17 10 14
18 10 12
21 11 14
22 10 11
23 9 12
24 9 12
0 0 0
17 13 14
18 10 14
21 12 13
22 10 11
24 9 12
0 0 0
16 11 15
17 12 15
18 10 15
21 11 13
22 11 11
24 11 11
0 0 0
16 14 15
17 10 14
18 10 14
21 12 14
22 10 11
24 10 12
0 0 0
17 13 13
21 12 13
24 11 11
0 0 0
17 9 10
18 10 10
22 9 10
25 9 9
0 0 0
17 9 10
22 9 11
23 9 11
24 9 9
25 10 10
0 0 0
16 9 10
17 9 10
18 10 10
21 10 11
22 9 12
23 9 11
24 9 9
25 9 11
0 0 0
16 10 10
17 9 10
18 10 11
21 10 12
22 9 12
23 9 12
24 9 10
25 9 11
0 0 0
17 9 11
18 10 11
21 10 13
22 9 12
23 9 12
24 9 12
25 9 11
0 0 0
17 9 10
18 10 11
21 10 12
22 9 12
23 10 12
24 9 11
25 11 11
0 0 0
18 10 10
21 11 13
24 10 11
25 10 11
0 0 0
16 9 11
17 10 11
21 10 12
24 10 11
25 9 11
0 0 0
17 11 13
21 10 12
22 10 12
23 10 12
25 9 11
0 0 0
17 9 11
18 10 11
21 12 14
24 10 11
25 9 11
0 0 0
16 10 11
17 10 11
18 10 11
21 11 13
22 10 11
23 10 11
25 9 11
0 0 0
16 9 11
17 10 11
18 10 11
21 12 14
24 10 11
25 9 11
0 0 0
21 12 15
0 0 0
21 10 11
22 10 12
23 10 12
0 0 0
17 10 13
21 10 11
22 9 10
23 9 10
24 10 11
25 9 10
0 0 0
16 10 20
17 10 17
18 10 18
21 12 15
22 10 13
24 9 13
0 0 0
16 11 11
17 11 11
21 10 12
24 10 11
25 9 11
0 0 0
17 11 13
18 11 12
21 10 12
22 10 12
23 10 12
25 9 11
0 0 0
17 11 11
18 11 11
21 12 14
24 10 11
25 9 11
0 0 0
16 11 11
17 11 11
18 11 11
21 11 13
22 10 11
23 10 11
25 9 11
0 0 0
16 11 11
17 11 11
18 11 11
21 12 14
22 10 11
23 10 11
24 10 11
25 9 11
0 0 0
21 12 15
0 0 0
21 10 11
22 10 12
23 10 12
0 0 0
17 11 13
21 10 11
22 10 10
23 10 10
24 10 11
25 9 10
0 0 0
22 10 11
23 10 10
0 0 0
21 10 11
22 10 11
0 0 0
18 11 11
21 10 11
22 10 12
23 11 11
25 11 11
0 0 0
18 11 11
21 11 12
22 10 11
24 11 11
25 10 11
0 0 0
17 12 12
18 11 12
22 10 12
24 11 12
0 0 0
17 11 13
18 11 12
21 10 14
22 10 11
24 11 12
25 10 11
0 0 0
16 11 13
17 11 14
18 11 14
21 11 14
22 10 12
24 10 12
25 10 11
0 0 0
16 12 14
17 11 14
18 11 12
21 11 13
24 11 12
25 10 11
0 0 0
16 11 14
17 11 15
18 11 15
21 11 14
22 11 11
24 11 12
25 10 11
0 0 0
16 11 16
17 11 14
18 11 14
21 11 14
23 11 11
24 11 12
25 10 11
0 0 0
16 15 15
17 11 14
18 11 12
21 11 14
23 12 12
24 11 11
0 0 0
22 10 11
0 0 0
17 11 11
21 10 10
22 10 11
23 10 11
25 9 9
0 0 0
17 11 11
21 10 11
22 10 11
23 11 11
24 10 11
25 10 11
0 0 0
17 11 11
18 11 11
21 10 11
22 10 12
23 10 11
24 10 11
25 9 11
0 0 0
17 11 11
18 11 11
21 10 12
22 10 12
23 11 12
24 10 12
25 10 11
0 0 0
17 11 12
18 11 11
21 10 12
22 11 11
24 10 12
25 10 11
0 0 0
21 10 10
23 11 11
24 10 11
25 10 11
0 0 0
16 11 11
17 11 11
18 11 11
21 11 12
22 10 12
23 10 12
24 10 11
25 9 11
0 0 0
17 11 13
21 11 12
22 10 12
23 10 12
25 9 11
0 0 0
16 11 11
17 11 11
18 11 11
21 12 14
24 10 11
25 9 11
0 0 0
22 10 12
23 10 12
0 0 0
16 11 11
17 11 11
18 11 11
21 12 14
22 10 12
23 10 12
24 10 11
25 9 11
0 0 0
16 13 16
21 12 15
22 10 12
23 10 12
25 10 12
0 0 0
22 10 12
23 10 12
25 9 11
0 0 0
22 10 11
23 10 11
25 9 11
0 0 0
22 9 12
23 9 12
0 0 0
17 11 13
22 10 12
23 10 12
25 10 11
0 0 0
16 9 11
17 9 11
18 10 11
21 12 14
22 10 12
23 10 12
24 9 11
25 10 11
0 0 0
22 9 12
23 9 12
0 0 0
16 9 11
17 9 11
18 10 11
21 12 14
22 10 12
23 10 12
24 9 11
25 10 11
0 0 0
16 13 16
21 12 15
22 9 12
23 9 12
25 10 12
0 0 0
22 9 12
23 9 12
25 10 11
0 0 0
22 9 11
23 9 11
25 10 11
0 0 0
0 0 0
21 10 11
22 9 11
0 0 0
17 9 10
18 10 11
21 11 11
22 9 12
23 10 12
24 9 10
0 0 0
17 11 11
21 10 11
22 9 11
23 10 12
0 0 0
18 10 11
21 11 11
22 9 12
23 11 12
24 10 12
0 0 0
16 10 10
17 11 12
18 10 13
21 11 13
22 10 12
24 11 12
0 0 0
17 10 12
18 10 13
21 11 14
22 10 11
23 11 12
24 9 12
0 0 0
17 10 12
18 10 12
21 10 13
22 10 11
24 9 13
0 0 0
17 10 14
18 10 12
21 10 13
24 10 12
0 0 0
16 14 14
17 11 14
18 12 13
21 12 15
22 10 12
24 10 13
0 0 0
17 11 15
18 13 15
21 12 14
24 11 12
0 0 0
17 9 9
22 9 10
24 9 9
0 0 0
17 9 10
21 10 10
22 9 11
23 9 10
0 0 0
17 9 10
21 10 11
22 9 12
23 9 11
24 9 10
25 9 11
0 0 0
17 9 11
18 10 11
21 10 11
22 9 12
23 9 12
24 9 11
25 9 11
0 0 0
17 9 11
18 10 11
21 10 12
22 9 13
23 10 12
24 9 13
25 9 11
0 0 0
17 9 11
18 10 11
21 10 12
22 9 11
23 11 12
24 9 12
25 10 11
0 0 0
18 10 10
21 10 12
24 9 12
0 0 0
18 10 11
22 9 11
24 9 11
0 0 0
17 9 10
18 10 11
22 9 11
24 9 12
0 0 0
17 9 10
18 10 11
24 9 12
0 0 0
18 10 11
21 13 15
24 9 12
0 0 0
16 9 11
17 10 11
21 10 12
24 10 11
25 9 11
0 0 0
17 11 13
21 10 12
22 10 12
23 10 12
25 9 11
0 0 0
17 9 11
18 10 11
21 12 14
24 10 11
25 9 11
0 0 0
16 10 11
17 10 11
18 10 11
21 11 13
22 10 11
23 10 11
25 9 11
0 0 0
16 9 11
17 10 11
18 10 11
21 12 14
24 10 11
25 9 11
0 0 0
21 12 15
0 0 0
21 10 11
22 10 12
23 10 12
0 0 0
17 10 13
21 10 11
22 9 10
23 9 10
24 10 11
25 9 10
0 0 0
16 11 11
17 11 11
21 10 12
24 10 11
25 9 11
0 0 0
17 11 13
18 11 12
21 10 12
22 10 12
23 10 12
25 9 11
0 0 0
17 11 11
18 11 11
21 12 14
24 10 11
25 9 11
0 0 0
16 11 11
17 11 11
18 11 11
21 11 13
22 10 11
23 10 11
25 9 11
0 0 0
16 11 11
17 11 11
18 11 11
21 12 14
22 10 11
23 10 11
24 10 11
25 9 11
0 0 0
21 12 15
0 0 0
21 10 11
22 10 12
23 10 12
0 0 0
17 11 13
21 10 11
22 10 10
23 10 10
24 10 11
25 9 10
0 0 0
0 0 0
21 10 11
22 10 11
23 10 10
24 11 11
25 9 9
0 0 0
16 11 11
17 11 12
18 11 11
21 10 11
22 10 11
23 10 11
24 11 11
0 0 0
16 11 11
17 11 11
18 11 11
21 10 11
22 10 12
23 11 11
24 10 12
0 0 0
17 11 12
18 11 12
21 10 12
22 11 12
23 10 12
24 11 12
0 0 0
16 11 11
17 11 12
18 11 13
21 10 13
22 10 12
23 11 11
24 11 11
25 11 11
0 0 0
16 12 12
17 11 14
18 11 11
21 10 12
23 11 12
24 11 12
25 9 11
0 0 0
16 12 12
17 11 14
18 11 12
21 11 12
23 13 13
24 11 11
0 0 0
16 14 14
17 11 14
18 11 14
21 10 14
24 11 11
0 0 0
16 13 15
17 11 12
18 11 14
21 11 13
24 13 13
0 0 0
16 13 15
17 12 14
18 13 13
21 11 13
0 0 0
22 10 10
23 10 11
25 9 9
0 0 0
21 10 11
22 10 11
23 10 11
24 11 11
25 9 10
0 0 0
17 11 11
21 10 11
22 10 12
23 10 11
24 10 11
25 9 11
0 0 0
17 11 11
18 11 11
21 10 11
22 10 12
23 10 12
24 10 11
25 9 11
0 0 0
17 11 12
18 11 11
21 10 12
22 10 11
23 10 12
24 10 12
25 9 11
0 0 0
18 11 11
21 11 12
23 11 11
24 11 11
25 10 11
0 0 0
21 11 11
0 0 0
16 11 11
17 11 11
18 11 11
21 11 12
22 10 12
23 10 12
24 10 11
25 9 11
0 0 0
17 11 13
21 11 12
22 10 12
23 10 12
25 9 11
0 0 0
16 11 11
17 11 11
18 11 11
21 12 14
24 10 11
25 9 11
0 0 0
22 10 12
23 10 12
0 0 0
16 11 11
17 11 11
18 11 11
21 12 14
22 10 12
23 10 12
24 10 11
25 9 11
0 0 0
16 13 16
21 12 15
22 10 12
23 10 12
25 10 12
0 0 0
22 10 12
23 10 12
25 9 11
0 0 0
22 10 11
23 10 11
25 9 11
0 0 0
22 9 12
23 9 12
0 0 0
17 11 13
22 10 12
23 10 12
25 10 11
0 0 0
16 9 11
17 9 11
18 10 11
21 12 14
22 10 12
23 10 12
24 9 11
25 10 11
0 0 0
22 9 12
23 9 12
0 0 0
16 9 11
17 9 11
18 10 11
21 12 14
22 10 12
23 10 12
24 9 11
25 10 11
0 0 0
16 13 16
21 12 15
22 9 12
23 9 12
25 10 12
0 0 0
22 9 12
23 9 12
25 10 11
0 0 0
22 9 11
23 9 11
25 10 11
0 0 0
17 9 9
0 0 0
17 9 9
21 10 10
0 0 0
21 10 11
0 0 0
17 9 9
21 10 10
25 10 10
0 0 0
0 0 0
17 9 10
21 10 11
22 9 11
0 0 0
17 10 11
18 10 10
21 10 11
22 9 12
23 11 11
24 10 10
0 0 0
17 10 12
18 10 11
21 10 13
22 9 12
23 9 13
24 9 12
0 0 0
17 10 12
18 10 12
21 10 12
22 10 13
23 11 12
24 9 12
0 0 0
17 10 13
18 10 12
21 10 13
22 9 13
23 10 13
24 10 12
0 0 0
17 9 13
18 10 13
21 10 14
22 10 11
23 11 12
24 10 12
0 0 0
17 9 13
18 10 13
21 11 13
22 11 12
23 12 12
24 11 12
25 11 11
0 0 0
16 14 15
17 10 15
18 12 15
21 12 13
22 11 11
24 11 12
0 0 0
16 14 14
17 11 15
18 10 13
21 11 14
22 10 12
23 11 11
24 10 12
0 0 0
16 15 16
18 15 15
21 12 13
22 11 12
0 0 0
22 9 9
0 0 0
17 9 10
22 9 11
23 9 12
24 9 9
0 0 0
17 9 10
22 9 12
23 9 12
24 9 11
25 9 11
0 0 0
17 9 10
18 10 10
21 10 12
22 10 12
23 10 12
24 9 12
25 9 12
0 0 0
17 9 11
18 10 10
21 10 12
22 9 12
23 9 12
24 9 12
25 9 11
0 0 0
17 9 11
18 10 12
21 10 12
22 10 11
23 9 11
24 9 12
25 9 11
0 0 0
21 11 11
24 9 11
25 10 11
0 0 0
0 0 0
17 10 10
18 10 10
21 12 12
24 11 12
0 0 0
17 10 10
18 10 11
21 13 13
24 10 13
0 0 0
18 12 12
21 11 15
24 11 12
0 0 0
16 9 11
17 10 11
21 10 12
24 10 11
25 9 11
0 0 0
17 11 13
21 10 12
22 10 12
23 10 12
25 9 11
0 0 0
17 9 11
18 10 11
21 12 14
24 10 11
25 9 11
0 0 0
16 10 11
17 10 11
18 10 11
21 11 13
22 10 11
23 10 11
25 9 11
0 0 0
16 9 11
17 10 11
18 10 11
21 12 14
24 10 11
25 9 11
0 0 0
21 12 15
0 0 0
21 10 11
22 10 12
23 10 12
0 0 0
17 10 13
21 10 11
22 9 10
23 9 10
24 10 11
25 9 10
0 0 0
16 13 14
17 13 14
21 12 15
24 12 14
25 9 13
0 0 0
17 13 16
18 13 15
21 11 15
22 11 15
23 11 15
25 9 14
0 0 0
17 13 14
18 13 14
21 15 17
24 12 14
25 9 13
0 0 0
16 13 14
17 13 14
18 13 14
21 13 16
22 12 14
23 12 14
25 9 13
0 0 0
16 13 14
17 13 14
18 13 14
21 15 17
22 11 14
23 11 14
24 12 14
25 9 13
0 0 0
21 15 18
0 0 0
21 11 13
22 11 15
23 11 15
0 0 0
17 13 16
21 11 13
22 11 11
23 11 11
24 12 14
25 9 11
0 0 0
16 13 14
17 13 14
18 13 14
21 13 15
22 11 15
23 11 15
24 12 14
25 10 14
0 0 0
17 13 16
21 13 15
22 12 15
23 12 15
25 10 14
0 0 0
16 13 14
17 13 14
18 13 14
21 15 17
24 12 14
25 10 14
0 0 0
22 11 15
23 11 15
0 0 0
16 13 14
17 13 14
18 13 14
21 15 17
22 11 15
23 11 15
24 12 14
25 10 14
0 0 0
16 16 19
21 15 18
22 11 15
23 11 15
25 12 15
0 0 0
22 11 15
23 11 15
25 9 13
0 0 0
22 11 14
23 11 14
25 9 13
0 0 0
22 10 15
23 10 15
0 0 0
17 13 16
22 12 15
23 12 15
25 12 14
0 0 0
16 10 14
17 10 14
18 11 14
21 15 17
22 11 15
23 11 15
24 10 14
25 12 14
0 0 0
22 10 15
23 10 15
0 0 0
16 10 14
17 10 14
18 11 14
21 15 17
22 11 15
23 11 15
24 10 14
25 12 14
0 0 0
16 16 19
21 15 18
22 10 15
23 10 15
25 12 15
0 0 0
22 10 15
23 10 15
25 11 13
0 0 0
22 10 14
23 10 14
25 12 13
0 0 0
22 9 9
24 12 12
0 0 0
17 12 14
18 14 14
22 9 13
0 0 0
17 11 15
22 9 13
24 9 11
0 0 0
16 12 12
17 12 15
18 12 14
22 9 14
24 10 11
0 0 0
16 9 12
17 10 15
22 9 15
24 11 12
0 0 0
16 12 12
17 12 13
18 13 14
22 10 13
24 9 12
0 0 0
16 10 14
17 11 14
21 12 15
24 11 14
25 10 13
0 0 0
17 13 16
21 11 15
22 11 15
23 11 15
25 9 14
0 0 0
17 10 14
18 12 14
21 15 17
24 11 14
25 10 13
0 0 0
16 11 14
17 11 14
18 12 14
21 13 16
22 12 14
23 12 14
25 9 13
0 0 0
16 10 14
17 11 14
18 12 14
21 15 17
24 11 14
25 10 13
0 0 0
21 15 18
0 0 0
21 11 13
22 11 15
23 11 15
0 0 0
17 12 16
21 11 13
22 10 11
23 10 11
24 12 14
25 9 11
0 0 0
16 13 14
17 13 14
21 12 15
24 12 14
25 9 13
0 0 0
17 13 16
18 13 15
21 11 15
22 11 15
23 11 15
25 9 14
0 0 0
17 13 14
18 13 14
21 15 17
24 12 14
25 9 13
0 0 0
16 13 14
17 13 14
18 13 14
21 13 16
22 12 14
23 12 14
25 9 13
0 0 0
16 13 14
17 13 14
18 13 14
21 15 17
22 11 14
23 11 14
24 12 14
25 9 13
0 0 0
21 15 18
0 0 0
21 11 13
22 11 15
23 11 15
0 0 0
17 13 16
21 11 13
22 11 11
23 11 11
24 12 14
25 9 11
0 0 0
0 0 0
22 11 13
24 11 11
0 0 0
22 11 13
0 0 0
22 11 13
0 0 0
22 11 15
24 15 15
0 0 0
22 12 13
0 0 0
22 13 13
0 0 0
22 11 12
24 13 13
0 0 0
16 14 14
17 13 13
22 11 13
23 14 14
24 12 14
0 0 0
17 13 14
22 11 14
23 13 13
24 12 14
0 0 0
17 13 14
22 11 15
24 12 15
0 0 0
17 13 14
24 12 15
0 0 0
22 12 12
23 15 15
25 9 11
0 0 0
23 13 14
25 12 12
0 0 0
22 12 12
24 13 13
0 0 0
17 14 14
22 11 13
24 13 14
0 0 0
17 13 15
21 12 16
22 11 14
23 11 14
24 13 14
25 12 12
0 0 0
17 13 16
18 14 15
21 14 16
22 11 14
23 13 15
24 12 14
25 12 14
0 0 0
16 15 15
17 14 17
18 13 15
21 13 17
23 14 16
24 12 15
0 0 0
16 15 19
17 13 18
18 14 16
21 13 17
24 12 15
25 12 14
0 0 0
17 13 18
18 14 16
21 12 17
24 12 14
25 11 14
0 0 0
16 17 17
17 13 18
18 15 20
21 11 17
22 11 15
23 12 13
24 12 15
0 0 0
16 15 15
17 13 18
18 16 17
21 13 16
25 11 12
0 0 0
0 0 0
22 11 13
0 0 0
21 12 12
22 11 14
23 11 13
24 11 14
25 9 12
0 0 0
17 13 14
21 13 14
22 11 15
23 11 13
24 11 14
25 9 13
0 0 0
17 13 14
18 14 15
21 12 13
22 11 15
23 11 14
24 11 15
25 9 13
0 0 0
17 13 15
18 13 15
21 12 14
22 11 14
23 12 15
24 11 15
25 10 14
0 0 0
17 13 15
18 15 15
21 13 14
22 15 15
23 14 14
24 11 15
25 10 12
0 0 0
17 13 13
18 14 14
21 14 15
23 15 15
24 13 15
0 0 0
0 0 0
22 11 13
0 0 0
0 0 0
22 11 13
24 12 12
0 0 0
22 12 12
24 14 14
0 0 0
24 12 13
0 0 0
24 13 13
0 0 0
22 11 11
24 11 15
0 0 0
24 12 15
0 0 0
21 14 14
22 14 14
24 11 15
0 0 0
21 16 16
22 11 11
24 13 15
0 0 0
21 14 16
24 13 16
0 0 0
21 16 16
24 14 17
0 0 0
21 17 17
24 12 15
0 0 0
0 0 0
0 0 0
0 0 0
0 0 0
16 13 14
17 13 14
18 13 14
21 13 15
22 11 15
23 11 15
24 12 14
25 10 14
0 0 0
17 13 16
21 13 15
22 12 15
23 12 15
25 10 14
0 0 0
16 13 14
17 13 14
18 13 14
21 15 17
24 12 14
25 10 14
0 0 0
22 11 15
23 11 15
0 0 0
16 13 14
17 13 14
18 13 14
21 15 17
22 11 15
23 11 15
24 12 14
25 10 14
0 0 0
16 16 19
21 15 18
22 11 15
23 11 15
25 12 15
0 0 0
22 11 15
23 11 15
25 9 13
0 0 0
22 11 14
23 11 14
25 9 13
0 0 0
0 0 0
22 14 14
0 0 0
22 12 13
0 0 0
22 12 15
23 11 15
0 0 0
17 15 15
22 13 15
23 12 15
24 12 15
0 0 0
17 15 15
0 0 0
22 11 12
23 11 12
0 0 0
22 11 13
23 11 14
0 0 0
22 11 15
23 11 15
0 0 0
17 13 14
18 14 14
22 11 14
23 11 15
25 9 13
0 0 0
17 13 14
22 11 15
23 12 15
24 14 14
0 0 0
17 13 14
22 11 11
24 13 15
0 0 0
0 0 0
0 0 0
0 0 0
0 0 0
25 11 12
0 0 0
0 0 0
22 12 14
0 0 0
22 11 15
23 12 15
0 0 0
22 11 15
23 12 15
25 10 10
0 0 0
16 13 13
22 11 15
23 12 15
24 13 15
25 12 12
0 0 0
17 14 14
18 14 14
21 16 16
22 11 16
23 11 16
24 11 15
0 0 0
16 15 16
17 14 16
18 13 15
21 15 15
22 11 15
23 14 15
24 11 16
0 0 0
16 14 16
17 14 17
18 13 16
21 14 16
22 11 16
23 13 16
24 13 16
25 12 14
0 0 0
17 14 18
18 15 17
21 13 17
22 11 16
23 13 15
24 12 15
0 0 0
16 13 20
17 13 18
18 15 16
21 13 17
22 11 16
23 14 16
24 12 15
0 0 0
16 16 20
17 14 18
18 14 19
21 15 17
22 11 16
24 14 15
25 12 14
0 0 0
17 15 17
18 15 16
21 15 17
22 14 15
23 14 15
24 13 14
25 12 13
0 0 0
0 0 0
0 0 0
22 11 13
23 11 13
25 9 10
0 0 0
22 11 15
23 11 15
24 11 15
25 10 14
0 0 0
17 14 15
21 14 15
22 11 15
23 11 16
24 11 15
25 10 13
0 0 0
17 13 15
21 14 14
22 11 15
23 11 15
24 11 15
25 10 15
0 0 0
17 13 14
21 14 14
22 11 13
23 11 16
24 11 15
25 11 14
0 0 0
17 13 13
21 13 14
22 11 12
23 15 15
24 12 15
25 14 14
0 0 0
22 11 12
0 0 0
0 0 0
22 12 13
0 0 0
22 11 12
0 0 0
22 11 15
0 0 0
22 11 14
24 14 14
0 0 0
22 15 15
0 0 0
0 0 0
24 13 14
0 0 0
22 11 15
24 12 15
0 0 0
18 15 15
22 11 12
24 13 15
0 0 0
21 16 17
22 11 15
24 12 15
0 0 0
17 17 17
21 16 17
24 12 15
0 0 0
17 16 18
18 16 17
21 15 18
22 11 12
24 12 15
0 0 0
21 16 17
24 13 14
0 0 0
23 12 12
0 0 0
22 11 13
0 0 0
21 13 13
22 11 13
23 11 16
25 11 13
0 0 0
21 13 14
22 11 14
23 11 16
24 12 12
25 11 14
0 0 0
22 11 14
23 14 15
24 11 11
25 13 13
0 0 0
22 10 15
23 10 15
0 0 0
17 13 16
22 12 15
23 12 15
25 12 14
0 0 0
16 10 14
17 10 14
18 11 14
21 15 17
22 11 15
23 11 15
24 10 14
25 12 14
0 0 0
22 10 15
23 10 15
0 0 0
16 10 14
17 10 14
18 11 14
21 15 17
22 11 15
23 11 15
24 10 14
25 12 14
0 0 0
16 16 19
21 15 18
22 10 15
23 10 15
25 12 15
0 0 0
22 10 15
23 10 15
25 11 13
0 0 0
22 10 14
23 10 14
25 12 13
0 0 0
22 10 11
0 0 0
16 9 9
22 10 14
24 12 12
0 0 0
22 9 14
23 14 14
24 10 14
0 0 0
16 11 14
17 14 14
22 9 14
24 10 14
0 0 0
16 9 12
22 9 14
24 9 15
0 0 0
16 15 15
17 14 14
22 14 14
24 12 12
0 0 0
17 10 11
22 9 13
23 10 10
24 9 10
0 0 0
16 10 11
17 9 12
22 9 14
23 9 13
24 9 12
0 0 0
16 9 12
17 9 14
18 13 13
22 9 14
23 10 14
24 9 13
25 9 12
0 0 0
16 9 12
17 9 13
18 12 12
22 9 14
23 10 14
24 9 15
0 0 0
16 9 12
17 9 15
18 12 13
22 9 14
23 10 15
24 9 14
25 10 10
0 0 0
22 12 14
0 0 0
22 9 12
24 10 10
0 0 0
22 9 10
24 10 10
0 0 0
22 12 13
24 9 9
0 0 0
0 0 0
0 0 0
0 0 0
17 9 11
21 13 13
22 10 10
0 0 0
17 10 10
21 13 13
22 13 13
0 0 0
16 10 12
22 9 14
24 10 13
0 0 0
16 10 13
17 10 13
18 12 12
22 9 15
23 16 16
24 9 13
0 0 0
16 9 13
17 13 15
18 12 14
21 14 14
22 9 13
23 15 15
24 10 15
25 11 13
0 0 0
16 10 13
17 11 15
18 12 14
22 10 14
23 15 15
24 10 15
0 0 0
16 10 14
17 11 14
18 11 14
21 15 16
22 9 16
24 10 15
25 13 13
0 0 0
16 9 16
17 12 14
18 12 15
21 15 17
22 10 16
24 9 15
0 0 0
16 11 13
17 12 18
18 11 16
21 16 17
22 11 16
24 9 15
25 14 14
0 0 0
17 14 17
21 14 17
22 10 15
24 10 15
25 14 14
0 0 0
17 14 16
18 13 14
21 13 17
24 11 15
0 0 0
16 20 20
18 17 17
21 17 17
24 14 14
0 0 0
17 9 10
22 9 11
24 9 11
0 0 0
22 9 12
24 9 11
0 0 0
18 11 11
21 12 12
22 9 13
23 12 12
24 9 11
0 0 0
17 9 13
18 11 12
21 13 13
22 9 13
23 9 14
24 9 12
25 9 12
0 0 0
16 9 12
17 9 13
18 11 13
21 12 15
22 9 15
23 9 16
24 9 15
25 9 14
0 0 0
16 11 12
17 9 15
18 11 14
21 12 15
22 9 14
23 9 15
24 9 15
25 10 14
0 0 0
17 12 14
18 11 14
21 11 15
22 9 15
23 13 15
24 9 15
25 12 14
0 0 0
17 12 16
18 12 12
21 14 14
22 11 12
24 11 15
0 0 0
22 9 11
24 10 10
0 0 0
22 9 13
24 10 12
0 0 0
22 9 13
24 11 11
0 0 0
22 9 13
24 12 13
0 0 0
22 9 14
24 10 12
0 0 0
22 9 14
24 10 12
0 0 0
22 9 14
24 9 9
0 0 0
17 9 13
18 11 14
22 10 12
24 9 15
0 0 0
17 11 14
18 12 13
21 17 17
22 12 12
24 9 15
0 0 0
17 9 12
18 13 14
24 10 15
0 0 0
17 13 13
18 12 13
21 16 17
24 11 15
0 0 0
17 13 13
18 11 14
21 15 18
24 10 15
0 0 0
0 0 0
22 9 12
23 12 12
24 9 9
0 0 0
22 9 13
24 9 12
0 0 0
21 13 13
22 9 14
23 15 15
24 9 14
25 12 12
0 0 0
21 14 14
22 10 15
24 11 12
0 0 0
16 10 14
17 11 14
21 12 15
24 11 14
25 10 13
0 0 0
17 13 16
21 11 15
22 11 15
23 11 15
25 9 14
0 0 0
17 10 14
18 12 14
21 15 17
24 11 14
25 10 13
0 0 0
16 11 14
17 11 14
18 12 14
21 13 16
22 12 14
23 12 14
25 9 13
0 0 0
16 10 14
17 11 14
18 12 14
21 15 17
24 11 14
25 10 13
0 0 0
21 15 18
0 0 0
21 11 13
22 11 15
23 11 15
0 0 0
17 12 16
21 11 13
22 10 11
23 10 11
24 12 14
25 9 11
0 0 0
0 0 0
23 13 13
24 12 12
0 0 0
22 11 13
23 12 12
24 12 12
0 0 0
22 12 15
23 12 12
24 12 14
0 0 0
23 10 12
0 0 0
17 10 12
18 12 12
22 11 14
23 12 12
25 10 10
0 0 0
16 10 13
17 12 15
22 12 13
0 0 0
16 12 13
17 13 14
18 12 12
22 12 14
24 11 11
25 9 9
0 0 0
17 14 14
22 10 16
23 10 14
24 11 11
0 0 0
17 12 12
0 0 0
0 0 0
24 11 11
0 0 0
24 10 12
0 0 0
0 0 0
0 0 0
21 12 12
0 0 0
0 0 0
0 0 0
25 11 11
0 0 0
16 12 13
17 13 13
18 12 13
22 13 13
24 10 12
0 0 0
16 12 14
17 15 15
18 11 14
22 9 12
24 11 14
25 11 12
0 0 0
16 10 12
17 13 13
18 12 15
22 9 14
23 14 14
24 9 14
25 12 14
0 0 0
17 14 16
18 12 15
21 16 16
22 11 15
23 15 15
24 11 15
25 11 14
0 0 0
16 13 13
17 13 17
18 12 15
21 15 16
22 11 11
23 14 14
24 12 15
0 0 0
17 14 16
18 11 15
21 15 17
22 9 15
23 14 15
24 12 15
25 10 12
0 0 0
17 14 17
18 12 17
21 16 16
24 12 15
25 11 12
0 0 0
16 14 14
17 15 17
18 13 16
21 16 16
24 12 15
0 0 0
17 15 16
18 12 15
21 14 16
24 12 13
25 11 12
0 0 0
24 12 12
0 0 0
22 9 9
24 9 12
25 9 11
0 0 0
18 12 12
22 10 14
24 9 13
25 10 12
0 0 0
17 13 13
18 12 13
21 12 12
22 10 14
23 9 15
24 9 14
25 9 13
0 0 0
16 12 12
17 12 13
18 12 14
21 12 15
22 10 16
23 9 15
24 9 14
25 9 14
0 0 0
17 11 14
18 11 14
21 12 14
22 9 14
23 10 15
24 9 15
25 9 14
0 0 0
17 12 14
18 11 15
21 12 14
22 11 13
23 12 16
24 9 15
25 10 13
0 0 0
17 13 13
18 13 14
24 12 15
25 9 11
0 0 0
22 10 10
24 11 11
0 0 0
0 0 0
22 10 13
24 9 13
0 0 0
22 9 14
24 9 13
0 0 0
22 11 13
24 11 14
0 0 0
22 11 12
24 9 13
0 0 0
22 13 13
24 11 14
0 0 0
24 10 13
0 0 0
17 12 14
18 12 14
24 9 15
0 0 0
17 13 13
18 13 14
24 11 15
0 0 0
18 13 15
21 15 17
24 12 15
0 0 0
17 11 14
18 14 14
21 16 17
24 12 15
0 0 0
17 12 12
18 12 14
21 16 17
24 12 13
0 0 0
18 13 14
21 16 17
24 12 14
0 0 0
25 9 10
0 0 0
23 9 9
25 11 11
0 0 0
24 12 12
0 0 0
21 12 12
24 9 13
25 9 13
0 0 0
21 11 11
23 12 13
24 12 13
25 12 14
0 0 0
21 13 13
23 16 16
25 12 14
0 0 0
16 9 22
17 9 20
21 13 18
22 11 16
23 11 16
0 0 0
16 13 23
17 13 19
18 14 20
21 13 18
22 11 15
24 11 16
0 0 0
16 13 23
17 13 19
18 14 20
21 13 18
22 11 15
24 11 16
0 0 0
16 11 23
17 9 19
18 12 20
21 13 18
22 9 15
24 9 16
0 0 0
16 11 23
17 10 19
18 12 20
21 13 18
22 9 15
24 9 16
0 0 0
16 11 22
17 9 20
21 12 14
22 12 16
23 12 16
24 9 12
0 0 0
0 0 0
0 0 0
0 0 0
23 12 12
24 13 13
0 0 0
23 11 11
24 12 12
0 0 0
24 12 15
0 0 0
0 0 0
0 0 0
24 12 13
0 0 0
24 12 15
0 0 0
24 13 15
0 0 0
24 12 14
0 0 0
24 13 13
0 0 0
0 0 0
23 9 10
0 0 0
17 9 9
22 10 10
23 9 11
0 0 0
17 10 10
21 13 13
22 9 12
23 9 12
24 10 10
25 9 9
0 0 0
17 10 11
22 9 11
23 9 12
24 9 11
0 0 0
16 10 10
17 10 12
21 13 13
23 9 12
24 9 9
0 0 0
17 12 12
23 9 10
0 0 0
24 15 15
0 0 0
24 14 14
0 0 0
24 14 14
0 0 0
24 14 14
0 0 0
17 11 11
24 14 14
0 0 0
21 16 18
24 14 14
0 0 0
21 15 17
24 14 15
0 0 0
21 17 17
24 13 15
0 0 0
24 12 14
#
 -999.0 # Check sum 
