# Combination of species x year x quarter with no catch
# 0=no (or insignificant) catch, 1=catch data availeble
# Cod
1 1 1 1 # 1974 
1 1 1 1 # 1975 
1 1 1 1 # 1976 
1 1 1 1 # 1977 
1 1 1 1 # 1978 
1 1 1 1 # 1979 
1 1 1 1 # 1980 
1 1 1 1 # 1981 
1 1 1 1 # 1982 
1 1 1 1 # 1983 
1 1 1 1 # 1974 
1 1 1 1 # 1985 
1 1 1 1 # 1986 
1 1 1 1 # 1987 
1 1 1 1 # 1988 
1 1 1 1 # 1989 
1 1 1 1 # 1990 
1 1 1 1 # 1991 
1 1 1 1 # 1992 
1 1 1 1 # 1993 
1 1 1 1 # 1994 
1 1 1 1 # 1995 
1 1 1 1 # 1996 
1 1 1 1 # 1997 
1 1 1 1 # 1998 
1 1 1 1 # 1999 
1 1 1 1 # 2000 
1 1 1 1 # 2001
1 1 1 1 # 2002
1 1 1 1 # 2003 
1 1 1 1 # 2004
1 1 1 1 # 2005
1 1 1 1 # 2006 
1 1 1 1 # 2007
1 1 1 1 # 2008
1 1 1 1 # 2009 
1 1 1 1 # 2010
1 1 1 1 # 2011
1 1 1 1 # 2012 
1 1 1 1 # 2013
1 1 1 1 # 2014
1 1 1 1 # 2015 
1 1 1 1 # 2016
# whiting
1 1 1 1 # 1974 
1 1 1 1 # 1975 
1 1 1 1 # 1976 
1 1 1 1 # 1977 
1 1 1 1 # 1978 
1 1 1 1 # 1979 
1 1 1 1 # 1980 
1 1 1 1 # 1981 
1 1 1 1 # 1982 
1 1 1 1 # 1983 
1 1 1 1 # 1974 
1 1 1 1 # 1985 
1 1 1 1 # 1986 
1 1 1 1 # 1987 
1 1 1 1 # 1988 
1 1 1 1 # 1989 
1 1 1 1 # 1990 
1 1 1 1 # 1991 
1 1 1 1 # 1992 
1 1 1 1 # 1993 
1 1 1 1 # 1994 
1 1 1 1 # 1995 
1 1 1 1 # 1996 
1 1 1 1 # 1997 
1 1 1 1 # 1998 
1 1 1 1 # 1999 
1 1 1 1 # 2000 
1 1 1 1 # 2001
1 1 1 1 # 2002
1 1 1 1 # 2003 
1 1 1 1 # 2004
1 1 1 1 # 2005
1 1 1 1 # 2006 
1 1 1 1 # 2007
1 1 1 1 # 2008
1 1 1 1 # 2009 
1 1 1 1 # 2010
1 1 1 1 # 2011
1 1 1 1 # 2012 
1 1 1 1 # 2013
1 1 1 1 # 2014
1 1 1 1 # 2015 
1 1 1 1 # 2016
# Haddock
1 1 1 1 # 1974 
1 1 1 1 # 1975 
1 1 1 1 # 1976 
1 1 1 1 # 1977 
1 1 1 1 # 1978 
1 1 1 1 # 1979 
1 1 1 1 # 1980 
1 1 1 1 # 1981 
1 1 1 1 # 1982 
1 1 1 1 # 1983 
1 1 1 1 # 1974 
1 1 1 1 # 1985 
1 1 1 1 # 1986 
1 1 1 1 # 1987 
1 1 1 1 # 1988 
1 1 1 1 # 1989 
1 1 1 1 # 1990 
1 1 1 1 # 1991 
1 1 1 1 # 1992 
1 1 1 1 # 1993 
1 1 1 1 # 1994 
1 1 1 1 # 1995 
1 1 1 1 # 1996 
1 1 1 1 # 1997 
1 1 1 1 # 1998 
1 1 1 1 # 1999 
1 1 1 1 # 2000 
1 1 1 1 # 2001
1 1 1 1 # 2002
1 1 1 1 # 2003 
1 1 1 1 # 2004
1 1 1 1 # 2005
1 1 1 1 # 2006 
1 1 1 1 # 2007
1 1 1 1 # 2008
1 1 1 1 # 2009 
1 1 1 1 # 2010
1 1 1 1 # 2011
1 1 1 1 # 2012 
1 1 1 1 # 2013
1 1 1 1 # 2014
1 1 1 1 # 2015 
1 1 1 1 # 2016
# Saithe
1 1 1 1 # 1974 
1 1 1 1 # 1975 
1 1 1 1 # 1976 
1 1 1 1 # 1977 
1 1 1 1 # 1978 
1 1 1 1 # 1979 
1 1 1 1 # 1980 
1 1 1 1 # 1981 
1 1 1 1 # 1982 
1 1 1 1 # 1983 
1 1 1 1 # 1974 
1 1 1 1 # 1985 
1 1 1 1 # 1986 
1 1 1 1 # 1987 
1 1 1 1 # 1988 
1 1 1 1 # 1989 
1 1 1 1 # 1990 
1 1 1 1 # 1991 
1 1 1 1 # 1992 
1 1 1 1 # 1993 
1 1 1 1 # 1994 
1 1 1 1 # 1995 
1 1 1 1 # 1996 
1 1 1 1 # 1997 
1 1 1 1 # 1998 
1 1 1 1 # 1999 
1 1 1 1 # 2000 
1 1 1 1 # 2001
1 1 1 1 # 2002
1 1 1 1 # 2003 
1 1 1 1 # 2004
1 1 1 1 # 2005
1 1 1 1 # 2006 
1 1 1 1 # 2007
1 1 1 1 # 2008
1 1 1 1 # 2009 
1 1 1 1 # 2010
1 1 1 1 # 2011
1 1 1 1 # 2012 
1 1 1 1 # 2013
1 1 1 1 # 2014
1 1 1 1 # 2015 
1 1 1 1 # 2016
# Mackerel
1 1 1 1 # 1974 
1 1 1 1 # 1975 
1 1 1 1 # 1976 
1 1 1 1 # 1977 
1 1 1 1 # 1978 
1 1 1 1 # 1979 
1 1 1 1 # 1980 
1 1 1 1 # 1981 
1 1 1 1 # 1982 
1 1 1 1 # 1983 
1 1 1 1 # 1974 
1 1 1 1 # 1985 
1 1 1 1 # 1986 
1 1 1 1 # 1987 
1 1 1 1 # 1988 
1 1 1 1 # 1989 
1 1 1 1 # 1990 
1 1 1 1 # 1991 
1 1 1 1 # 1992 
1 1 1 1 # 1993 
1 1 1 1 # 1994 
1 1 1 1 # 1995 
1 1 1 1 # 1996 
1 1 1 1 # 1997 
1 1 1 1 # 1998 
1 1 1 1 # 1999 
1 1 1 1 # 2000 
1 1 1 1 # 2001
1 1 1 1 # 2002
1 1 1 1 # 2003 
1 1 1 1 # 2004
1 1 1 1 # 2005
1 1 1 1 # 2006 
1 1 1 1 # 2007
1 1 1 1 # 2008
1 1 1 1 # 2009 
1 1 1 1 # 2010
1 1 1 1 # 2011
1 1 1 1 # 2012 
1 1 1 1 # 2013
1 1 1 1 # 2014
1 1 1 1 # 2015 
1 1 1 1 # 2016
# Herring
1 1 1 1 # 1974 
1 1 1 1 # 1975 
1 1 1 1 # 1976 
1 1 1 1 # 1977 
1 1 1 1 # 1978 
1 1 1 1 # 1979 
1 1 1 1 # 1980 
1 1 1 1 # 1981 
1 1 1 1 # 1982 
1 1 1 1 # 1983 
1 1 1 1 # 1974 
1 1 1 1 # 1985 
1 1 1 1 # 1986 
1 1 1 1 # 1987 
1 1 1 1 # 1988 
1 1 1 1 # 1989 
1 1 1 1 # 1990 
1 1 1 1 # 1991 
1 1 1 1 # 1992 
1 1 1 1 # 1993 
1 1 1 1 # 1994 
1 1 1 1 # 1995 
1 1 1 1 # 1996 
1 1 1 1 # 1997 
1 1 1 1 # 1998 
1 1 1 1 # 1999 
1 1 1 1 # 2000 
1 1 1 1 # 2001
1 1 1 1 # 2002
1 1 1 1 # 2003 
1 1 1 1 # 2004
1 1 1 1 # 2005
1 1 1 1 # 2006 
1 1 1 1 # 2007
1 1 1 1 # 2008
1 1 1 1 # 2009 
1 1 1 1 # 2010
1 1 1 1 # 2011
1 1 1 1 # 2012 
1 1 1 1 # 2013
1 1 1 1 # 2014
1 1 1 1 # 2015 
1 1 1 1 # 2016
# Sandeel North
0 1 1 0 # 1974 
0 1 1 0 # 1975 
0 1 1 0 # 1976 
0 1 1 0 # 1977 
0 1 1 0 # 1978 
0 1 1 0 # 1979 
0 1 1 0 # 1980 
0 1 1 0 # 1981 
0 1 1 0 # 1982 
0 1 1 0 # 1983 
0 1 1 0 # 1974 
0 1 1 0 # 1985 
0 1 1 0 # 1986 
0 1 1 0 # 1987 
0 1 1 0 # 1988 
0 1 1 0 # 1989 
0 1 1 0 # 1990 
0 1 1 0 # 1991 
0 1 1 0 # 1992 
0 1 1 0 # 1993 
0 1 1 0 # 1994 
0 1 1 0 # 1995 
0 1 1 0 # 1996 
0 1 1 0 # 1997 
0 1 1 0 # 1998 
0 1 1 0 # 1999 
0 1 1 0 # 2000 
0 1 1 0 # 2001
0 1 0 0 # 2002
0 1 1 0 # 2003 
0 1 1 0 # 2004
0 1 0 0 # 2005
0 1 0 0 # 2006 
0 1 0 0 # 2007
0 1 0 0 # 2008
0 1 1 0 # 2009 
0 1 0 0 # 2010
0 1 0 0 # 2011
0 1 0 0 # 2012 
0 1 0 0 # 2013
0 1 1 0 # 2014
0 1 0 0 # 2015 
0 1 0 0 # 2016
# Sandeel South
0 1 1 0 # 1974 
0 1 1 0 # 1975 
0 1 1 0 # 1976 
0 1 1 0 # 1977 
0 1 1 0 # 1978 
0 1 1 0 # 1979 
0 1 1 0 # 1980 
0 1 1 0 # 1981 
0 1 1 0 # 1982 
0 1 1 0 # 1983 
0 1 1 0 # 1974 
0 1 1 0 # 1985 
0 1 1 0 # 1986 
0 1 1 0 # 1987 
0 1 1 0 # 1988 
0 1 1 0 # 1989 
0 1 1 0 # 1990 
0 1 1 0 # 1991 
0 1 1 0 # 1992 
0 1 1 0 # 1993 
0 1 1 0 # 1994 
0 1 1 0 # 1995 
0 1 1 0 # 1996 
0 1 1 0 # 1997 
0 1 1 0 # 1998 
0 1 1 0 # 1999 
0 1 1 0 # 2000 
0 1 1 0 # 2001
0 1 1 0 # 2002
0 1 1 0 # 2003 
0 1 1 0 # 2004
0 1 1 0 # 2005
0 1 1 0 # 2006 
0 1 0 0 # 2007
0 1 0 0 # 2008
0 1 1 0 # 2009 
0 1 1 0 # 2010
0 1 0 0 # 2011
0 1 0 0 # 2012 
0 1 1 0 # 2013
0 1 1 0 # 2014
0 1 0 0 # 2015 
0 1 0 0 # 2016
# Norway pout
1 1 1 1 # 1974 
1 1 1 1 # 1975 
1 1 1 1 # 1976 
1 1 1 1 # 1977 
1 1 1 1 # 1978 
1 1 1 1 # 1979 
1 1 1 1 # 1980 
1 1 1 1 # 1981 
1 1 1 1 # 1982 
1 1 1 1 # 1983 
1 1 1 1 # 1974 
1 1 1 1 # 1985 
1 1 1 1 # 1986 
1 1 1 1 # 1987 
1 1 1 1 # 1988 
1 1 1 1 # 1989 
1 1 1 1 # 1990 
1 1 1 1 # 1991 
1 1 1 1 # 1992 
1 1 1 1 # 1993 
1 1 1 1 # 1994 
1 1 1 1 # 1995 
1 1 1 1 # 1996 
1 1 1 1 # 1997 
1 1 1 1 # 1998 
1 1 1 1 # 1999 
1 1 1 1 # 2000 
1 1 1 1 # 2001
1 1 1 1 # 2002
1 1 1 1 # 2003 
1 1 1 1 # 2004
0 0 0 0 # 2005
1 1 1 1 # 2006 
0 0 0 0 # 2007
1 1 1 1 # 2008
1 1 1 1 # 2009 
0 1 1 1 # 2010
1 1 1 1 # 2011
1 1 1 1 # 2012 
1 1 1 1 # 2013
1 1 1 1 # 2014
1 1 1 1 # 2015 
1 1 1 1 # 2016
# Sprat
1 1 1 1 # 1974 
1 1 1 1 # 1975 
1 1 1 1 # 1976
1 1 1 1 # 1977 
1 1 1 1 # 1978 
1 1 1 1 # 1979 
1 1 1 1 # 1980
1 1 1 1 # 1981
1 1 1 1 # 1982 
1 1 1 1 # 1983 
1 1 1 1 # 1984
1 1 1 1 # 1985
1 1 1 1 # 1986 
1 1 1 1 # 1987
1 1 1 1 # 1988
1 0 1 1 # 1989
1 1 1 1 # 1990
0 0 1 1 # 1991 291t Q1 and 204t Q2
0 1 1 1 # 1992 65t Q1
1 1 1 1 # 1993 
1 1 1 1 # 1994 
1 1 1 1 # 1995 
1 1 1 1 # 1996 
1 1 1 1 # 1997 
1 1 1 1 # 1998 
1 1 1 1 # 1999 
1 1 1 1 # 2000 
1 1 1 1 # 2001
1 0 1 1 # 2002
1 1 1 1 # 2003 
1 1 1 1 # 2004
1 1 1 1 # 2005
1 1 1 1 # 2006 
1 0 1 1 # 2007
1 0 1 1 # 2008 50t Q2
1 1 1 1 # 2009 
1 1 1 1 # 2010
1 1 1 1 # 2011
1 1 1 1 # 2012 
1 1 1 1 # 2013
1 1 1 1 # 2014
1 1 1 1 # 2015 
1 1 1 1 # 2016
# Plaice
1 1 1 1 # 1974 
1 1 1 1 # 1975 
1 1 1 1 # 1976 
1 1 1 1 # 1977 
1 1 1 1 # 1978 
1 1 1 1 # 1979 
1 1 1 1 # 1980 
1 1 1 1 # 1981 
1 1 1 1 # 1982 
1 1 1 1 # 1983 
1 1 1 1 # 1974 
1 1 1 1 # 1985 
1 1 1 1 # 1986 
1 1 1 1 # 1987 
1 1 1 1 # 1988 
1 1 1 1 # 1989 
1 1 1 1 # 1990 
1 1 1 1 # 1991 
1 1 1 1 # 1992 
1 1 1 1 # 1993 
1 1 1 1 # 1994 
1 1 1 1 # 1995 
1 1 1 1 # 1996 
1 1 1 1 # 1997 
1 1 1 1 # 1998 
1 1 1 1 # 1999 
1 1 1 1 # 2000 
1 1 1 1 # 2001
1 1 1 1 # 2002
1 1 1 1 # 2003 
1 1 1 1 # 2004
1 1 1 1 # 2005
1 1 1 1 # 2006 
1 1 1 1 # 2007
1 1 1 1 # 2008
1 1 1 1 # 2009 
1 1 1 1 # 2010
1 1 1 1 # 2011
1 1 1 1 # 2012 
1 1 1 1 # 2013
1 1 1 1 # 2014
1 1 1 1 # 2015 
1 1 1 1 # 2016
# Sole
1 1 1 1 # 1974 
1 1 1 1 # 1975 
1 1 1 1 # 1976 
1 1 1 1 # 1977 
1 1 1 1 # 1978 
1 1 1 1 # 1979 
1 1 1 1 # 1980 
1 1 1 1 # 1981 
1 1 1 1 # 1982 
1 1 1 1 # 1983 
1 1 1 1 # 1974 
1 1 1 1 # 1985 
1 1 1 1 # 1986 
1 1 1 1 # 1987 
1 1 1 1 # 1988 
1 1 1 1 # 1989 
1 1 1 1 # 1990 
1 1 1 1 # 1991 
1 1 1 1 # 1992 
1 1 1 1 # 1993 
1 1 1 1 # 1994 
1 1 1 1 # 1995 
1 1 1 1 # 1996 
1 1 1 1 # 1997 
1 1 1 1 # 1998 
1 1 1 1 # 1999 
1 1 1 1 # 2000 
1 1 1 1 # 2001
1 1 1 1 # 2002
1 1 1 1 # 2003 
1 1 1 1 # 2004
1 1 1 1 # 2005
1 1 1 1 # 2006 
1 1 1 1 # 2007
1 1 1 1 # 2008
1 1 1 1 # 2009 
1 1 1 1 # 2010
1 1 1 1 # 2011
1 1 1 1 # 2012 
1 1 1 1 # 2013
1 1 1 1 # 2014
1 1 1 1 # 2015 
1 1 1 1 # 2016
-999 #check sum


