#  Fleet catch for CPUE data
################################################################
# Species no. 01 COD
################################################################
# Fleet01: ENGGFS_IV (granton)                                       
# First and last year: 1977 1991                                     
# First and last age: 1 6                                            
#effort   1      2         3      4        5        6                
1E-2    6269.55  447.37  323.77   57.3    10.9     0.63       #1977  
1E-2    2283.89 1249.86   98.52   98.87   13.28    6.62       #1978  
1E-2    2422.7   579.97  200.13   27.22   35.51    5.59       #1979  
1E-2    5084.39  670.06  153.25   72.93   10.93    5.32       #1980  
1E-2    1135.94 1386.46  127.5    38.33   40.04   23.04       #1981  
1E-2    3237.01  290.46  328.71   52.54   36.96   22.97       #1982  
1E-2    1539.78 1095.61  120.18  110.36   28.58   22.21       #1983  
1E-2    6122.1   474.79  177.69   40.54   20.81    7.8        #1984  
1E-2     429.55 1189.3   107.48   55.66   20.23   21.17       #1985  
1E-2    3437.94  115.13  202.01   29.3    10.88    1.09       #1986  
1E-2    1421.91 1065.49   27.86   60.83   14.67    0.57       #1987  
1E-2     835.52  406.73  198.22    1.31   42.25    3.78       #1988  
1E-2    2284.99  248.08  118.49   60.89    5.86    5.73       #1989  
1E-2     608.46  503.78   60.69   13.73   12.09    0          #1990  
1E-2     751.71  155.24   72.94   12.75    3.63    5.41       #1991  
################################################################
# Fleet 02:IBTS_Q3
#1991 2010
#1 1 0.5 0.75
# 0 5  
#1E-4 29.207  8.17   2.438 1.164 0.164 0.066            #1991
#1E-4 19.591 43.487  3.596 0.737 0.457 0.153            #1992
#1E-4 16.288 10.473  7.903 0.861 0.183 0.136            #1993
#1E-4 16.112 42.737  6.155 2.389 0.213 0.082            #1994
#1E-4 10.864 22.282 17.419 1.468 0.762 0.068            #1995
#1E-4 68.916 10.283  5.327 1.833 0.390 0.183            #1996
#1E-4  0.13  60.518  5.471 1.659 0.636 0.13             #1997
#1E-4 91.708  2.397 20.057 1.294 0.386 0.235            #1998
#1E-4  9.543 11.952  0.961 3.863 0.291 0.089            #1999
#1E-4  1.845 10.689  2.294 0.205 0.523 0.075            #2000
#1E-4  4.669  4.723  5.533 0.792 0.150 0.153            #2001
#1E-4  0.767 11.334  2.117 1.557 0.439 0.1              #2002
#1E-4 12.854  1.735  2.475 0.516 0.483 0.401            #2003
#1E-4  2.287 12.178  1.703 1.088 0.202 0.143            #2004
#1E-4 13.755  4.745  2.062 0.622 0.218 0.049            #2005
#1E-4  7.329 15.215  1.89  1.252 0.219 0.044            #2006
#1E-4  8.105  9.101  6.154 0.983 0.344 0.137            #2007
#1E-4  1.384  9.228  3.311 3.003 0.532 0.206         #2008
#1E-4 1.834  6.926  2.648 0.684 0.625 0.122            #2009
#1E-4 0.236  7.099  4.195 1.235 0.376 0.219           #2010
#
################################################################
# Fleet02: IBTS_Q1_IV
# First and last year: 1983 2014
# First and last age: 1 5
# effort    1       2      3       4       5
1E-4   5.696  17.403  2.997  2.05  0.793     #1983
1E-4   17.107  9.913  4.375  0.93  0.995     #1984
1E-4   1.096  20.221  4.562  3.649  0.768     #1985
1E-4   18.112  3.793  7.787  2.756  1.368     #1986
1E-4   9.626  33.252  1.845  2.032  0.659     #1987
1E-4   6.99  7.737  7.96  0.702  0.865       #1988
1E-4   14.953  6.776  5.877  2.668  0.412     #1989
1E-4   4.606  15.376  2.141  1.046  0.965     #1990
1E-4   2.688  5.061  4.757  1.042  0.551       #1991
1E-4   16.439  4.821  1.364  1.023  0.312     #1992
1E-4   13.619  20.429  2.4  0.807  0.693     #1993
1E-4   14.856  4.51  3.015  0.86  0.486     #1994
1E-4   12.798  27.878  3.461  1.363  0.306   #1995
1E-4   4.384  9.512  6.368  0.796  0.663       #1996
1E-4   38.005  7.597  2.67  1.142  0.455     #1997
1E-4   2.951  27.555  2.309  1.087  0.552    #1998
1E-4   3.304  1.878  8.104  0.804  0.452       #1999
1E-4   6.639  5.537  0.889  2.152  0.436       #2000
1E-4   3.378  9.316  1.891  0.293  0.41       #2001
1E-4   11.491  4.24  4.54  0.671  0.143     #2002
1E-4   0.756  4.168  1.301  1.415  0.48       #2003
1E-4   11.544  3.227  1.575  0.46  0.556     #2004
1E-4   2.731  3.283  0.94  0.665  0.229       #2005
1E-4   9.061  1.777  1.408  0.313  0.173       #2006
1E-4   3.636  8.109  1.365  0.461  0.331       #2007
1E-4   3.62  2.279  3.09  0.721  0.464       #2008
1E-4   2.171  3.526  1.172  0.986  0.327       #2009
1E-4   5.811  4.655  1.882  0.651  0.537       #2010
1E-4   1.098  7.059  1.952  0.746  0.417       #2011
1E-4   5.162  3.443  4.791  1.302  0.477       #2012
1E-4   2.753  5.758  1.916  1.632  0.874       #2013
1E-4   3.897  4.957  2.323  0.924  0.893       #2014
#
################################################################
# Fleet 03: DGFS0
# First and last year: 1981 1996
# First and last age: 0 0
# effort 0
 1E-6  0.614      #1981
 1E-6  0.325      #1982
 1E-6  0.819      #1983
 1E-6  0.066      #1984
 1E-6  0.801      #1985
 1E-6  0.219      #1986
 1E-6  0.162      #1987
 1E-6  0.561      #1988
 1E-6  0.114      #1989
 1E-6  0.303      #1990
 1E-6  0.642      #1991
 1E-6  0.347      #1992
 1E-6  1.158      #1993
 1E-6  0.475      #1994
 1E-6  0.318      #1995
 1E-6  0.999      #1996
#
################################################################
# Fleet04: ENGGFS_IV (granton) RCT3 time series from 2002 rep
# First and last year: 1975 1991
# First and last age: 0 0
# effort  0
 1E-3   320     #1975
 1E-3  2930     #1976
 1E-3   930     #1977
 1E-3  1480     #1978
 1E-3  2550     #1979
 1E-3   670     #1980
 1E-3  1660     #1981
 1E-3   800     #1982
 1E-3  1760     #1983
 1E-3   360     #1984
 1E-3  2880     #1985
 1E-3   610     #1986
 1E-3   630     #1987
 1E-3  1520     #1988
 1E-3   410     #1989
 1E-3   450     #1990
 1E-3  1990     #1991
################################################################
# Fleet05: ENGGFS_IV (granton) RCT3 time series from 2002 rep
# First and last year: 1992 2000
# First and last age: 0 0
# effort  0
 1E-3   440     #1992
 1E-3  2210     #1993
 1E-3   800     #1994
 1E-3   690     #1995
 1E-3  2640     #1996
 1E-3   160     #1997
 1E-3   380     #1998
 1E-3   880     #1999
 1E-3   319     #2000
################################################################
# Species no. 02 WHG
################################################################
# Fleet01: IBTS_Q1_IV
# First and last year: 1978 1978
# First and last age: 1 5
 1E-3   547.181  262.892  91.937  21.965  4.185             # 1978
 1E-3   443.922  230.673  114.262  33.495  4.952            # 1979
 1E-3   674.975  403.662  125.04  25.403  8.786             # 1980
 1E-3   229.666  463.525  228.459  45.955  9.138            # 1981
 1E-3   151.516  217.346  258.135  68.593  10.148           # 1982
 1E-3   126.62  125.028  109.999  76.427  32.203            #1983 
 1E-3   434.487  177.966  88.98  30.258  25.363             #1984 
 1E-3   339.177  362.255  65.85  18.636  7.144              #1985 
 1E-3   468.744  268.265  194.648  32.115  6.597            #1986 
 1E-3   684.898  561.078  90.439  45.502  4.903             #1987 
 1E-3   447.989  865.722  314.309  32.98  12.608            #1988 
# Fleet02: IBTS_Q1_IV
# First and last year: 1989 2014
# First and last age: 1 5 
 1E-3   1446.08  538.563  414.762  109.9  12.046            #1989 
 1E-3   518.936  862.354  198.161  91.605  16.937           #1990 
 1E-3   1007.621  686.445  479.623  70.946  37.635          #1991 
 1E-3   907.297  665.714  240.156  150.832  12.672          #1992 
 1E-3   1075.624  522.811  244.586  65.488  59.015          #1993 
 1E-3   721.709  627.406  181.022  68.082  11.855           #1994 
 1E-3  678.59  448.484  239.448  58.074  11.867            #1995 
 1E-3  502.361  485.968  244.699  69.74  23.085            #1996 
 1E-3  287.733  342.212  162.521  60.426  18.009           #1997 
 1E-3  543.117  160.695  125.377  54.046  15.496           #1998 
 1E-3  676.27  305.445  94.675  57.451  25.825             #1999 
 1E-3  741.49  460.697  157.811  30.714  12.948            #2000 
 1E-3  648.649  598.388  299.179  98.318  25.724           #2001 
 1E-3  557.353  343.308  263.173  63.28  20.805            #2002 
 1E-3  131.033  296.405  236.519  132.585  48.289          #2003 
 1E-3  184.468  89.595  172.716  100.16  49.216            #2004 
 1E-3  112.688  97.92  45.582  60.167  39.068              #2005 
 1E-3  184.574  125.265  45.526  18.403  27.185            #2006 
 1E-3  64.593  150.45  66.298  17.72  7.565                #2007 
 1E-3  268.451  205.826  65.65  22.111  7.537              #2008 
 1E-3  211.006  295.618  93.508  27.189  11.936            #2009 
 1E-3  326.994  225.541  243.766  94.942  28.55            #2010 
 1E-3  184.287  336.844  156.429  92.65  19.633            #2011 
 1E-3  231.037  580.934  117.645  49.447  32.593           #2012 
 1E-3  53.095  162.999  242.468  88.558  26.933            #2013 
 1E-3  205.313  226.241  105.279  71.413  29.15            #2014 
################################################################
# Fleet02: IBTS_Q3_IV      
# First and last year: 1991-2003            
# First and last age: 0 5          
 1E-3   536.99  703.368  158.594  79.024  14.568  5.183          #1991
 1E-3   1379.459  600.867  296.1  72.451  57.498  10.273         #1992
 1E-3   919.193  638.722  177.377  66.118  14.711  15.904        #1993
 1E-3   610.743  677.645  219.541  74.71  19.506  4.722          #1994
 1E-3    729.246  619.786  291.18  107.195  21.512  6.013         #1995
 1E-3    316.501  545.708  278.218  129.356  34.003  6.893        #1996
 1E-3    2062.67  332.968  180.681  108.985  28.006  10.711       #1997
 1E-3    2631.69  330.6  150.205  52.766  31.01  11.179           #1998
 1E-3    2498.55  1203.503  190.645  53.932  24.452  9.529        #1999
 1E-3    1968.07  941.658  326.943  64.113  13.625  6.532         #2000
 1E-3    3031.442  645.003  282.32  94.854  19.281  4.315         #2001
 1E-3    264.063  732.137  237.372  125.148  33.96  5.275         #2002
 1E-3    363.406  246.155  302.054  134.824  66.058  16.452       #2003
 1E-3    714.343  150.681  59.087  66.39  45.805  27.187          #2004
 1E-3    166.877  163.117  80.542  34.895  47.065  29.408         #2005
 1E-3    201.586  172.778  84.98  31.911  13.21  22.86            #2006
 1E-3    821.726  95.638  64.032  37.92  11.603  8.456            #2007
 1E-3    765.077  362.658  68.918  30.971  13.813  4.1            #2008
 1E-3    593.814  585.543  384.805  40.992  12.296  8.038         #2009
 1E-3    509.938  223.603  146.61  56.47  13.118  6.343           #2010
 1E-3    246.895  446.718  144.443  47.209  16.185  6.965         #2011
 1E-3    307.402  258.453  194.624  57.376  19.993  10.564        #2012
 1E-3    335.126  67.488  60.199  66.079  17.729  7.082           #2013
 ################################################################
# Species no. 03 HAD
################################################################
# Fleet01:IBTS Q1
# First and last year: 1974  2014
# First and last age: 1  5  
1E-3  1139.104  136.296  192.534  20.718  1.107                # 1974
1E-3  1181.478  356.69  19.748  34.66  5.77                   # 1975
1E-3  98.528  539.275  184.708  13.951  16.269                 # 1976
1E-3  141.973  67.89  133.611  16.939  1.189                    # 1977
1E-3  352.763  106.405  28.338  66.208  10.404                 # 1978
1E-3  468.371  212.925  52.779  6.749  15.434                   # 1979
1E-3  856.56  365.727  82.616  10.521  2.316                  # 1980
1E-3  267.958  624.983  156.605  25.622  4.371                  # 1981
1E-3  542.129  253.065  412.319  58.268  7.805                  # 1982
1E-3  302.278  403.079  89.463  116.447  13.182                 #1983  
1E-3  1072.285  221.275  127.77  20.41  20.9                   #1984  
1E-3  230.968  833.257  107.598  32.317  3.575                  #1985  
1E-3  573.023  266.912  303.546  17.888  6.49                   #1986  
1E-3  912.559  328.062  45.201  58.262  4.345                  #1987  
1E-3  101.691  677.641  97.149  12.684  13.965                 #1988  
1E-3  219.705  98.091  274.788  16.653  2.113                  #1989  
1E-3  217.448  139.114  32.997  50.367  3.163                  #1990  
1E-3  680.231  134.076  25.032  4.26  8.476                    #1991  
1E-3  1141.396  331.044  17.035  3.026  0.664                  #1992  
1E-3  1242.121  519.521  152.384  8.848  1.076                  #1993  
1E-3  227.919  491.051  97.656  23.308  1.566                  #1994  
1E-3  1355.485  201.069  176.165  24.354  5.286                #1995  
1E-3  267.411  813.268  65.869  46.691  7.734                  #1996  
1E-3  849.943  353.882  466.731  24.987  15.238                 #1997  
1E-3  357.597  420.926  103.531  112.632  8.758                  #1998  
1E-3  211.139  222.907  127.064  48.217  36.65                  #1999  
1E-3  3482.017  96.075  43.255  24.163  11.804               #2000  
1E-3  894.651  2255.213  47.899  10.962  7.218                #2001  
1E-3  57.312  473.628  1309.589  9.179  6.886                  #2002  
1E-3  89.991  39.267  241.529  532.024  5.354                  #2003  
1E-3  71.847  79.595  35.46  173.607  329.99                   #2004  
1E-3  69.697  60.984  33.156  10.397  59.114                 #2005  
1E-3  1156.65  48.553  27.917  8.629  4.865                    #2006  
1E-3  109.11  963.377  36.579  15.513  3.193                  #2007  
1E-3  60.037  106.46  239.285  14.78  1.553                    #2008  
1E-3  74.749  140.033  102.91  135.628  2.52                   #2009  
1E-3  686.078  72.371  68.139  51.618  91.088                 #2010  
1E-3  45.647  777.833  100.329  35.751  47.355                 #2011  
1E-3  14.099  65.061  386.286  20.773  14.789                 #2012  
1E-3  58.261  23.68  33.043  94.244  6.634                    #2013  
1E-3  24.077  104.211  17.956  50.078  126.081                #2014  
################################################################
# Fleet01:IBTS Q3
# First and last year: 1991  2013
# First and last age: 0  5  
1E-3  718.479  233.55  22.921  2.842  0.507  1.561               #1991
1E-3  2741.14  595.235  189.015  10.529  1.583  0.396            #1992
1E-3  577.382  605.99  140.146  37.604  2.36  0.372              #1993
1E-3  1781.191  195.331  262.643  32.423  8.383  0.381           #1994
1E-3  520.855  1019.607  106.642  97.383  8.06  3.131            #1995
1E-3  627.502  247.469  428.471  30.426  20.215  2.649           #1996
1E-3  195.255  347.567  123.793  149.048  6.672  5.282           #1997
1E-3  276.401  257.14  164.853  53.69  42.66  3.093              #1998
1E-3  6904.561  176.461  94.108  47.947  13.268  9.904           #1999
1E-3  1092.83  2511.127  44.361  19.494  10.29  4.276            #2000
1E-3  34.751  360.531  1100.248  30.305  6.377  3.653            #2001
1E-3  138.204  49.504  223.792  583.061  10.079  2.601           #2002
1E-3  163.924  69.356  31.171  199.252  368.656  2.942           #2003
1E-3  184.09  64.677  41.951  9.9  79.211  175.486               #2004
1E-3  1410.156  68.254  47.877  16.219  9.281  33.228            #2005
1E-3  194.481  553.438  27.042  11.599  3.592  3.324             #2006
1E-3  112.464  149.622  385.798  10.403  5.376  1.132            #2007
1E-3  126.531  86.978  90.222  175.485  5.253  2.266             #2008
1E-3  909.349  77.692  79.989  38.131  73.976  1.643             #2009
1E-3  30.244  562.845  59.557  35.232  22.419  44.887            #2010
1E-3  30.649  77.884  342.306  26.916  11.956  8.817             #2011
1E-3  68.712  32.008  40.528  132.702  7.153  4.41               #2012
1E-3  85.976  64.277  8.075  4.836  115.866  0.657               #2013
################################################################
# Species no. 04 POK
################################################################
# Fleet01: POK ENGGFS_IV
# First and last year: 1977 2000
# First and last age: 2 3
# effort      2         3
#  1E-3     104.54    484.92
#  1E-3      72.39     57.36
#  1E-3       2.79    104.99
#  1E-3       18.6     179.6
#  1E-3      94.55    119.76
#  1E-3     696.57   2121.11
#  1E-3       4.18    547.22
#  1E-3    2715.16   4643.56
#  1E-3     210.52   2710.97
#  1E-3     318.57   1708.74
#  1E-3      24.94    225.12
#  1E-3      84.74     786.6
#  1E-3      68.73    178.41
#  1E-3     580.69    872.71
#  1E-3     202.96    426.47
#  1E-3      16.14     94.23
#  1E-3     183.42   1091.48
#  1E-3      34.71    123.26
#  1E-3      51.08   1366.47
#  1E-3     298.02    296.65
#  1E-3     103.84       450
#  1E-3       8.23     53.79
#  1E-3   6.920062  87.07194
#  1E-3      20.33       190
################################################################
# Fleet 02 : FRATRB_IV
# 1990  2013
# 3  9                                                                                                        
21758E-6  3379  2471  1405  304  290  32  14                                                                         #1990    
15248E-6  1381  2538  731  372  130.79  67  11.93                                                                    #1991    
 7902E-6  717  1480  498  73.572  24  7  5.741                                                                        #1992    
13527E-6  3917.8  2253.44  1162.23  103.625  8.299  8.648  6.183                                                     #1993    
14417E-6  1770.754  3652.84  1381.104  434.086  38.895  5.317  2.71                                                  #1994    
14632E-6  3151.807  1682.869  921.653  225.695  70.393  24.088  13.317                                               #1995    
16241E-6  895.031  4286.247  1053.226  535.95  107.63  24.634  15.158                                                #1996    
12903E-6  1087.28 1914.745 3175.192 190.091 83.908 16.535  13.738                                               #1997    
13559E-6  799.753  2538.413  1870.453  1480.902  52.256  23.023  10.381                                              #1998    
14588E-6  852.467  1233.817  2666.699  620.174  399.661  24.212  13.688                                              #1999    
 8695E-6  889.314  1993.229  1038.898  1195.148  214.774  180.514  31.751                                             #2000    
 6366E-6  724.1021  1339.454  2372.881  269.951  144.906  25.554  29.28                                               #2001    
11022E-6  3275.662  7576.645  1220.435  1242.118  175.302  151.434  40.935                                           #2002    
10536E-6  1516.931  3235.528  2354.784  264.339  325.113  80.521  112.883                                            #2003    
 5234E-6  447.218  977.66  1020.943  494.617  92.582  35.628  19.772                                                  #2004    
 3015E-6  406.936  660.534  643.107  428.406  209.713  15.685  14.262                                                 #2005    
 5710E-6  1681.536595  3142.21152  551.3929383  144.5055901  199.2848822  39.65777762  13.23931547                    #2006    
 8255E-6  4200.934  1040.925  2807.48  240.7597  99.80143  3.070924  -1                                               #2007    
 7016E-6  878.509  1522.508  245.447  949.847  164.900  34.288  33.320                                                #2008    
 7093E-6 407.5046469   1194.149134   1134.039085 540.4349602 127.1412692 96.39487902  38.31497546              #2009    
 6035E-6  661.264 672.455  565.188  184.331  27.539  82.603  28.021                                            #2010    
 9985E-6 1858.787059 2344.466054 621.222995 220.6916429 68.88856797 39.48993427 47.22266242                    #2011    
11990E-6  606.70  1681.77  2344.84  778.49  102.62  11.35  90.66                                                     #2012    
 7632E-6  712.959678  1812.811218  373.391364  209.45243  44.7203  18.677887  10.200259                               #2013
################################################################
# Fleet 03: NORTRL_IV1
# 1980  1992
#3  9
18317E-6  186  1290  658  980  797  261  60
28229E-6  88  844  1345  492  670  699  119
47412E-6  6624  12016  2737  2112  341  234  19
43099E-6  4401  4963  8176  1950  2367  481  357
47803E-6  20576  7328  2207  3358  433  444  106
66607E-6  27088  21401  5307  1569  637  56  46
57468E-6  5297  29612  3589  818  393  122  25
30008E-6  2645  18454  2217  290  235  201  198
18402E-6  3132  2042  2214  141  157  74  134
17781E-6  649  2126  835  694  309  154  65
10249E-6  804  781  924  519  203  63  12
28768E-6  14348  4968  1194  518  203  51  56
35621E-6  3447  9532  4031  1087  465  165  109
################################################################
# Fleet 04: NORTRL_IV1
# 1993  2013
#3  9          
24572E-6  7635  4028  2878  1018  526  365  252
30628E-6  3939  16098  4276  926  251  72  203
32489E-6  4347  9366  5412  833  1644  273  203
40400E-6  3790  14429  4414  2765  1144  189  16
36026E-6  2894  5266  9837  1419  892  299  72
24510E-6  1376  8279  5454  5662  977  489  243
21513E-6  813  2595  6869  2368  3602  1168  346
15520E-6  284  1628  2054  4261  1066  1203  221
23106E-6  4808  5228  6513  935  1235  509  390
38114E-6  4015  12063  3474  3775  981  1632  1050
41645E-6  1630  5451  10452  3602  4432  792  1004
32726E-6  663  2677  5709  6578  2256  2640  656
34964E-6  1202  3080  5177  9204  6954  1728  1434
30190E-6  797  4116  3842  4611  7310  3974  811
26354E-6  1563  1442  4684  3506  2655  3121  887
32550E-6  2308  10354  3664  8357  2155  1619  1234
29841E-6  1071  3257  5936  1254  5334  1636  933
19341E-6  354  1040  1763  2608  1723  1826  1047
26788E-6  1453  6987  1138  1846  739  757  1716
20784E-6  2210  620  3410  690  440  330  50
20661E-6  683  7405  485  2018  588  276  188
################################################################
# Fleet 05: GER_OTB_IV
# 1995  2013
# 3  9                    
21167E-6  1158  2359  1350  589  152  30  16
19064E-6  510  3167  1081  517  257  148  41
21707E-6  816  2475  3636  292  163  70  24
20153E-6  591  2744  1395  1776  238  100  39
18596E-6  284  1065  2264  943  1015  77  36
12223E-6  542  2185  823  1216  242  325  38
11008E-6  892  1329  2317  372  532  249  155
12789E-6  650  3658  1230  1100  99  140  69
14560E-6  500  1399  2630  438  392  58  72
13708E-6  334  2040  1928  1079  200  235  47
11700E-6  434  510  1623  1543  787  205  119
10815E-6  374  1575  690  668  685  350  147
12606E-6  937  713  2813  607  405  417  175
12871E-6  477  3151 627 1662  354  220  223
16692E-6 359 759 1263 316 708 314 271
16046E-6 1046 1115 721 441 100 242 161
13627E-6 563 1752 808  320  231 76 156
13735E-6  139  638  2350  324  161  114  38
13549E-6  238  1142  499  1217  228  122  60
################################################################
# Fleet 06: NORACU              
# 1995  2013      
# 3  6            
1  56244  4756  1214  174                #1995 
1  21480  29698  6125  4593              #1996 
1  22585  16188  24939  3002             #1997 
1  15180  48295  13540  11194            #1998 
1  16933  21109  27036  4399             #1999 
1  34551  82338  14213  13842            #2000 
1  72108  28764  17405  3870             #2001 
1  82501  163524  17479  4475            #2002 
1  67774  107730  41675  4581            #2003 
1  34153  43811  31636  6413             #2004 
1  48446  36560  27859  10174            #2005 
1  18909  58132  11378  7922             #2006 
1  77958  12070  32445  2384             #2007 
1  7122  18989  4180  10262              #2008 
1 -1 -1 -1 -1                            #2009 
1  34953  35191  21222  6318             #2010 
1  18118  63591  6114  5455              #2011 
1  3232  1361  2460  354                 #2012 
1  10023  12232  3028  2539              #2013 
################################################################
# Flee 07: IBTS-Q3
# 1991  2013
# 3  5            
1E-4   1.946  0.402  0.064                 #1991 
1E-4   1.077  2.76  0.516                  #1992 
1E-4   7.965  2.781  1.129                 #1993 
1E-4   1.117  1.615  0.893                 #1994 
1E-4   13.959  2.501  1.559                #1995 
1E-4   3.825  6.533  1.112                 #1996 
1E-4   3.756  3.351  7.461                 #1997 
1E-4   1.181  4.134  1.351                 #1998 
1E-4   2.086  1.907  3.155                 #1999 
1E-4   3.479  8.836  1.081                 #2000 
1E-4   21.614  6.206  3.959                #2001 
1E-4   10.748  18.974  1.327               #2002 
1E-4   19.272  23.802  13.402              #2003 
1E-4   4.979  6.896  3.158                 #2004 
1E-4   8.89  6.87  4.994                   #2005 
1E-4   10.636  29.826  2.941               #2006 
1E-4   34.017  5.593  11.763               #2007 
1E-4   3.438  5.827  0.952                 #2008 
1E-4   1.346  1.703  0.568                 #2009 
1E-4   1.367  0.962  0.465                 #2010 
1E-4   4.488  8.424  1.064                 #2011 
1E-4   11.106  2.521  2.799                #2012 
1E-4   14.903  16.493  1.807               #2013 
################################################################
# Species no. 05 HER
################################################################################################################################################
##  Fleet 01: HERAS
#   1989      2013
#       1         1      0.54    0.56
#       1         7+
       1        -1   4090000 3903000 1633000  492000  283000      186000
       1        -1   3306000 3521000 3414000 1366000  392000     386000
       1        -1   2634000 1700000 1959000 1849000  644000      373000
       1        -1   3734000 1378000 1147000 1134000 1246000      613000
       1        -1   2984000 1637000  902000  741000  777000      847000
       1        -1   3185000  839000  399000  381000  321000      676000
       1        -1   3849000 2041000  672000  299000  203000      350000
       1        -1   4497000 2824000 1087000  311000   99000      422000
       1   9361000   5960000 2935000 1441000  601000  215000      283000
       1   4449000   5747000 2520000 1625000  982000  445000      336000
       1   5087000   3078000 4725000 1116000  506000  314000      280000
       1  24736000   2923000 2156000 3140000 1007000  483000      483000
       1   6837000  12290000 3083000 1462000 1676000  450000      327000
       1  23055000   4875000 8220000 1390000  794600 1031000      514900
       1   9829400  18949400 3081000 4188900  675100  494800      891500
       1   5183700   3415900 9191800 2167300 2590700  317100      855250
       1   3114100   2055100 3648500 5789600 1212900 1174900      373100
       1   6822800   3772300 1997200 2097500 4175100  618200      716800
       1   6261000   2750000 1848000  898000  806000 1323000      460000
       1   3714000   2853000 1709000 1485000  809000  712000      2204000
       1   4655000   5632000 2553000 1023000 1077000  674000      2358000
       1  14577000   4237000 4216000 2453000 1246000 1332000      3417000
       1  10119000   4166000 2534000 2173000 1016000  651000      2425000
       1   7437000   4719000 4067000 1738000 1209000  593000      943000
       1   6388000   2683000 3031000 2895000 1546000  849000      1306000
################################################################
 ###  Fleet 01: IBTS Q1 1984-2014
#       1         1      0.08    0.17
#       1         5
1E-4       1515.627      161.48     61.428   26.888    10.238           #1984        
1E-4       2097.28       721.646   281.99    42.088    27.941           #1985         
1E-4       2662.812      782.122   276.031   79.007    28.076           #1986        
1E-4       3692.965      917.55    116.315   59.351    48.763           #1987        
1E-4       4394.168     4163.384   791.528   57.957    25.054           #1988        
1E-4       2331.566      875.336   338.514   89.381     8.519           #1989        
1E-4       1061.572      462.097   279.78   269.108    71.303           #1990        
1E-4       1286.747      693.02    258.604  221.523   146.096           #1991        
1E-4       1268.145      436.563   193.085   54.81     92.268           #1992        
1E-4       2794.007      787.421   222.585   45.042    65.534           #1993        
1E-4       1752.053     1167.221   213.059   69.004    42.503           #1994        
1E-4       1345.754     1392.857   278.544   36.67      6.551           #1995        
1E-4       1890.872      197.522    32.875   10.193     8.079           #1996        
1E-4       4402.996      498.645   162.77    37.122    22.766           #1997        
1E-4       2275.845      791.593    95.66    20.81     17.841           #1998        
1E-4        752.862      450.623   501.325   98.179    35.566           #1999        
1E-4       3303.932      131.854   107.290  115.16      8.754           #2000        
1E-4       2499.391     1129.308   317.069   93.886    68.284           #2001        
1E-4       3881.426      485.62    252.894   19.290    17.324           #2002        
1E-4       2836.7       1512.943   441.896  354.929    43.781           #2003        
1E-4        979.031      450.984   777.309  112.375   171.232           #2004        
1E-4       1014.574      206.961   352.98   391.798   131.554           #2005        
1E-4        899.732     1445.283   362.764  250.598   336.655           #2006        
1E-4       1322.346       50.083    18.243    7.926    41.269           #2007        
1E-4       1791.537      231.532   145.634  201.177   231.602           #2008        
1E-4       2338.813      135.261    21.178   11.210    46.404           #2009        
1E-4       1206.335       49.506    34.833   45.936    89.950           #2010        
1E-4       2938.982      385.032   606.677  418.836   471.048           #2011        
1E-4       1352.769      284.886   175.455   57.634    74.782           #2012        
1E-4       1665.11       184.926   194.712  146.429    65.933           #2013        
1E-4       2960.804      397.111    31.726   21.592    57.32            #2014        
###################################################################                      
###  Fleet 02: IBTS0 Q1 1992-2014 
#    1992      2014
#       1         1      0.08    0.17      
1E-5     200.7     #1992  
1E-5     190.1     #1993 
1E-5     101.7     #1994 
1E-5       127     #1995 
1E-5     106.5     #1996 
1E-5     148.1     #1997 
1E-5      53.1     #1998 
1E-5       244     #1999 
1E-5     137.1     #2000 
1E-5     214.8     #2001 
1E-5     161.8     #2002 
1E-5      54.4     #2003 
1E-5      47.3     #2004 
1E-5      61.3     #2005 
1E-5      83.1     #2006 
1E-5      37.2     #2007 
1E-5      27.8     #2008 
1E-5      95.8     #2009 
1E-5      77.1     #2010 
1E-5      77.0     #2011 
1E-5      68.0     #2012 
1E-5      50.4     #2013 
1E-5     164.5     #2014
################################################################################################################################################
# Species no. 06 NSA, Northern Sandeel
################################################################################################################################################
# Fleet01: North, old assessment, 1 half year
# First and last year: 1976 1998
# First and last age: 1 4
#   effort         1
 5.90E-4   5697.2 1130    445   #155.1        #1976
11.30E-4  24306.5 2350.5  516.3 # 144         #1977
 4.30E-4   6126.9 2337.8  572.5 # 143.5       #1978
 2.30E-4   2335.2 1327.6  242.2 #  11.8       #1979
 5.40E-4  13394.1 8865   1049.6 # 827.3       #1980
 3.90E-4   5505   4109    904   # 174         #1981
 2.40E-4   3518   2132    556   #  85         #1982
 2.00E-4   5684   1215     89   #  12         #1983
 1.80E-4  11692.2 1646.7  152.7 #   4.5       #1984
 1.60E-4   2688   3292   1002   # 480         #1985
 4.40E-4  23934   2600    200   #   0         #1986
 6.80E-4  26236  10855    350   # 155         #1987
 8.43E-4   9855  25922   1319   #  26         #1988
12.43E-4  56661   2219   3385   #   0         #1989
 5.95E-4  13101   3907    578   # 175         #1990
 7.26E-4  41855   2342    908   # 318         #1991
 4.07E-4   9871   4056    486   # 305         #1992
 5.04E-4  15768   2635   1023   # 646         #1993
 7.69E-4  28490.2 7225.3 5953.5 # 2155.5      #1994
 6.43E-4  36140   3360   1091   # 145         #1995
 5.06E-4  11523.6 5384.6 760.8  # 300.7       #1996
 7.18E-4  67037.8 3640.3 5254.3 # 1205.7      #1997
 5.44E-4  6667.1 33215.8 2038.9 # 410.1       #1998
#####E############################################################
# FleetXX: North, old assessment, 1 half year
# First and last year: 1999 2009
# First and last age: 1 4
#   effort         1
#4.02E-4   2117.7 3490.8 5086   #1022.7        #1999
#6.40E-4  22887.2 8809.9 1419.8 #1469.7        #2000
#1.77E-4   6433.8 2407.8 472    #1034.6        #2001
#1.90E-4  21718.8 2649   401.5  # 219.2        #2002
#3.09E-4   2315.3 1304.6 456.1  # 635.4        #2003
#2.39E-4   6819.1  541.5 375.3  # 212.8        #2004
#0.96E-4   2550.1  411.6  97.3  #  49.3        #2005
#0.37E-4   1407.7  121.7  16.5  #   2.4        #2006
#1.52E-4   8309.8  761.1 130.9  #  39.5        #2007
#1.73E-4   3091.5 2077.4 377.9  #  70.4        #2008
#0.84E-4   2618.8  170.5  44.2  #  1.9         #2009
################################################################
# Fleet02: North, old assessment, 2 half year
# First and last year: 1976 2004
# First and last age: 0 0
#  effort       0
2.40E-5 6126                                  #1976 
4.20E-5 3067                                  #1977 
1.90E-5 7820                                  #1978 
4.80E-5 44203                                 #1979 
2.40E-5 8349                                  #1980 
2.30E-5 9128                                  #1981 
0.40E-5 6530                                  #1982 
0.60E-5 7911                                  #1983 
0.600E-5 200  # org 0                         #1984 
0.400E-5 349                                  #1985 
2.700E-5 7105                                 #1986 
1.830E-5 455                                  #1987 
2.430E-5 13196                                #1988 
2.350E-5 3380                                 #1989 
2.260E-5 12107                                #1990 
2.470E-5 13616                                #1991 
0.710E-5 6797                                 #1992 
2.950E-5 26960                                #1993 
1.730E-5 457                                  #1994 
1.490E-5 4046                                 #1995 
3.270E-5 31817                                #1996 
2.190E-5 2431                                 #1997 
3.340E-5 35220                                #1998 
3.050E-5 33653                                #1999
0.30E-5 200  # org 0                          #2000
2.11E-5 46385                                 #2001
0.29E-5 200  # org 0                          #2002
1.34E-5 7510                                  #2003
1.04E-5 2961                                  #2004
################################################################
# Fleet03: 2. half year. Dregde survey in area 3
# 2004- 
#effort age 0 age 1
1e-05   83   20     # 2004
1e-05  376   48     # 2005
1e-05  903   60     # 2006
1e-05  426  212     # 2007
1e-05 1094  334     # 2008
1e-05  553 1087     # 2009
1e-05   40  405     # 2010 
1e-05   41   60     # 2011 
1e-05 1022   10     # 2012 
1e-05  500   77     # 2013  age 0 changed from 1781
#################################################
# fleet 04  2. half year. Dredge survey,Firth of Forth, area 4  
#effort age0 1 2  
1e-04  615  494  301   # 1999
1e-04  586 3170  258   # 2000
1e-04   48 2656 1561   # 2001
1e-04  243  404  916   # 2002
1e-04  580   -1   -1   # 2003
1e-04   -1   -1   -1   # 2004
1e-04   -1   -1   -1   # 2005
1e-04   -1   -1   -1   # 2006
1e-04   -1   -1   -1   # 2007
1e-04   68   24   24   # 2008
1e-04 1023  174   56   # 2009
1e-04  186 1244   78   # 2010
1e-04  119   220  534   # 2011
1e-04  122   178   30   # 2012
1e-04  82   89     45   # 2013
#################################################
# Fleet 05: Northern sandeel, SA3 data, commercial efort and total catch, 1 half, 1983-2013, age 1-3
# effort  age 1           2              2
#  2284E-4      6875846      1722269       114232        # 1983
#  2455E-4     11627530      1453677       501707        # 1984
#  1228E-4       811581      1163829       300169        # 1985
#  4657E-4     33701713      3680951       291115        # 1986
#  5156E-4     34148970     14263523       462621        # 1987
#  7014E-4      7165310     18860918      1020979        # 1988
# 10296E-4     56640908      2245323      3367266        # 1989
#  4839E-4     12174505      3675715       543787        # 1990
#  6567E-4     32228338      1885082       708088        # 1991
#  4245E-4     14005024      5593146       668011        # 1992
#  5409E-4     19369360       864908       336024        # 1993
#  6585E-4     45466112      7918244      1015127        # 1994
#  4467E-4     28112171      2392581       337772        # 1995
#  2816E-4      4671506      2859790       410813        # 1996
#  8371E-4     89080670      4255138       900362        # 1997
#  7934E-4      4292417     30565956      2761787        # 1998
  2975E-4      5452683      1583638      2044893        # 1999
  5296E-4     25714717      3616603       583782        # 2000
  2268E-4      8079476      1205237       192706        # 2001
  4138E-4     22844381      3706425       718679        # 2002
  1462E-4      1182759       911048       143543        # 2003
  2362E-4      7975277       662956       126550        # 2004
   870E-4      3090853       251819        32758        # 2005
   500E-4      2077882        83776        35915        # 2006
  2062E-4     14894698       630224        86741        # 2007
  1812E-4      7530774      2201214       469335        # 2008
   474E-4      3251444       185296        28460        # 2009
  1992E-4      6772628       734042       942107        # 2010
  1828E-4      1533632      5313330       827802        # 2011
   764E-4       164458       288873      1214291        # 2012
  1400E-4      4756305      1173913       112116        # 2013
################################################################################################################################################
# Species no. 07 SSA, Southern Sandeel
################################################################################################################################################
# Fleet01: S_1
# First and last year: 1982 1998
# First and last age: 1 4
# effort          1         2         3         4
 8.90E-4  56545 6224 3277 1939                  #1982 
 8.40E-4  2232 35029 934 387                    #1983 
 9.10E-4  62517 2257 13272 442                  #1984 
10.00E-4  7790 39301 2490 265                   #1085 
 7.20E-4  43629 7333 1604 30                    #1986 
 5.19E-4  4351 22771 1158 165                   #1987 
 9.89E-4  2349 10074 17914 2769                 #1988 
11.54E-4  44444 4525 957 3368                   #1989 
11.03E-4  20179 16670 2467 745                  #1990 
 6.95E-4  20058 9224 1320 454                   #1991 
11.31E-4  60337 10021 1002 621                  #1992 
 6.96E-4  3581 14659 3707 1012                  #1993
 4.25E-4  24697 2594 2654 715                   #1994
 7.56E-4  39060 6503 1531 1226                  #1995
 7.05E-4  10194 16015 6403 1169                 #1996
 6.56E-4  52359 3648 2405 683                   #1997
 9.62E-4  9546 39553 3188 2260                  #1998
################################################################
# Fleet02: SA1 commerecial CPUE
# First and last year: 1999 2013
# First and last age: 1 4
#6914E-4     2253555     26354566       708506       291019            # 1983
#7848E-4    44054336      1641217      9255848       308302            # 1984
#8135E-4     5866618     29368448      1878393       208234            # 1985
#6653E-4    45238711      7521989      1624200        30163            # 1986
#4254E-4     4498685     23174212      1177914       168145            # 1987
#6684E-4     1908437      8090140     14127441      2182677            # 1988
#8175E-4    62021423      6237884      1382288      4607214            # 1989
#7226E-4    15548222     12324644      1823914       550831            # 1990
#4863E-4    16388528      6836552      1002063       344885            # 1991
#8000E-4    50585973      8649340       873097       541500            # 1992
#3194E-4     2055183      5623241      1464362       440409            # 1993
#3056E-4      24170949      2841004      1283472       96988           # 1994
#5362E-4    37429965      6355087       746842       293212            # 1995
#5445E-4    12531082     14657489      4965336       954172            # 1996
#4127E-4    38993344      2388352      3640709       726230            # 1997
#6205E-4     9627329     28301185      2143399      1469640            # 1998
7543E-4    45248152      5480546     10130089       612767            # 1999
5961E-4    32806080      3242145       466593       681132            # 2000
7694E-4    56332275      8182200      1049644       827676            # 2001
7893E-4    83677752     10573834      1177191       213866            # 2002
5348E-4     3729136     11456079       851701       210318            # 2003
6536E-4    30373170       677280      2223612       453218            # 2004
2860E-4     9902276      3337242       142927       222297            # 2005
4184E-4    32935005      2446557       750420       141665            # 2006
1776E-4    10429035      4666374       311462       171100            # 2007
2895E-4    27196010      4057126      1212696       217237            # 2008
3973E-4    19241862     14087998      1545626       393232            # 2009
2733E-4    40643166      2157730       956779       110256            # 2010
3516E-4     1745324     32327444      1101426       231525            # 2011
 626E-4      370938       412814      3321212       127403            # 2012
2597E-4    15216638      6629223      1857219      3624738           # 2013
################################################################
# Fleet03: 2. half year. Dregde survey in area 1
# 2004- 
#effort age 0 age 1
1E-5  931  171     # 2004
1E-5 2266   53     # 2005
1E-5 1481  236     # 2006
1E-5 3443   95     # 2007
1E-5  429  345     # 2008
1E-5 3733   92     # 2009
1E-5  424 1959     # 2010 
1E-5  652  872     # 2011 
1E-5 2067  215     # 2012 
1E-5  200  258     # 2013   age 0 changed from 847
################################################################
# Fleet04: SA commerecial CPUE
# First and last year: 1999 2013
# First and last age: 1 4
# 1701E-4      480073.3 5920096.8 158889.6 65379.1           # 1983 
# 1097E-4      5302391.2 210202.7 1089943.4 36298.6          # 1984 
# 2307E-4      1221073.3 6035551.7 392040.5 46261.9          # 1985 
# 1331E-4      9356204.7 1508068.1 313157.9 5687.5           # 1986 
#  625E-4      512064.2 2633389.6 133844.5 19109.8           # 1987 
# 2451E-4      554653.7 2332058.7 4019153 620740.1           # 1988 
# 2587E-4      14287782.2 1398658.4 341826.1 1014965.4       # 1989 
# 2926E-4      5751671.7 4669132.4 690984.4 208673.2         # 1990 
# 1350E-4      4555988.4 1647722.8 250958.2 86465.3          # 1991 
# 1317E-4      5408237.8 1136509.4 121571.5 75719.5          # 1992 
# 1232E-4      735456 1249047.1 692213.4 211422.2            # 1993 
#  408E-4      1848743.9 296481.1 171637.4 77560             # 1994 
#  572E-4      1130858.2 1009261.3 102932.3 65135.5          # 1995 
# 1148E-4      700447.2 1273259.6 1555180.5 280010.9         # 1996 
#  898E-4      6004430.8 227337.7 269842.7 177383            # 1997 
#  957E-4      31912.2 2370226.5 251693.1 347917.8           # 1998 
  643E-4      244905.7 101480.5 881331.9 249093.5           # 1999 
  771E-4      1071031.5 353590.4 340394 818316.8            # 2000 
  906E-4      259114.9 1158091.4 147278.6 473829.3          # 2001 
  576E-4      2450122 119824.9 109534.2 57811.7             # 2002 
 1566E-4      135784.1 3463951.8 387607.5 149460.3          # 2003 
 1675E-4      5053467.7 409019.8 626320.4 119616.1          # 2004 
  821E-4      1785534.7 1424955.9 153687.6 304896.3         # 2005 
  624E-4      1795893.6 382691.5 157343.1 46833.4           # 2006 
  136E-4      297991 197813.9 35467.6 5657.2                # 2007 
  213E-4      985106.2 148262.4 65587.5 9043.3              # 2008 
  228E-4      407778.3 676062.4 21716.1 853.7               # 2009 
  338E-4      2488414 142582.8 374316.4 60190               # 2010 
  680E-4      307312.1 1775852.3 434584.4 93399.6           # 2011 
  260E-4      159511.4 146488.9 270347.8 39889.5            # 2012 
  360E-4      690399.3 209095.8 218414.6 55379.7            # 2013 
################################################################
# Species no. 07 NOP
################################################################
# Fleet01: EGFS
# First and last year: 1982 1991
# First and last age: 0 3
# effort        0         1         2         3
   1E-4      6594      2609        39        77
   1E-4      6067      1558       114         0
   1E-4       457      3605       359        14
   1E-4       362      1201       307         0
   1E-4       285       717       150        80
   1E-4        75       552       122         1
   1E-4       165       102       134        21
   1E-4      1531      1274       621        20
   1E-4      2692       917       158        23
   1E-4      1509       683       399         6
################################################################
# Fleet02: EGFS
# First and last year: 1992 2013
# First and last age: 0 2
1E-4  2885 6193    1069   #1992
1E-4  5699 3278   1715    #1993
1E-4  7764 1305    112    #1994
1E-4  7546 6174    387    #1995
1E-4  3456 1332    319    #1996
1E-4  1103 5579    364    #1997
1E-4  2684  411    247    #1998
1E-4  6358 1930     88    #1999
1E-4  2005 6261    141    #2000
1E-4  3948 1013    693    #2001
1E-4  9737 1784     61    #2002
1E-4  379 681       85    #2003
1E-4  564 542       90    #2004
1E-4  6912 803      67    #2005
1e-4  1680 2147 151       #2006
1e-4 3329 1084 332        #2007
1e-4 1435 1371 253        #2008
1e-4 6401 5368 428        #2009
1e-4  235 3977 626        #2010
1e-4 1304.00  870.00  1024.00     #2011
1e-4 5084.00  835.00  181.00      #2012
1e-4 6231.00  3531.00  79.00       #2013

################################################################
# Fleet03: IBTS Q1
# First and last year: 1974 2014
# First and last age: 1 3
#  effort      1         2         3  
   1E-4     25626       399        -1  #1974
   1E-4      4242      2412        -1  #1975
   1E-4      4599       385        -1  #1976
   1E-4      4813       334        -1  #1977
   1E-4      1913      1215        -1  #1978
   1E-4      2690       240        -1  #1979
   1E-4      4081       611        -1  #1980
   1E-4      1375       557        -1  #1981
   1E-4      3315       403        -1  #1982
   1E-4      2331       592         9  #1983
   1E-4      3925       802        58  #1984
   1E-4      2109      1423        71  #1085
   1E-4      2043       384        23  #1986
   1E-4      3023       469        65  #1987
   1E-4       127       760        13  #1988
   1E-4      2079       260       178  #1989
   1E-4      1320       773        46  #1990
   1E-4      2497       677       129  #1991
   1E-4      5121       902        33  #1992
   1E-4      2681      2644       259  #1993
   1E-4      1868       375        67  #1994
   1E-4      5941       785        77  #1995
   1E-4       912      2635       234  #1996
   1E-4      9752      1474       670  #1997
   1E-4      1006      5343       300  #1998
   1E-4      3527       597       667  #1999
1E-4     8095.20 1535.16 65.01         #2000
1E-4     1304.74 2860.55 234.72        #2001
1E-4     1795.20 809.43  880.00        #2002
1E-4     1239.32 575.35  94.44         #2003
1E-4     895.00  376.00  34.10         #2004
1E-4     691.00  131.00  37.00         #2005
1E-4     3340.00 146.00  27.00         #2006
1E-4     1286    778     23            #2007
1E-4     2345    506     186           #2008
1E-4     5413   1618     150           #2009
1E-4     4663   1448     137           #2010
1E-4      535   2229     301           #2011
1E-4    995.00  330.00  537.00         #2012
1E-4    4464.00  517.00  100.00         #2013
1E-4    812.00  939.00  52.00          #2014
################################################################
# Fleet04: SGFS
# SGFS q3, age 0-2, 1998-2010
1E-4  2628  938   1027   #1998
1E-4  3603 1784   180    #1999
1E-4  2094 6656   207    #2000
1E-4  756 727     710    #2001
1E-4  2559 1192   151    #2002
1E-4  1767  779   126    #2003
1E-4  731 719     175    #2004
1E-4  3073 343    132    #2005
1E-4  1127 1285    69    #2006
1e-4 5003 1023 395       #2007
1e-4 3456 1263 263       #2008
1e-4 5835 1750 202       #2009
1e-4  1895.00  5101.00  930.00  #2010
1e-4 10067.00  226.00  935.00  #2011
1e-4 1759.00  1070.00  159.00  #2012
1e-4 -1  3099.00  111.00        #2013
#################################################################################################################################################
# Species no. 08 SPR
################################################################################################################################################
# Fleet 01: IBTS, Q1
# First and last year: 1975 2014
# age 1 to 3
#        Age1          Age2          Age3         #   calendar year
1e-04   -1            2034.680272   77.13463723     #   1975
1e-04   -1            259.0809454   118.9599706     #   1976
1e-04   -1            1959.059189   101.3691704     #   1977
1e-04   -1            503.6953208   133.1854637     #   1978
1e-04   -1            208.8775985   121.1254875     #   1979
1e-04   -1            857.2220406   16.70175379     #   1980
1e-04   -1            805.3439305   102.3840241     #   1981
1e-04   -1            405.425012    44.49453989     #   1982
1e-04   200.6674001   452.0075906   90.41858535     #   1983
1e-04   291.4625019   301.987346    20.58265418     #   1984
1e-04   443.6431048   189.5051553   14.83766501     #   1985
1e-04   56.1893239    73.49277221   13.55343791     #   1986
1e-04   569.0056466   59.99078871   10.91904408     #   1987
1e-04   149.2492602   934.2052901   36.03364639     #   1988
1e-04   2701.749652   382.9221352   209.2488275     #   1989
1e-04   325.6921452   427.2318816   70.9748901      #   1990
1e-04   723.7718134   72.62111484   7.474686859     #   1991
1e-04   1119.657374   271.1613882   22.05389255     #   1992
1e-04   1091.199368   624.0393041   51.68948257     #   1993
1e-04   2519.907797   895.5131565   46.91266212     #   1994
1e-04   1407.810718   887.9629901   54.96018693     #   1995
1e-04   257.6897067   418.3492422   56.55512219     #   1996
1e-04   674.9841112   321.0990257   201.7894793     #   1997
1e-04   1317.009216   1493.012443   163.203302      #   1998
1e-04   2743.346832   457.1314982   48.66909063     #   1999
1e-04   1283.945484   770.4998504   228.5604639     #   2000
1e-04   1063.255483   959.7746587   134.0918255     #   2001
1e-04   1045.366665   589.3596683   37.51622532     #   2002
1e-04   1878.489529   261.2792237   14.59396033     #   2003
1e-04   1802.79655    426.8239853   50.14474418     #   2004
1e-04   3062.164943   229.0673662   15.54207459     #   2005
1e-04   455.0312822   1143.334739   62.27181063     #   2006
1e-04   1268.245858   1289.844024   131.5663459     #   2007
1e-04   1651.627774   648.1597546   53.56595908     #   2008
1e-04   3441.156581   337.5937389   17.86628686     #   2009
1e-04   2215.316248   1661.440574   85.94097857     #   2010
1e-04   823.887683    1171.73924    572.115703      #   2011
1e-04   2718.789705   1908.958003   281.3507612     #   2012
1e-04   904.8917835   1400.731575   263.3407892     #   2013
1e-04   3194.180071   834.1006842   88.72057868     #   2014      
####################################################################
#Fleet 02: ACU, HERAS Q2
## 2003-2013
## first age last age: 1 -3+
####################################
# eff    Age1   Age2   Age3    # calendar year
#0.001   12639   1812   110    #   2001
#0.001   15769   3687   207    #   2002
 0.001   25294   3983   338    #   2003
 0.001   28940   5312   367    #   2004
 0.001   69798   2526   350    #   2005
 0.001   21862   19916  760    #   2006
 0.001   37250   5513   1869   #   2007
 0.001   17165   7410   549    #   2008
 0.001   47520   16488  1183   #   2009
 0.001   19492   13743  798    #   2010
 0.001   26536   13660  2430   #   2011
 0.001   21912   12541  3205   #   2012 
 0.001   9422    6235   2002   #   2013 #temp, not updated yet !!!
#################################################
# fleet 03: IBTS Q3 age 1-3, 1991-2013
#         Age1          Age2          Age3+            #   calendar year
1e-04      250.6608083   50.53474429   15.2100385       #   1991
1e-04      4591.482445   1259.001433   71.66567006      #   1992
1e-04      1751.30073    1420.882522   188.6701464      #   1993
1e-04      2601.669724   286.632351    59.51044669      #   1994
1e-04      1621.21192    2087.111253   601.9238706      #   1995
1e-04      608.7228805   886.3847234   271.2352118      #   1996
1e-04      5372.536997   692.7071664   116.4437118      #   1997
1e-04      2661.935858   700.7295084   73.17774535      #   1998
1e-04      8098.44343    556.0098064   19.44271577      #   1999
1e-04      2733.1315     1451.483743   58.02483207      #   2000
1e-04      3106.433072   952.7845241   55.53432983      #   2001
1e-04      5007.222721   998.9714959   67.35656571      #   2002
1e-04      1659.928716   212.3024924   1.211663345      #   2003
1e-04      3860.801214   538.3018648   56.29743796      #   2004
1e-04      8604.06897    188.9816539   5.468324287      #   2005
1e-04      2295.607814   1266.961684   53.14545405      #   2006
1e-04      2323.469566   668.7495121   103.0157615      #   2007
1e-04      2770.474171   492.4949956   49.75885283      #   2008
1e-04      11560.52653   1163.785275   119.0865559      #   2009
1e-04      5428.913797   1972.858146   80.77061668      #   2010
1e-04      13009.89561   2183.877533   607.6635356      #   2011  
1e-04      4191.136742   1864.867394   191              #   2012
1e-04      5929.602555   1221.588862   84               #   2013
################################################################################################################################################
# Species PLE
################################################################################################################################################
# Fleet 01: BTS-Isis-early
# First and last year: 1985 2010
#1985      1995
#1         1        0.66      0.75
# 1         9
1e-04  136.759  173.893  36.059  10.997  1.273  0.973  0.336  0.155  0.091      #   1985
1e-04  667.441  131.704  50.173  9.208  3.780  0.400  0.418  0.147  0.070       #   1986
1e-04  225.822  764.186  33.841  4.880  1.842  0.607  0.252  0.134  0.078       #   1987
1e-04  680.173  146.993  182.312  9.991  2.810  0.814  0.458  0.036  0.112      #   1988
1e-04  467.877  319.272  38.660  47.305  5.850  0.833  0.311  0.661  0.132      #   1989
1e-04  185.344  146.071  79.339  26.351  5.469  0.758  0.189  0.383  0.239      #   1990
1e-04  291.378  159.424  33.955  13.569  4.313  5.659  0.239  0.204  0.092      #   1991
1e-04  360.890  174.526  29.253  5.961  3.748  2.871  1.186  0.346  0.050       #   1992
1e-04  188.988  283.400  62.783  8.272  1.128  1.130  0.584  0.464  0.155       #   1993
1e-04  193.260  77.139  34.458  10.586  2.667  0.600  0.800  0.895  0.373       #   1994
1e-04  265.634  40.618  13.218  7.527  1.110  0.806  0.330  1.051  0.202        #   1995
################################################################################################################################################
# Fleet 02: BTS-Tridens   numbers per hour
# First and last year: 1996 2013
#1         1        0.66      0.75
#1         9
1e-04  143.896  99.623  13.280  4.266  3.035  1.653  0.676  0.442  0.214          #   1996
1e-04  386.840  28.679  14.886  4.010  2.042  1.538  0.428  0.797  0.327          #   1997
1e-04  131.191  177.631  25.463  7.266  2.500  1.355  0.955  0.808  0.323         #   1998
1e-04  116.989  53.597  96.348  6.493  3.005  1.926  0.659  0.756  0.314          #   1999
1e-04  108.393  38.887  22.880  23.680  3.017  1.725  1.113  0.797  0.219         #   2000
1e-04  80.296  39.788  15.695  8.754  9.300  1.079  0.624  0.420  0.511           #   2001
1e-04  217.276  26.709  14.029  7.616  4.794  4.643  0.754  0.765  0.385          #   2002
1e-04  53.579  94.429  15.858  10.305  5.361  3.081  4.007  0.732  0.760          #   2003
1e-04  101.411  30.306  51.218  11.212  4.961  2.885  1.538  3.402  0.391         #   2004
1e-04  70.845  45.646  13.806  20.392  3.035  6.942  1.568  0.571  3.570          #   2005
1e-04  54.855  42.922  29.187  11.748  12.052  2.106  3.938  0.844  0.767         #   2006
1e-04  139.391  44.429  24.594  26.579  5.681  11.685  2.091  3.947  0.364        #   2007
1e-04  98.909  89.736  33.838  20.735  20.605  6.330  13.054  2.727  6.718        #   2008
1e-04  170.840  76.528  54.059  21.482  12.834  12.192  3.139  10.254  1.585      #   2009
1e-04  144.792  69.544  47.943  40.349  17.914  6.845  15.841  3.179  8.306       #   2010
1e-04  226.465  125.987  58.138  32.752  33.174  15.090  5.808  11.940  1.124     #   2011
1e-04  118.441  149.626  79.759  35.864  22.166  16.393  7.216  3.544  8.696      #   2012
1e-04  192.771  90.454  90.344  46.710  27.597  15.369  11.273  4.523  3.224      #   2013
################################################################################################################################################
# Fleet 03: SNS
# First and last year: 1974 2013
#1         1        0.66      0.75
# 1         5
1e-2  15366  16509  1129  160  82             #   1974
1e-2  11628  8168  9556  65  15               #   1975
1e-2  8537  2403  868  236  0                 #   1976
1e-2  18537  3424  1737  590  213             #   1977
1e-2  14012  12678  345  135  45              #   1978
1e-2  21495  9829  1575  161  17              #   1979
1e-2  59174  12882  491  180  24              #   1980
1e-2  24756  18785  834  38  32               #   1981
1e-2  69993  8642  1261  88  8                #   1982
1e-2  33974  13909  249  71  6                #   1983
1e-2  44965  10413  2467  42  0               #   1984
1e-2  28101  13848  1598  328  17             #   1985
1e-2  93552  7580  1152  145  30              #   1986
1e-2  33402  32991  1227  200  30             #   1987
1e-2  36609  14421  13153  1350  88           #   1988
1e-2  34276  17810  4373  7126  289           #   1989
1e-2  25037  7496  3160  816  422             #   1990
1e-2  57221  11247  1518  1077  128           #   1991
1e-2  46798  13842  2268  613  176            #   1992
1e-2  22098  9686  1006  98  60               #   1993
1e-2  19188  4977  856  76  23                #   1994
1e-2  24767  2796  381  97  38                #   1995
1e-2  23015  10268  1185  45  47              #   1996
1e-2  95901  4473  497  32  0                 #   1997
1e-2  33666  30242  5014  50  10              #   1998
1e-2  32951  10272  13783  1058  17           #   1999
1e-2  22855  2493  891  983  17               #   2000
1e-2  11511  2898  370  176  691              #   2001
1e-2  30809  1103  265  65  69                #   2002
1e-2  -1  -1  -1  -1  -1                      #   2003
1e-2  18202  1350  1081  51  27               #   2004
1e-2  10118  1819  142  366  8                #   2005
1e-2  12164  1571  385  52  54                #   2006
1e-2  14175  2134  140  52  0                 #   2007
1e-2  14706  2700  464  179  34               #   2008
1e-2  14860  2019  492  38  20                #   2009
1e-2  11947  1812  529  55  10                #   2010
1e-2  18349  1143  308  75  60                #   2011
1e-2  5893  2929  682  82  30                 #   2012
1e-2  15395  3021  1638  428  89              #   2013
################################################################################################################################################
# Species SOL
################################################################################################################################################
# Fleet 01:NL Beam Trawl
#age 2-9, 1997-2013
#                2         3          4         5        6          7        8          9
   80.5E-3         4506     18427      4504      3329      9771       497      1800        95      
   89.2E-3        50571      9023     11123      1826      1146      3395       211       337      
   82.3E-3        11821     55177      4153      4459       730       336      1527       133      
   68.4E-3        12309     29560     21747      2046      1580       455       322       641      
   64.8E-3        18724     13660     14969     13081       721       506       136        93      
   59.1E-3         9006     24797      7936      6034      5082       424       384        54      
   55.7E-3        25945     11539     12441      3395      2824      1962       225        62      
   51.5E-3        11190     37220      5633      5058      1190       640       542       135      
   52.4E-3         5060     16367     21030      3796      2001       921       289       619      
   46.9E-3         6792      7804      6709      8226       954       945       522       269      
   45.1E-3        33273      7649      4485      3658      3696       335       326       127      
   32.5E-3         4716     28760      3257      1864      1268      1435       198       177      
   34.0E-3         8656      7715     19140      2012      1100       937       795        62      
   34.3E-3         8857     10125      5210     10285      1041       677       456       743      
   33.3E-3         9664     15791      6072      3267      4495       481       294       132       
   30.8E-3         5714     23086      8037      3107      1100      3058       207       132      
   29.0E-3         2132     21755     15877      3992      1469       788      1238       135      
################################################################################################################################################
# fleet 02: BTS-ISIS
# age 1-9, 1985-2013
 1E-4  7.031 7.121 3.695 1.654 0.688 0.276 0.000 0.000 0.000       #1985
 1E-4  7.168 5.183 1.596 0.987 0.623 0.171 0.158 0.000 0.018       #1986
 1E-4  6.973 12.548 1.834 0.563 0.583 0.222 0.228 0.058 0.000      #1987
 1E-4  83.111 12.512 2.684 1.032 0.123 0.149 0.132 0.103 0.014     #1988
 1E-4  9.015 68.084 4.191 4.096 0.677 0.128 0.242 0.000 0.051      #1989
 1E-4  37.839 24.487 21.789 0.778 1.081 0.770 0.120 0.115 0.025    #1990
 1E-4  4.035 28.841 6.872 6.453 0.136 0.135 0.063 0.045 0.013      #1991
 1E-4  81.625 22.284 10.449 2.529 3.018 0.090 0.162 0.078 0.020    #1992
 1E-4  6.350 42.345 1.338 5.516 3.371 6.199 0.023 0.084 0.053      #1993
 1E-4  7.660 7.121 19.743 0.124 1.636 0.088 0.983 0.009 0.000      #1994
 1E-4  28.125 8.458 6.268 5.129 0.363 0.805 0.316 0.734 0.039      #1995
 1E-4   3.975 7.634 1.955 1.785 2.586 0.326 0.393 0.052 0.264      #1996
 1E-4  169.343 4.919 2.985 0.739 0.710 0.380 0.096 0.035 0.042     #1997
 1E-4  17.108 27.422 1.862 1.242 0.073 0.015 0.391 0.000 0.000     #1998
 1E-4  11.960 18.363 15.783 0.584 1.920 0.310 0.218 0.604 0.003    #1999
 1E-4  14.594 6.144 4.045 1.483 0.263 0.141 0.060 0.007 0.150      #2000
 1E-4  7.998 9.963 2.156 1.564 0.684 0.074 0.037 0.028 0.000       #2001
 1E-4  20.989 4.182 3.428 0.886 0.363 0.361 0.032 0.069 0.000      #2002
 1E-4  10.507 9.947 2.459 1.670 0.360 0.187 0.319 0.000 0.020      #2003
 1E-4  4.192 4.354 3.553 0.644 0.626 0.118 0.070 0.073 0.000       #2004
 1E-4  5.534 3.395 2.377 1.303 0.167 0.171 0.077 0.047 0.000       #2005
 1E-4  17.089 2.332 0.278 0.709 0.479 0.151 0.088 0.000 0.007      #2006
 1E-4  7.498 19.504 1.464 0.565 0.315 0.537 0.031 0.009 0.000      #2007
 1E-4  15.247 9.062 12.298 1.313 0.222 0.279 0.202 0.028 0.047     #2008
 1E-4  15.950 4.999 2.858 4.791 0.252 0.124 0.272 0.079 0.000      #2009
 1E-4  54.81  10.71 2.027  0.774 1.252 0.143 0.122 0.005 0.027     #2010
 1E-4    26.166  17.387   4.006  1.094  0.778  0.828  0.013  0.000  0.141  # 2011
 1E-4     5.149  18.212   8.863  1.692  0.764  0.257  0.229  0.046  0.000  # 2012
 1E-4     6.844  3.558  12.566  5.385 0.871 0.197 0.105 0.078 0.019  # 2013
##########################################################
# fleet 03: SNS 
# age 1-4, 1970-2013
#1 2 3 4
# 1E-2 5410 734 238 35
# 1E-2 903 1831 113 30
# 1E-2 1455 272 149 -1
# 1E-2 5587 935 84 37
 1E-2 2348 361 65 -1          #1974
 1E-2 525 865 177 18          #1975
 1E-2 1399 74 229 27          #1976
 1E-2 3743 776 104 43         #1977
 1E-2 1548 1355 294 28        #1978
 1E-2 94 408 301 78           #1979
 1E-2 4313 89 109 61          #1980
 1E-2 3737 1413 50 20         #1981
 1E-2 5857 1146 228 7         #1982
 1E-2 2621 1123 121 40        #1983
 1E-2 2493 -1 318 74          #1984
 1E-2 3619 716 167 49         #1985
 1E-2 3705 458 69 31          #1986
 1E-2 1948 944 65 21          #1987
 1E-2 11227 594 282 82        #1988
 1E-2 2831 5005 208 53        #1989
 1E-2 2856 1120 914 100       #1990
 1E-2 1254 2529 514 624       #1991
 1E-2 11114 144 360 195       #1992
 1E-2 1291 3420 154 213       #1993
 1E-2 652 498 934 10          #1994
 1E-2 1362 224 143 411        #1995
 1E-2 218 349 30 36           #1996
 1E-2 10279 154 190 27        #1997
 1E-2 4095 3126 142 99        #1998
 1E-2 1649 972 456 10         #1999
 1E-2 1639 126 166 118        #2000
 1E-2 970 655 107 36          #2001
 1E-2 7548 379 195 -1         #2002
 1E-2 -1 -1 -1 -1             #2003
 1E-2 1370 624 393 69         #2004
 1E-2 568 163 124 -1          #2005
 1E-2 2726 117 25 30          #2006
 1E-2 849 911 33 40           #2007
 1E-2 1259 259 325 -1         #2008
 1E-2 1932 344 62 103         #2009
 1E-2 2637 237 67 42          #2010
 1E-2 1248   884    211  112    #2011
 1E-2   -1     -1   -1   -1      #2012
 1E-2  967    427   491     179  #2013
######
-999  # check value