ParName   Value   Gradient
log_rec(18,1974)      2.21848  2.75027e-05
log_rec(18,1975)      1.99437 -7.63036e-05
log_rec(18,1976)      3.26143   -3.939e-05
log_rec(18,1977)      3.03904  1.45027e-05
log_rec(18,1978)      3.06622  8.38351e-05
log_rec(18,1979)      2.72425  -0.00013605
log_rec(18,1980)       2.8632 -3.80199e-05
log_rec(18,1981)      3.91258   0.00011723
log_rec(18,1982)      3.08963 -5.09626e-05
log_rec(18,1983)      2.77787 -1.39891e-05
log_rec(18,1984)      2.71876 -7.73587e-06
log_rec(18,1985)      2.71581  2.55705e-05
log_rec(18,1986)       2.3647 -3.56754e-05
log_rec(18,1987)      2.20527  4.42887e-05
log_rec(18,1988)      2.14013 -7.57617e-05
log_rec(18,1989)      2.01111  1.11534e-05
log_rec(18,1990)      2.01289  2.44392e-05
log_rec(18,1991)      2.14291 -2.20164e-05
log_rec(18,1992)      1.73859 -2.67283e-06
log_rec(18,1993)      2.26584  1.76535e-05
log_rec(18,1994)      2.13487  -9.7332e-07
log_rec(18,1995)      2.10411 -4.34949e-06
log_rec(18,1996)       2.4303  2.24589e-05
log_rec(18,1997)      1.82431 -2.23923e-05
log_rec(18,1998)      2.08875 -2.74395e-06
log_rec(18,1999)      2.58453  2.70584e-06
log_rec(18,2000)      1.58362  2.00057e-05
log_rec(18,2001)      1.87491 -3.21133e-05
log_rec(18,2002)      1.93652 -5.55747e-05
log_rec(18,2003)      2.33468 -7.74975e-05
log_rec(18,2004)      1.84115  2.04894e-05
log_rec(18,2005)      2.37214  8.57169e-05
log_rec(18,2006)      1.83203  7.64539e-05
log_rec(18,2007)      2.02035 -6.11943e-05
log_rec(18,2008)      1.83677 -4.74182e-05
log_rec(18,2009)      1.94283 -4.33166e-05
log_rec(18,2010)      1.71224 -6.18398e-07
log_rec(18,2011)      2.70612 -2.74957e-06
log_rec(18,2012)      2.72127  3.25009e-06
log_rec(18,2013)      2.36121 -4.05713e-07
log_rec(19,1974)      2.29569   1.3694e-05
log_rec(19,1975)      2.43735 -2.08267e-05
log_rec(19,1976)      2.44285 -1.85828e-05
log_rec(19,1977)      2.57465  3.80841e-05
log_rec(19,1978)      2.62126  6.01655e-05
log_rec(19,1979)      2.26662 -8.27485e-05
log_rec(19,1980)      2.03553 -1.14738e-05
log_rec(19,1981)      2.42898  5.14838e-05
log_rec(19,1982)      1.79954 -2.60378e-06
log_rec(19,1983)      1.77041 -1.81102e-05
log_rec(19,1984)        2.095 -9.21417e-06
log_rec(19,1985)      2.02753 -9.41061e-06
log_rec(19,1986)      2.18041  -3.3489e-05
log_rec(19,1987)      2.02494   2.0667e-05
log_rec(19,1988)      2.32214 -6.86779e-05
log_rec(19,1989)      2.08041  3.36838e-06
log_rec(19,1990)      1.97433  6.96849e-06
log_rec(19,1991)      1.61785 -2.01808e-05
log_rec(19,1992)       1.9909  -2.3125e-05
log_rec(19,1993)      1.89738  1.75634e-05
log_rec(19,1994)      1.77765  9.14946e-06
log_rec(19,1995)      1.74116   2.3871e-06
log_rec(19,1996)     0.942297  1.77231e-08
log_rec(19,1997)       1.8043 -1.75802e-06
log_rec(19,1998)      2.21853  2.43853e-05
log_rec(19,1999)      2.34728 -3.49235e-05
log_rec(19,2000)      2.20813 -9.91915e-05
log_rec(19,2001)      2.23017 -0.000172039
log_rec(19,2002)       1.7404 -5.55842e-05
log_rec(19,2003)      1.88793 -2.55342e-05
log_rec(19,2004)      1.80939  2.87762e-05
log_rec(19,2005)      1.67441  4.71168e-05
log_rec(19,2006)      1.59985  4.17369e-05
log_rec(19,2007)      2.13562 -6.97269e-05
log_rec(19,2008)      1.74262 -5.57045e-05
log_rec(19,2009)      1.40449 -4.34079e-05
log_rec(19,2010)      1.91422  -3.4033e-05
log_rec(19,2011)      1.90511  1.17066e-05
log_rec(19,2012)      1.16387  6.73261e-06
log_rec(19,2013)      1.35235  2.91389e-06
log_rec(20,1974)      3.19855  1.29607e-05
log_rec(20,1975)     0.970781    5.425e-06
log_rec(20,1976)      1.52045  2.34716e-05
log_rec(20,1977)      2.41952   3.8925e-05
log_rec(20,1978)      2.50751   1.1778e-05
log_rec(20,1979)      2.98832 -5.97702e-05
log_rec(20,1980)      2.46476  1.97121e-05
log_rec(20,1981)      2.54589  8.06578e-05
log_rec(20,1982)      1.95933 -2.56878e-06
log_rec(20,1983)      2.27348  1.43592e-05
log_rec(20,1984)      1.50804  5.92929e-06
log_rec(20,1985)      1.37356  1.10069e-05
log_rec(20,1986)      2.28652 -2.68625e-05
log_rec(20,1987)     0.543798  1.35259e-05
log_rec(20,1988)     0.175056  -2.1912e-06
log_rec(20,1989)     0.918467  1.21663e-05
log_rec(20,1990)      1.46515  5.32873e-06
log_rec(20,1991)      1.49007 -6.16011e-07
log_rec(20,1992)      1.82885  8.76709e-06
log_rec(20,1993)     0.808009  9.15924e-06
log_rec(20,1994)      2.21108   6.7818e-07
log_rec(20,1995)      1.21313 -3.90153e-06
log_rec(20,1996)       1.1312 -2.70983e-06
log_rec(20,1997)     0.861705  -6.8994e-06
log_rec(20,1998)     0.240361  9.24294e-06
log_rec(20,1999)      2.54782 -6.02666e-05
log_rec(20,2000)       1.2791  1.19382e-05
log_rec(20,2001)    -0.510707   1.3449e-05
log_rec(20,2002)     0.199939  3.92094e-05
log_rec(20,2003)     0.430405  6.35098e-05
log_rec(20,2004)    -0.115038  6.73879e-05
log_rec(20,2005)      1.92601  0.000101952
log_rec(20,2006)     0.434556  2.93903e-05
log_rec(20,2007)    -0.140049  1.05385e-05
log_rec(20,2008)    -0.732059  2.26379e-05
log_rec(20,2009)     0.999771  1.65496e-05
log_rec(20,2010)      -1.0314  1.73064e-05
log_rec(20,2011)     -1.45275  1.77918e-05
log_rec(20,2012)    -0.552837    4.872e-06
log_rec(20,2013)    -0.767944 -4.28918e-07
log_rec(21,1974)     -0.27826 -4.31639e-06
log_rec(21,1975)    -0.791971  1.65434e-06
log_rec(21,1976)     -0.60449  5.58437e-06
log_rec(21,1977)    -0.913048  9.47939e-07
log_rec(21,1978)   -0.0235756 -1.57819e-05
log_rec(21,1979)    -0.177152 -7.25492e-06
log_rec(21,1980)    -0.203239 -4.04876e-06
log_rec(21,1981)    -0.141314 -7.16063e-06
log_rec(21,1982)    0.0863973 -1.02748e-05
log_rec(21,1983)     0.444244 -1.68548e-05
log_rec(21,1984)    -0.162367 -1.44955e-05
log_rec(21,1985)    -0.279834  -1.1111e-05
log_rec(21,1986)    -0.810696   -1.177e-05
log_rec(21,1987)    -0.706714 -8.47553e-06
log_rec(21,1988)    -0.339145 -1.22208e-05
log_rec(21,1989)    -0.524346 -7.78277e-06
log_rec(21,1990)    -0.266598 -1.23484e-05
log_rec(21,1991)    -0.534372 -1.16874e-07
log_rec(21,1992)     0.424233 -4.34228e-06
log_rec(21,1993)    -0.382587  9.15102e-07
log_rec(21,1994)   -0.0812448 -7.39572e-06
log_rec(21,1995)    -0.876421 -5.73976e-06
log_rec(21,1996)     -0.18142 -4.36768e-05
log_rec(21,1997)    -0.541922 -5.56426e-05
log_rec(21,1998)     0.257662 -0.000172729
log_rec(21,1999)    0.0805491 -0.000177564
log_rec(21,2000)    -0.322143 -0.000124781
log_rec(21,2001)     -0.56079 -8.99767e-05
log_rec(21,2002)     0.040304 -0.000100324
log_rec(21,2003)      -1.0423 -2.20137e-05
log_rec(21,2004)    -0.560967 -1.45124e-05
log_rec(21,2005)    -0.878128 -6.74887e-06
log_rec(21,2006)      -1.0179 -8.21064e-06
log_rec(21,2007)    -0.304669  -1.8999e-05
log_rec(21,2008)     -1.11676 -3.13028e-06
log_rec(21,2009)    -0.678135  1.39917e-06
log_rec(21,2010)    -0.976083   1.0375e-06
log_rec(21,2011)    -0.334184  6.76577e-07
log_rec(21,2012)    -0.347686  9.17243e-07
log_rec(21,2013)     -0.35851  1.24199e-06
log_rec(22,1974)    -0.226224  2.92449e-06
log_rec(22,1975)     -1.36956  5.85191e-06
log_rec(22,1976)     -1.58083  3.27154e-07
log_rec(22,1977)     -1.05253  5.16846e-06
log_rec(22,1978)     -1.42777  1.93681e-06
log_rec(22,1979)    -0.618899  4.21537e-06
log_rec(22,1980)     0.357098  2.11738e-05
log_rec(22,1981)     0.733289  2.57669e-05
log_rec(22,1982)     0.943627  8.60292e-06
log_rec(22,1983)     0.688033  1.04513e-05
log_rec(22,1984)     0.759266  1.46813e-05
log_rec(22,1985)      1.19114  2.39853e-05
log_rec(22,1986)      1.37761  3.92563e-05
log_rec(22,1987)        1.151  4.10022e-05
log_rec(22,1988)     0.478661  3.13163e-05
log_rec(22,1989)     0.361113  4.74113e-05
log_rec(22,1990)     0.243998  3.64847e-05
log_rec(22,1991)     0.265443  2.41765e-05
log_rec(22,1992)     0.735493  2.80858e-05
log_rec(22,1993)     0.687329  2.81925e-05
log_rec(22,1994)     0.388165  1.33241e-05
log_rec(22,1995)     0.511516   1.3755e-05
log_rec(22,1996)     0.648504  2.18763e-06
log_rec(22,1997)     0.119041  1.12725e-05
log_rec(22,1998)    0.0136502  1.95605e-05
log_rec(22,1999)      1.09368  4.50768e-05
log_rec(22,2000)     0.574379  6.09934e-05
log_rec(22,2001)      1.63416  0.000151699
log_rec(22,2002)     0.793833  0.000107974
log_rec(22,2003)      0.23938  8.42223e-05
log_rec(22,2004)     0.374331  0.000114035
log_rec(22,2005)   0.00664421    5.997e-05
log_rec(22,2006)     0.123767  2.00896e-05
log_rec(22,2007)     0.299747 -1.94211e-05
log_rec(22,2008)     0.156523  2.75188e-06
log_rec(22,2009)     0.359837  1.39843e-05
log_rec(22,2010)     0.350484  2.32561e-05
log_rec(22,2011)     0.194187    2.379e-05
log_rec(22,2012)      0.34176  4.44532e-06
log_rec(22,2013)      0.32223 -8.29158e-07
log_rec(23,1974)      1.19196  1.15415e-06
log_rec(23,1975)     0.738323 -1.85859e-06
log_rec(23,1976)     0.908704 -1.58073e-06
log_rec(23,1977)     0.537329 -1.00605e-06
log_rec(23,1978)     0.821956 -3.38656e-06
log_rec(23,1979)      1.49082 -1.11412e-05
log_rec(23,1980)      1.15914  1.12193e-05
log_rec(23,1981)      1.27906  1.86346e-05
log_rec(23,1982)      1.18228 -5.28235e-06
log_rec(23,1983)      1.34418 -3.39233e-06
log_rec(23,1984)     0.693016 -2.27805e-06
log_rec(23,1985)      1.40018  9.05202e-06
log_rec(23,1986)      1.71446  1.68449e-05
log_rec(23,1987)     0.991295   1.9607e-05
log_rec(23,1988)      1.64795  1.11904e-05
log_rec(23,1989)      0.98483  3.45489e-05
log_rec(23,1990)      1.43013  6.74957e-05
log_rec(23,1991)      1.42137  1.52197e-05
log_rec(23,1992)      1.60368  1.65049e-05
log_rec(23,1993)      1.41817  1.61562e-05
log_rec(23,1994)      1.66393  2.81599e-08
log_rec(23,1995)      1.09628 -1.19492e-06
log_rec(23,1996)      2.20868 -6.62104e-07
log_rec(23,1997)     0.390883 -4.18051e-06
log_rec(23,1998)     0.641137 -1.85171e-06
log_rec(23,1999)      1.72268 -2.20296e-05
log_rec(23,2000)      1.67268 -1.14404e-05
log_rec(23,2001)      1.05468  -1.6913e-07
log_rec(23,2002)     0.325696  4.33076e-06
log_rec(23,2003)     0.636177  9.16166e-06
log_rec(23,2004)    -0.100591  1.56496e-05
log_rec(23,2005)     0.692004  3.79095e-05
log_rec(23,2006)      1.01526  2.77104e-05
log_rec(23,2007)     0.915536 -1.65683e-05
log_rec(23,2008)      1.40763 -1.55775e-05
log_rec(23,2009)      1.68539 -5.01826e-06
log_rec(23,2010)    -0.289248 -5.75497e-07
log_rec(23,2011)    -0.386275  1.36292e-06
log_rec(23,2012)     0.768098  5.51461e-06
log_rec(23,2013)      1.08737 -6.21772e-07
log_rec(24,1974)     0.187414 -1.85737e-06
log_rec(24,1975)    -0.444821  -1.4175e-07
log_rec(24,1976)    0.0120413  3.51222e-06
log_rec(24,1977)     0.856156  2.19967e-05
log_rec(24,1978)     0.174321  6.07464e-07
log_rec(24,1979)     0.279444 -2.33086e-08
log_rec(24,1980) -0.000291082  1.43152e-05
log_rec(24,1981)      1.27686  3.41619e-05
log_rec(24,1982)     -1.03519 -2.65644e-06
log_rec(24,1983)       1.1598  2.99654e-07
log_rec(24,1984)    0.0686685  2.08609e-06
log_rec(24,1985)      1.31425  1.36867e-05
log_rec(24,1986)    -0.107216   4.4675e-06
log_rec(24,1987)    -0.569605  2.02156e-06
log_rec(24,1988)     0.774587  1.19744e-05
log_rec(24,1989)     0.314945  1.85897e-05
log_rec(24,1990)     0.417358  1.69564e-05
log_rec(24,1991)     0.566163   5.6552e-06
log_rec(24,1992)    -0.888022  2.89334e-07
log_rec(24,1993)     0.424311  8.01211e-06
log_rec(24,1994)     0.674608  4.82763e-06
log_rec(24,1995)    -0.451779  -4.4965e-07
log_rec(24,1996)      1.17847 -5.64845e-06
log_rec(24,1997)    -0.683114 -2.05797e-06
log_rec(24,1998)    -0.201045  -6.1196e-07
log_rec(24,1999)     0.141945 -3.00681e-06
log_rec(24,2000)     0.233981  1.04405e-07
log_rec(24,2001)     0.884525 -8.30146e-06
log_rec(24,2002)     -1.52983  3.46272e-06
log_rec(24,2003)     0.319262  3.16568e-05
log_rec(24,2004)    -0.415661  3.53225e-05
log_rec(24,2005)      0.21162  4.79339e-05
log_rec(24,2006)   -0.0507535  6.23782e-06
log_rec(24,2007)     0.842293 -3.76103e-05
log_rec(24,2008)   0.00935091 -6.26135e-07
log_rec(24,2009)      1.67702   1.9488e-05
log_rec(24,2010)    -0.397203   1.4604e-05
log_rec(24,2011)    -0.162256  1.60711e-05
log_rec(24,2012)     0.679069  1.20564e-05
log_rec(24,2013)      1.59633  3.14449e-06
log_rec(25,1974)        2.087 -8.12213e-07
log_rec(25,1975)      2.67618  -1.5453e-05
log_rec(25,1976)      2.44713  1.46439e-05
log_rec(25,1977)      1.50415  8.21568e-06
log_rec(25,1978)      1.82446 -6.78947e-06
log_rec(25,1979)      2.04109 -3.69817e-05
log_rec(25,1980)      1.50269  8.05978e-06
log_rec(25,1981)      2.04965  5.19576e-05
log_rec(25,1982)      2.17484 -1.51557e-05
log_rec(25,1983)      2.02218  7.18686e-06
log_rec(25,1984)      1.58755  5.40195e-06
log_rec(25,1985)      1.47299  1.91051e-05
log_rec(25,1986)      1.79041  1.17307e-05
log_rec(25,1987)     0.800796  7.54168e-06
log_rec(25,1988)      1.68651 -2.28535e-06
log_rec(25,1989)      1.38744  2.81649e-05
log_rec(25,1990)      1.50656  3.98429e-05
log_rec(25,1991)      1.65632  2.10502e-05
log_rec(25,1992)      1.15191  5.82217e-06
log_rec(25,1993)       1.0686  7.40582e-06
log_rec(25,1994)      2.01082  4.22271e-06
log_rec(25,1995)       1.4387 -7.52594e-06
log_rec(25,1996)      1.64429 -5.24981e-06
log_rec(25,1997)      0.68542 -1.02344e-05
log_rec(25,1998)      1.42407 -3.95152e-06
log_rec(25,1999)       1.6556 -1.44075e-05
log_rec(25,2000)      1.15997 -9.98138e-06
log_rec(25,2001)      1.60189  -1.0267e-05
log_rec(25,2002)      1.12539  2.53255e-05
log_rec(25,2003)     0.322906  2.35545e-05
log_rec(25,2004)     0.884503  5.78024e-05
log_rec(25,2005)       1.3845  8.29383e-05
log_rec(25,2006)      1.38027  3.01085e-05
log_rec(25,2007)      1.57008 -3.04643e-05
log_rec(25,2008)      1.77422 -1.25311e-05
log_rec(25,2009)      1.61222  5.34855e-06
log_rec(25,2010)     0.768966  5.74855e-06
log_rec(25,2011)      1.12466  7.38246e-06
log_rec(25,2012)      2.12445  7.89455e-06
log_rec(25,2013)      1.19634 -1.10864e-06
log_rec(26,1974)      1.75031 -3.86281e-06
log_rec(26,1975)      2.30776  -4.8048e-05
log_rec(26,1976)      1.35261  2.09481e-05
log_rec(26,1977)      1.33141  1.68352e-05
log_rec(26,1978)      1.97186  5.09337e-06
log_rec(26,1979)      1.34514 -3.92781e-05
log_rec(26,1980)      1.37653   1.9001e-05
log_rec(26,1981)     0.653142  2.53172e-05
log_rec(26,1982)   -0.0742897  1.36986e-06
log_rec(26,1983)      0.24122  7.23606e-06
log_rec(26,1984)     0.926557   1.7273e-05
log_rec(26,1985)    -0.032017  1.10825e-05
log_rec(26,1986)     0.991633  1.15696e-05
log_rec(26,1987)      0.60493  2.25416e-05
log_rec(26,1988)      1.05956  2.09186e-06
log_rec(26,1989)     0.962445  2.12114e-05
log_rec(26,1990)      1.06909   4.2229e-05
log_rec(26,1991)     0.565693  1.89161e-05
log_rec(26,1992)      1.22023  1.60381e-05
log_rec(26,1993)      1.45187  1.46693e-05
log_rec(26,1994)      0.98806  5.12728e-06
log_rec(26,1995)    0.0073452   1.8988e-06
log_rec(26,1996)     0.372699  7.13304e-06
log_rec(26,1997)     0.776829  1.89846e-06
log_rec(26,1998)      1.01385  2.25787e-06
log_rec(26,1999)     0.794528 -2.65699e-06
log_rec(26,2000)     0.654204  4.83568e-06
log_rec(26,2001)     0.680385  6.79494e-06
log_rec(26,2002)     0.572317  3.01582e-05
log_rec(26,2003)     0.341755   3.6774e-05
log_rec(26,2004)      1.13787  9.07053e-05
log_rec(26,2005)     0.352831  3.87911e-05
log_rec(26,2006)     0.539488   2.6203e-05
log_rec(26,2007)     0.188035  1.38112e-07
log_rec(26,2008)       1.0445  1.19441e-05
log_rec(26,2009)     0.946161  2.14824e-05
log_rec(26,2010)      1.31298  3.77757e-05
log_rec(26,2011)      1.30199  3.80347e-05
log_rec(26,2012)      0.75032  1.54915e-05
log_rec(26,2013)      1.70108  1.16794e-06
log_rec(27,1974)     -1.06459  9.67078e-08
log_rec(27,1975)     -1.30221  4.04977e-08
log_rec(27,1976)    -0.953363  3.71198e-07
log_rec(27,1977)      -1.1145  -8.8582e-08
log_rec(27,1978)     -1.07112 -3.39367e-07
log_rec(27,1979)     -0.81814 -1.37914e-06
log_rec(27,1980)    -0.906181 -6.49976e-07
log_rec(27,1981)    -0.179556  -4.7161e-07
log_rec(27,1982)    -0.562507  1.02163e-08
log_rec(27,1983)    -0.608889 -1.37814e-06
log_rec(27,1984)    -0.267004 -7.11989e-07
log_rec(27,1985)     0.626216 -1.07701e-06
log_rec(27,1986)    -0.164984 -4.31024e-07
log_rec(27,1987)    -0.203022  4.75593e-07
log_rec(27,1988)    -0.585786 -2.56143e-07
log_rec(27,1989)    -0.774834  2.42182e-07
log_rec(27,1990)    -0.880577  7.24163e-08
log_rec(27,1991)     -1.02339 -4.38624e-07
log_rec(27,1992)      -1.5499  3.86739e-07
log_rec(27,1993)     -1.58194 -6.22336e-07
log_rec(27,1994)     -0.95266   5.3267e-07
log_rec(27,1995)     -1.01079 -6.55117e-07
log_rec(27,1996)     0.167464  6.49081e-08
log_rec(27,1997)    -0.855442  1.30866e-06
log_rec(27,1998)     -1.05431  7.35645e-07
log_rec(27,1999)    -0.924559 -4.11997e-07
log_rec(27,2000)     -1.39282 -9.93062e-07
log_rec(27,2001)    -0.344008  7.05323e-07
log_rec(27,2002)     -1.62089  7.02375e-07
log_rec(27,2003)    -0.800926  -4.1576e-07
log_rec(27,2004)     -1.33088 -7.16226e-08
log_rec(27,2005)     -1.37025  9.61966e-08
log_rec(27,2006)    -0.842574 -8.81169e-07
log_rec(27,2007)    -0.992224 -4.59472e-06
log_rec(27,2008)    -0.948484  1.32226e-06
log_rec(27,2009)    -0.712868  3.01381e-07
log_rec(27,2010)    -0.361747 -4.31593e-07
log_rec(27,2011)    -0.886178 -1.73212e-07
log_rec(27,2012)     -0.52442 -3.51766e-07
log_rec(27,2013)    -0.855297  -1.4274e-07
log_rec(28,1974)     -1.55255  5.48974e-07
log_rec(28,1975)    -0.722971 -4.75423e-07
log_rec(28,1976)    -0.505406 -5.49695e-08
log_rec(28,1977)     -1.50967  2.89177e-07
log_rec(28,1978)     -2.75491  9.89499e-08
log_rec(28,1979)    -0.422109  5.31389e-07
log_rec(28,1980)    -0.353882  6.73743e-08
log_rec(28,1981)    -0.452423 -2.39949e-07
log_rec(28,1982)      -0.4166  8.42446e-07
log_rec(28,1983)     -1.08358  9.91657e-07
log_rec(28,1984)    -0.887867  1.18537e-06
log_rec(28,1985)    -0.435319 -1.95331e-07
log_rec(28,1986)     -1.17473  1.33611e-06
log_rec(28,1987)       0.8307  -1.1568e-07
log_rec(28,1988)    -0.722477  1.26308e-06
log_rec(28,1989)   -0.0201705 -6.37546e-07
log_rec(28,1990)     -1.05803  2.83067e-08
log_rec(28,1991)     0.540797 -5.31359e-07
log_rec(28,1992)     -1.13211  3.05164e-08
log_rec(28,1993)     -1.46496  5.44787e-07
log_rec(28,1994)    -0.905178  1.35254e-07
log_rec(28,1995)     -1.42045   2.9228e-08
log_rec(28,1996)    0.0800951 -3.78836e-07
log_rec(28,1997)    -0.705667 -7.77239e-07
log_rec(28,1998)    -0.964954 -1.33927e-07
log_rec(28,1999)    -0.669471 -8.17769e-07
log_rec(28,2000)     -1.33015 -5.92267e-07
log_rec(28,2001)    -0.189103  3.64053e-07
log_rec(28,2002)     -1.06608 -5.58969e-07
log_rec(28,2003)     -1.64863 -6.14347e-07
log_rec(28,2004)     -1.59825 -5.68609e-07
log_rec(28,2005)    -0.113991   1.2224e-06
log_rec(28,2006)     -1.26973  2.02004e-06
log_rec(28,2007)     -1.19031  1.62465e-06
log_rec(28,2008)    -0.823241  4.47212e-07
log_rec(28,2009)    -0.249427  7.34968e-07
log_rec(28,2010)    -0.399992  2.55134e-07
log_rec(28,2011)     -1.79626 -1.36037e-07
log_rec(28,2012)     -1.46634 -2.32535e-08
log_rec(28,2013)    -0.989304 -1.30917e-08
log_rec_older(18,1)     0.236798  3.57775e-05
log_rec_older(18,2)     -1.23574  3.49257e-06
log_rec_older(18,3)     -3.27577 -1.52767e-05
log_rec_older(18,4)     -2.96958 -2.69636e-05
log_rec_older(18,5)     -4.19879  -1.0997e-05
log_rec_older(18,6)      -5.6556 -4.80749e-06
log_rec_older(18,7)     -6.63018 -1.46288e-06
log_rec_older(18,8)     -6.62234 -7.61259e-07
log_rec_older(18,9)     -7.08945  9.96378e-07
log_rec_older(18,10)     -7.25092 -9.89184e-09
log_rec_older(19,1)     0.629763  1.31884e-05
log_rec_older(19,2)    0.0697024  6.82774e-06
log_rec_older(19,3)     -1.52831  5.64525e-06
log_rec_older(19,4)     -3.50613  1.56234e-06
log_rec_older(19,5)     -4.65094  7.09159e-07
log_rec_older(19,6)     -7.55023  -7.4715e-07
log_rec_older(19,7)     -5.28522  4.72106e-08
log_rec_older(19,8)     -8.24921  5.00113e-07
log_rec_older(20,1)      1.37503  2.41454e-05
log_rec_older(20,2)     -1.38467  5.11039e-06
log_rec_older(20,3)    -0.927633  1.55745e-06
log_rec_older(20,4)     -2.83717  5.15908e-07
log_rec_older(20,5)     -6.18318 -2.08091e-07
log_rec_older(20,6)     -6.42449  1.52384e-06
log_rec_older(20,7)     -3.93865   4.5666e-07
log_rec_older(20,8)     -7.63982  1.51995e-07
log_rec_older(20,9)     -9.68904  2.31118e-08
log_rec_older(20,10)      -9.3326  2.53316e-07
log_rec_older(21,1)      0.33822 -2.10534e-05
log_rec_older(21,2)     -0.38054 -1.03423e-05
log_rec_older(21,3)    -0.886703 -3.72524e-06
log_rec_older(21,4)     -1.25599 -8.34804e-06
log_rec_older(21,5)     -1.71583 -5.13017e-06
log_rec_older(21,6)      -1.3897 -1.65716e-05
log_rec_older(21,7)     -1.78407 -1.68231e-05
log_rec_older(21,8)     -2.64097 -9.95612e-06
log_rec_older(21,9)     -3.91707 -2.71718e-06
log_rec_older(21,10)     -3.64311 -4.74253e-06
log_rec_older(22,1)     -2.02727   7.5104e-06
log_rec_older(22,2)     -2.25548  3.81246e-06
log_rec_older(22,3)     -2.76153  2.39157e-06
log_rec_older(22,4)     -4.26911  6.71567e-07
log_rec_older(22,5)     -5.17898  6.09074e-07
log_rec_older(22,6)     -5.85867 -1.10805e-07
log_rec_older(22,7)     -6.86631   8.4705e-07
log_rec_older(23,1)     0.408799  4.37585e-06
log_rec_older(23,2)     -2.08008  1.16507e-06
log_rec_older(23,3)     -2.80227  2.92198e-07
log_rec_older(23,4)     -4.28081 -3.11798e-07
log_rec_older(24,1)     -1.19468  2.10263e-06
log_rec_older(24,2)     -1.84157  2.34583e-06
log_rec_older(24,3)      -3.7615  5.37759e-07
log_rec_older(24,4)     -2.78366 -3.39085e-07
log_rec_older(25,1)      1.60211  2.06151e-05
log_rec_older(25,2)     -2.57862  4.44249e-06
log_rec_older(25,3)     -4.61889 -4.31261e-07
log_rec_older(26,1)      1.47398  1.03232e-05
log_rec_older(26,2)     -1.61032  1.66148e-06
log_rec_older(26,3)     -4.33262 -1.32454e-06
log_rec_older(27,1)    -0.730648 -2.34172e-07
log_rec_older(27,2)    -0.803412 -3.06082e-07
log_rec_older(27,3)     -2.62751  9.42957e-08
log_rec_older(27,4)     -3.05232 -2.65392e-07
log_rec_older(27,5)     -3.23365  2.63557e-07
log_rec_older(27,6)     -3.66661  1.27593e-07
log_rec_older(27,7)     -4.44207 -3.06728e-07
log_rec_older(27,8)     -4.73487  2.23883e-08
log_rec_older(27,9)     -4.81857  4.21918e-08
log_rec_older(27,10)     -3.49237  1.84821e-07
log_rec_older(28,1)    -0.828166   1.2209e-06
log_rec_older(28,2)    -0.821374 -3.31363e-07
log_rec_older(28,3)      -1.5513 -4.49281e-07
log_rec_older(28,4)     -2.95849 -2.54391e-07
log_rec_older(28,5)       -2.448   1.4961e-06
log_rec_older(28,6)     -3.80724   2.7043e-07
log_rec_older(28,7)     -3.85711 -1.64183e-07
log_rec_older(28,8)     -4.49714  1.14612e-08
log_rec_older(28,9)     -5.10051   1.8234e-07
log_rec_older(28,10)     -2.47994  2.38338e-07
F_y_ini(18,1975)      1.06836 -8.71006e-06
F_y_ini(18,1976)      1.17946  6.35291e-06
F_y_ini(18,1977)      1.17789  1.54287e-05
F_y_ini(18,1978)      1.35094  3.82367e-06
F_y_ini(18,1979)      1.08464  -2.0539e-05
F_y_ini(18,1980)      1.21996  1.19019e-05
F_y_ini(18,1981)      1.24121  2.85475e-05
F_y_ini(18,1982)      1.35426 -7.62176e-06
F_y_ini(18,1983)      1.31028 -5.37786e-06
F_y_ini(18,1984)      1.24225  2.42228e-06
F_y_ini(18,1985)      1.23014   5.9832e-06
F_y_ini(18,1986)      1.37101  1.03331e-06
F_y_ini(18,1987)      1.33988  4.66241e-06
F_y_ini(18,1988)      1.35801 -6.88154e-06
F_y_ini(18,1989)      1.38854  8.65241e-06
F_y_ini(18,1990)         1.34  7.53079e-06
F_y_ini(18,1991)       1.2847 -4.21767e-06
F_y_ini(18,1992)       1.2621 -1.89015e-06
F_y_ini(18,1993)      5.00473 -1.67205e-11
F_y_ini(18,1994)     0.999103  -3.6125e-06
F_y_ini(18,1995)      1.11909 -1.75137e-06
F_y_ini(18,1996)      1.11551  3.50736e-06
F_y_ini(18,1997)      1.05967 -4.72368e-06
F_y_ini(18,1998)      1.20406 -6.64115e-06
F_y_ini(18,1999)      1.15402 -1.06639e-06
F_y_ini(18,2000)      1.18229  7.80249e-06
F_y_ini(18,2001)      1.16114  4.57378e-06
F_y_ini(18,2002)       1.0064 -9.35581e-07
F_y_ini(18,2003)      1.16919  2.11479e-06
F_y_ini(18,2004)      1.03951  1.05395e-05
F_y_ini(18,2005)     0.995648  1.10764e-05
F_y_ini(18,2006)     0.817596  2.43446e-06
F_y_ini(18,2007)     0.731987 -1.18229e-05
F_y_ini(18,2008)     0.848549 -1.13068e-05
F_y_ini(18,2009)     0.750616 -1.85713e-06
F_y_ini(18,2010)     0.689137  1.01031e-05
F_y_ini(18,2011)     0.529506  8.37094e-06
F_y_ini(18,2012)     0.382991  4.92922e-06
F_y_ini(18,2013)     0.291127  7.48507e-06
F_y_ini(19,1975)      1.03418 -7.58979e-07
F_y_ini(19,1976)      1.07553  1.36507e-06
F_y_ini(19,1977)     0.884548  2.74524e-06
F_y_ini(19,1978)     0.827513 -3.25086e-06
F_y_ini(19,1979)     0.785196 -1.73929e-06
F_y_ini(19,1980)     0.902651  6.60951e-06
F_y_ini(19,1981)     0.787654  2.32084e-06
F_y_ini(19,1982)     0.590964 -3.15992e-06
F_y_ini(19,1983)     0.747881 -2.40737e-06
F_y_ini(19,1984)     0.900403 -1.45241e-06
F_y_ini(19,1985)     0.784532  5.39763e-08
F_y_ini(19,1986)     0.995398 -2.06965e-06
F_y_ini(19,1987)      1.12639  8.12209e-07
F_y_ini(19,1988)      0.83706  6.52157e-07
F_y_ini(19,1989)     0.979374  4.25172e-06
F_y_ini(19,1990)     0.860633  -2.1103e-06
F_y_ini(19,1991)      5.00473 -1.67205e-11
F_y_ini(19,1992)     0.897783  -7.1339e-07
F_y_ini(19,1993)      1.12852  6.42174e-07
F_y_ini(19,1994)      1.04124 -1.85785e-06
F_y_ini(19,1995)     0.905132 -1.62045e-06
F_y_ini(19,1996)     0.810094  1.43771e-06
F_y_ini(19,1997)      0.65391  2.09403e-06
F_y_ini(19,1998)     0.560794  4.52225e-07
F_y_ini(19,1999)     0.735397  3.58373e-07
F_y_ini(19,2000)     0.907195  1.24047e-06
F_y_ini(19,2001)     0.603198  7.91813e-06
F_y_ini(19,2002)     0.445873  1.16937e-05
F_y_ini(19,2003)     0.369171  1.48769e-05
F_y_ini(19,2004)     0.320331   7.3521e-06
F_y_ini(19,2005)     0.330738  2.67151e-06
F_y_ini(19,2006)     0.461537 -2.49899e-06
F_y_ini(19,2007)     0.463641 -6.62715e-07
F_y_ini(19,2008)      0.47071  2.80361e-06
F_y_ini(19,2009)     0.393138  3.51866e-06
F_y_ini(19,2010)     0.387772  4.08676e-06
F_y_ini(19,2011)     0.307369   3.0855e-06
F_y_ini(19,2012)     0.276521  6.91219e-07
F_y_ini(19,2013)     0.270579   4.0341e-06
F_y_ini(20,1975)      1.19019 -1.48868e-06
F_y_ini(20,1976)      1.12793 -3.34755e-06
F_y_ini(20,1977)      1.06206  -5.2985e-06
F_y_ini(20,1978)      1.11769 -6.26979e-06
F_y_ini(20,1979)      1.16685 -4.04838e-06
F_y_ini(20,1980)      1.06089 -3.16956e-06
F_y_ini(20,1981)     0.759916 -4.61801e-06
F_y_ini(20,1982)     0.712922 -3.82485e-06
F_y_ini(20,1983)     0.928783 -4.90077e-06
F_y_ini(20,1984)      1.08834 -3.58037e-06
F_y_ini(20,1985)      5.00473 -1.67205e-11
F_y_ini(20,1986)      1.06888 -1.74802e-06
F_y_ini(20,1987)      1.19874 -2.69383e-06
F_y_ini(20,1988)      1.19457 -1.64349e-06
F_y_ini(20,1989)      1.14026 -1.47061e-06
F_y_ini(20,1990)      1.09362  -1.7087e-07
F_y_ini(20,1991)      1.18939  3.14318e-07
F_y_ini(20,1992)      1.06147 -1.06171e-06
F_y_ini(20,1993)      1.18466 -1.11671e-06
F_y_ini(20,1994)      1.14475  1.10114e-07
F_y_ini(20,1995)      1.00155  -1.1412e-06
F_y_ini(20,1996)      1.15788 -4.55322e-07
F_y_ini(20,1997)      0.88997 -3.04095e-07
F_y_ini(20,1998)     0.978618  9.55718e-07
F_y_ini(20,1999)      1.29851  6.84941e-07
F_y_ini(20,2000)      1.51229  1.38714e-06
F_y_ini(20,2001)       1.0202   3.5377e-06
F_y_ini(20,2002)     0.719996  8.76663e-07
F_y_ini(20,2003)     0.391866  2.77599e-06
F_y_ini(20,2004)     0.454455 -4.70787e-08
F_y_ini(20,2005)     0.504647   -2.438e-06
F_y_ini(20,2006)       0.8745 -9.76661e-06
F_y_ini(20,2007)      0.72299 -7.70045e-06
F_y_ini(20,2008)     0.382645  1.62906e-06
F_y_ini(20,2009)     0.318061  3.19256e-06
F_y_ini(20,2010)     0.324427  3.42274e-06
F_y_ini(20,2011)     0.370216  3.32282e-06
F_y_ini(20,2012)     0.204436  6.13774e-06
F_y_ini(20,2013)     0.202379  1.20776e-05
F_y_ini(21,1975)       1.1699  5.19701e-06
F_y_ini(21,1976)      1.27565  6.83446e-06
F_y_ini(21,1977)      1.46968  4.10677e-06
F_y_ini(21,1978)     0.928445   -1.131e-06
F_y_ini(21,1979)     0.895279 -5.46089e-07
F_y_ini(21,1980)       1.0402  2.31607e-06
F_y_ini(21,1981)      1.00632  3.24536e-06
F_y_ini(21,1982)      1.00142   1.5766e-06
F_y_ini(21,1983)      1.38729  2.06267e-06
F_y_ini(21,1984)      1.23046  2.08228e-06
F_y_ini(21,1985)       1.3118   2.2885e-06
F_y_ini(21,1986)      1.63992  3.86356e-06
F_y_ini(21,1987)      1.43929  4.05573e-06
F_y_ini(21,1988)      1.48766  4.70703e-06
F_y_ini(21,1989)      1.33738  5.36265e-06
F_y_ini(21,1990)      1.22082  4.05785e-06
F_y_ini(21,1991)      1.21758  2.76269e-06
F_y_ini(21,1992)      5.00473 -1.67205e-11
F_y_ini(21,1993)      1.54458  2.39526e-06
F_y_ini(21,1994)      1.16488  1.05781e-06
F_y_ini(21,1995)      1.52516   1.0589e-06
F_y_ini(21,1996)      1.23859  4.95656e-07
F_y_ini(21,1997)     0.880864  5.34224e-07
F_y_ini(21,1998)     0.874506  1.53507e-06
F_y_ini(21,1999)      1.12939  4.33409e-06
F_y_ini(21,2000)     0.821347  1.08854e-05
F_y_ini(21,2001)      0.65022  2.11273e-05
F_y_ini(21,2002)     0.949132   3.8622e-05
F_y_ini(21,2003)     0.839409  4.49166e-05
F_y_ini(21,2004)     0.688941   3.7734e-05
F_y_ini(21,2005)     0.702708  2.71805e-05
F_y_ini(21,2006)     0.804221  1.51183e-05
F_y_ini(21,2007)     0.651239  6.89261e-06
F_y_ini(21,2008)     0.763714  5.35575e-06
F_y_ini(21,2009)      1.05103  3.90974e-06
F_y_ini(21,2010)      1.00643  3.25731e-06
F_y_ini(21,2011)      1.10933  2.91513e-06
F_y_ini(21,2012)      0.84771  1.17696e-06
F_y_ini(21,2013)     0.812738 -3.85421e-07
F_y_ini(22,1975)      1.39974 -1.82005e-06
F_y_ini(22,1976)      0.89304   -1.583e-06
F_y_ini(22,1977)     0.336229 -1.15506e-06
F_y_ini(22,1978)      5.00473 -1.67205e-11
F_y_ini(22,1979)      1.60045  4.96408e-07
F_y_ini(22,1980)      4.05292 -3.94526e-07
F_y_ini(22,1981)      8.79944  6.68132e-08
F_y_ini(22,1982)      6.06838 -1.16397e-07
F_y_ini(22,1983)      5.00473 -1.67205e-11
F_y_ini(22,1984)      1.22899  -1.7337e-06
F_y_ini(22,1985)      1.60672 -2.94064e-06
F_y_ini(22,1986)      1.43703 -3.58058e-06
F_y_ini(22,1987)      1.34941 -5.00412e-06
F_y_ini(22,1988)      1.42889 -5.81724e-06
F_y_ini(22,1989)      1.27229  -8.2324e-06
F_y_ini(22,1990)       1.1516 -7.38225e-06
F_y_ini(22,1991)      1.28696 -6.66905e-06
F_y_ini(22,1992)      1.75676 -7.66254e-06
F_y_ini(22,1993)      2.35873 -8.25234e-06
F_y_ini(22,1994)      1.82721 -6.62841e-06
F_y_ini(22,1995)      1.82497 -5.00845e-06
F_y_ini(22,1996)     0.864361 -1.78345e-06
F_y_ini(22,1997)      0.69787 -3.86874e-07
F_y_ini(22,1998)      5.00473 -1.67205e-11
F_y_ini(22,1999)     0.712375 -2.11758e-06
F_y_ini(22,2000)     0.761155 -3.78905e-06
F_y_ini(22,2001)     0.564396 -7.65308e-06
F_y_ini(22,2002)     0.467298 -9.25448e-06
F_y_ini(22,2003)     0.518117 -1.26947e-05
F_y_ini(22,2004)     0.547001 -1.50631e-05
F_y_ini(22,2005)     0.720427  -1.4136e-05
F_y_ini(22,2006)     0.608742 -8.05329e-06
F_y_ini(22,2007)     0.526195 -1.77247e-06
F_y_ini(22,2008)     0.412226  5.96358e-07
F_y_ini(22,2009)     0.244077  3.96984e-06
F_y_ini(22,2010)     0.272202  2.31526e-06
F_y_ini(22,2011)     0.301072  3.18995e-06
F_y_ini(22,2012)     0.556081  2.29466e-06
F_y_ini(22,2013)     0.729499  2.72129e-06
F_y_ini(23,1975)      1.52413   1.4476e-07
F_y_ini(23,1976)      1.11082  2.18849e-08
F_y_ini(23,1977)      2.28562  6.58279e-07
F_y_ini(23,1978)      1.46765   6.2916e-07
F_y_ini(23,1979)     0.472426   8.2961e-07
F_y_ini(23,1980)      1.34755 -6.04452e-07
F_y_ini(23,1981)      1.13578  -2.1553e-08
F_y_ini(23,1982)     0.755644  3.94298e-07
F_y_ini(23,1983)     0.474584  4.74913e-07
F_y_ini(23,1984)     0.520601  5.13665e-07
F_y_ini(23,1985)     0.565702 -1.09268e-06
F_y_ini(23,1986)      1.53065 -2.96015e-07
F_y_ini(23,1987)      1.12418 -9.47185e-07
F_y_ini(23,1988)      1.77495  6.08508e-08
F_y_ini(23,1989)      3.09564  -1.3784e-06
F_y_ini(23,1990)      2.70837 -2.40355e-06
F_y_ini(23,1991)      2.03444 -7.79097e-07
F_y_ini(23,1992)      1.30034  1.48767e-07
F_y_ini(23,1993)      1.49313 -5.50918e-07
F_y_ini(23,1994)      2.96933  -1.5974e-07
F_y_ini(23,1995)      1.40626  4.95644e-07
F_y_ini(23,1996)      1.12524  9.68541e-08
F_y_ini(23,1997)      1.52069  6.07534e-07
F_y_ini(23,1998)      2.06837  1.56461e-06
F_y_ini(23,1999)      1.34196  1.25692e-06
F_y_ini(23,2000)      1.35769  6.36064e-07
F_y_ini(23,2001)      1.08673  1.12959e-07
F_y_ini(23,2002)      1.58262 -2.01493e-07
F_y_ini(23,2003)      2.35907  1.82905e-07
F_y_ini(23,2004)      1.42513  5.48957e-07
F_y_ini(23,2005)      5.00473 -1.67205e-11
F_y_ini(23,2006)      0.22343 -1.49429e-06
F_y_ini(23,2007)      0.82973 -2.79492e-07
F_y_ini(23,2008)      1.27552  4.45062e-07
F_y_ini(23,2009)    0.0811771  -4.8547e-07
F_y_ini(23,2010)     0.401069 -2.50275e-06
F_y_ini(23,2011)     0.609389  -1.0179e-06
F_y_ini(23,2012)     0.358267 -1.16911e-06
F_y_ini(23,2013)      1.21831 -7.54307e-07
F_y_ini(24,1975)      1.42753  3.65055e-07
F_y_ini(24,1976)      2.80933  7.01031e-08
F_y_ini(24,1977)      2.89596  1.70386e-08
F_y_ini(24,1978)      3.68634  -6.1038e-07
F_y_ini(24,1979)      5.04532  7.11135e-07
F_y_ini(24,1980)      2.98156 -2.59275e-07
F_y_ini(24,1981)      3.38942 -6.73819e-07
F_y_ini(24,1982)      5.46446 -2.17933e-07
F_y_ini(24,1983)      3.21787  -1.2447e-07
F_y_ini(24,1984)      4.78723 -3.71592e-07
F_y_ini(24,1985)      5.54592 -4.75556e-07
F_y_ini(24,1986)      1.68654  -2.6116e-07
F_y_ini(24,1987)      1.08357 -8.34663e-07
F_y_ini(24,1988)      2.90513 -2.29866e-07
F_y_ini(24,1989)      3.95304 -9.51993e-07
F_y_ini(24,1990)      4.25011 -8.48989e-07
F_y_ini(24,1991)      2.86505 -4.03522e-07
F_y_ini(24,1992)      3.41279 -4.82109e-07
F_y_ini(24,1993)      2.32472 -3.49417e-07
F_y_ini(24,1994)      2.74012 -2.48005e-07
F_y_ini(24,1995)      1.76753 -4.63102e-08
F_y_ini(24,1996)        4.589 -4.28854e-08
F_y_ini(24,1997)       2.0597   6.2128e-07
F_y_ini(24,1998)      3.40392  3.43891e-08
F_y_ini(24,1999)       5.3912  1.81816e-07
F_y_ini(24,2000)      3.46905  2.40297e-07
F_y_ini(24,2001)      6.39765   7.6511e-08
F_y_ini(24,2002)      4.58973 -2.46098e-07
F_y_ini(24,2003)      3.72955 -7.10168e-07
F_y_ini(24,2004)      4.36484 -1.41905e-06
F_y_ini(24,2005)      5.00473 -1.67205e-11
F_y_ini(24,2006)      1.14845 -3.48057e-06
F_y_ini(24,2007)      0.64777  3.76059e-08
F_y_ini(24,2008)     0.889429 -8.24736e-07
F_y_ini(24,2009)      1.41269 -2.22514e-06
F_y_ini(24,2010)     0.377068 -1.58178e-06
F_y_ini(24,2011)     0.336564  -1.8113e-06
F_y_ini(24,2012)    0.0921252  1.30108e-06
F_y_ini(24,2013)     0.617158  1.91225e-06
F_y_ini(25,1975)     0.816795  3.67719e-06
F_y_ini(25,1976)     0.710886    1.395e-06
F_y_ini(25,1977)     0.417272  1.05281e-07
F_y_ini(25,1978)     0.546246  2.82621e-06
F_y_ini(25,1979)     0.573374  3.30826e-06
F_y_ini(25,1980)      0.53045   2.1692e-06
F_y_ini(25,1981)     0.410253  4.58819e-07
F_y_ini(25,1982)      5.00473 -1.67205e-11
F_y_ini(25,1983)      0.92645  1.35554e-07
F_y_ini(25,1984)      1.08126 -5.45825e-07
F_y_ini(25,1985)     0.941003 -2.72165e-07
F_y_ini(25,1986)     0.569801  3.18809e-07
F_y_ini(25,1987)     0.558021  1.93863e-06
F_y_ini(25,1988)     0.324841  8.72822e-07
F_y_ini(25,1989)     0.459668 -3.03742e-06
F_y_ini(25,1990)     0.674236 -1.34612e-06
F_y_ini(25,1991)     0.809585  -2.5753e-07
F_y_ini(25,1992)      0.51669 -7.79047e-07
F_y_ini(25,1993)     0.737025 -6.26453e-08
F_y_ini(25,1994)      0.62444  7.48122e-07
F_y_ini(25,1995)     0.282545 -9.03337e-07
F_y_ini(25,1996)     0.266331  7.81217e-07
F_y_ini(25,1997)     0.205271  6.78164e-07
F_y_ini(25,1998)     0.200414  -7.0272e-07
F_y_ini(25,1999)      0.34592 -1.02379e-06
F_y_ini(25,2000)     0.230943  7.27703e-08
F_y_ini(25,2001)    0.0874556  1.27715e-09
F_y_ini(25,2002)     0.189372 -2.01298e-06
F_y_ini(25,2003)     0.112749 -2.08141e-06
F_y_ini(25,2004)    0.0678554  1.09875e-06
F_y_ini(25,2005)      5.00473 -1.67205e-11
F_y_ini(25,2006)     0.130026  4.53234e-07
F_y_ini(25,2007)      5.00473 -1.67205e-11
F_y_ini(25,2008)    0.0440264 -3.08664e-06
F_y_ini(25,2009)    0.0452942 -5.82804e-07
F_y_ini(25,2010)     0.229091 -1.90689e-06
F_y_ini(25,2011)         0.01 -2.36167e-06
F_y_ini(25,2012)    0.0106047  4.00235e-06
F_y_ini(25,2013)     0.102411 -4.12054e-06
F_y_ini(26,1975)      1.16712  1.48306e-06
F_y_ini(26,1976)      1.20222  3.74823e-08
F_y_ini(26,1977)     0.952282 -5.59544e-07
F_y_ini(26,1978)      1.00522  7.39735e-07
F_y_ini(26,1979)      1.06261  3.17499e-06
F_y_ini(26,1980)      1.02681  7.18823e-08
F_y_ini(26,1981)     0.973697 -1.15558e-08
F_y_ini(26,1982)     0.624023 -1.97649e-08
F_y_ini(26,1983)      1.09318 -2.73832e-07
F_y_ini(26,1984)     0.664875 -1.53336e-06
F_y_ini(26,1985)     0.452779 -4.92291e-07
F_y_ini(26,1986)     0.950744 -4.46328e-07
F_y_ini(26,1987)     0.157052  2.41418e-07
F_y_ini(26,1988)     0.197081 -6.36139e-07
F_y_ini(26,1989)    0.0661928 -3.37964e-07
F_y_ini(26,1990)      5.00473 -1.67205e-11
F_y_ini(26,1991)     0.490756 -1.51431e-06
F_y_ini(26,1992)     0.361463 -1.90177e-06
F_y_ini(26,1993)     0.646183 -8.64705e-07
F_y_ini(26,1994)     0.607416  5.95088e-07
F_y_ini(26,1995)     0.842288  1.01062e-06
F_y_ini(26,1996)     0.461854  8.72682e-07
F_y_ini(26,1997)     0.480935 -2.77454e-07
F_y_ini(26,1998)     0.850846 -9.24048e-07
F_y_ini(26,1999)     0.590311  4.14819e-07
F_y_ini(26,2000)     0.826205 -4.77971e-07
F_y_ini(26,2001)     0.966214 -6.96989e-07
F_y_ini(26,2002)      1.07067 -2.32862e-06
F_y_ini(26,2003)      0.88941 -3.37163e-06
F_y_ini(26,2004)      1.04605 -2.35495e-06
F_y_ini(26,2005)     0.542312 -2.49055e-06
F_y_ini(26,2006)     0.770151 -2.78403e-06
F_y_ini(26,2007)     0.786663 -2.53252e-06
F_y_ini(26,2008)     0.828541 -1.68398e-06
F_y_ini(26,2009)     0.493513 -8.87639e-07
F_y_ini(26,2010)     0.544794 -5.18544e-06
F_y_ini(26,2011)     0.605937 -6.37485e-06
F_y_ini(26,2012)     0.522512 -3.92353e-06
F_y_ini(26,2013)     0.207954 -3.95066e-07
F_y_ini(27,1975)      1.16989  3.71677e-07
F_y_ini(27,1976)     0.930631  1.80291e-07
F_y_ini(27,1977)      1.01072 -1.73685e-07
F_y_ini(27,1978)     0.896687 -5.56569e-07
F_y_ini(27,1979)      1.35689  5.90172e-08
F_y_ini(27,1980)      1.08508  4.47456e-07
F_y_ini(27,1981)      1.11623  3.96246e-07
F_y_ini(27,1982)      1.22728 -3.42496e-07
F_y_ini(27,1983)      1.19482 -1.98553e-07
F_y_ini(27,1984)      1.20856  7.58209e-07
F_y_ini(27,1985)      1.09138   5.9368e-07
F_y_ini(27,1986)      1.35226   3.5141e-07
F_y_ini(27,1987)      1.35198  1.59757e-07
F_y_ini(27,1988)      1.42606  8.09163e-07
F_y_ini(27,1989)      1.32294 -5.99465e-07
F_y_ini(27,1990)      5.00473 -1.67205e-11
F_y_ini(27,1991)      1.21476  2.33884e-07
F_y_ini(27,1992)      1.29684  1.12335e-07
F_y_ini(27,1993)      1.23394 -4.32354e-08
F_y_ini(27,1994)      1.26594 -3.29156e-07
F_y_ini(27,1995)      1.14653  1.16225e-07
F_y_ini(27,1996)      1.35209 -1.13778e-07
F_y_ini(27,1997)      1.53961 -1.67444e-07
F_y_ini(27,1998)      1.44076 -2.75838e-07
F_y_ini(27,1999)      1.45294 -3.65573e-07
F_y_ini(27,2000)      1.12718 -2.07497e-07
F_y_ini(27,2001)      1.51691  1.78596e-08
F_y_ini(27,2002)      1.43585 -3.17877e-07
F_y_ini(27,2003)      1.43343 -2.25183e-07
F_y_ini(27,2004)      1.10926 -3.74765e-07
F_y_ini(27,2005)      1.18621  2.28076e-07
F_y_ini(27,2006)      1.12336 -4.50365e-07
F_y_ini(27,2007)     0.902174  7.18017e-08
F_y_ini(27,2008)     0.738674  2.41719e-07
F_y_ini(27,2009)     0.627119 -3.87602e-08
F_y_ini(27,2010)     0.577576  1.08711e-07
F_y_ini(27,2011)     0.542086  1.66892e-07
F_y_ini(27,2012)     0.459571 -2.82342e-07
F_y_ini(27,2013)     0.384828 -1.72581e-07
F_y_ini(28,1975)      1.01722  5.80399e-07
F_y_ini(28,1976)     0.943003  2.28179e-08
F_y_ini(28,1977)     0.855059  3.29057e-08
F_y_ini(28,1978)      1.05089  2.81093e-08
F_y_ini(28,1979)      1.03437 -1.53532e-07
F_y_ini(28,1980)      1.04061  3.77555e-07
F_y_ini(28,1981)      1.04333 -4.02149e-08
F_y_ini(28,1982)      1.17519  4.52378e-07
F_y_ini(28,1983)      1.10792 -1.18896e-07
F_y_ini(28,1984)      1.26256   8.0144e-07
F_y_ini(28,1985)      1.19329 -8.05272e-07
F_y_ini(28,1986)      1.33176 -9.95758e-07
F_y_ini(28,1987)      1.08375 -3.68651e-07
F_y_ini(28,1988)      1.09833  1.32094e-07
F_y_ini(28,1989)     0.896518 -6.76071e-07
F_y_ini(28,1990)      5.00473 -1.67205e-11
F_y_ini(28,1991)       1.1009  5.11011e-07
F_y_ini(28,1992)      1.09083  2.67105e-07
F_y_ini(28,1993)      1.20782  8.69525e-07
F_y_ini(28,1994)      1.26923  4.32239e-07
F_y_ini(28,1995)      1.19856  2.13236e-07
F_y_ini(28,1996)      1.69245  3.58954e-07
F_y_ini(28,1997)      1.42173  5.84944e-07
F_y_ini(28,1998)      1.46215 -3.21216e-08
F_y_ini(28,1999)      1.30965  6.20858e-07
F_y_ini(28,2000)      1.45724  4.52265e-07
F_y_ini(28,2001)      1.26265 -3.63735e-07
F_y_ini(28,2002)      1.20893 -8.71356e-08
F_y_ini(28,2003)      1.20046 -1.94834e-07
F_y_ini(28,2004)      1.16451 -2.89118e-08
F_y_ini(28,2005)      1.25882  7.74095e-07
F_y_ini(28,2006)      1.04957   3.0368e-07
F_y_ini(28,2007)      1.03716 -7.25282e-07
F_y_ini(28,2008)     0.870797 -6.95065e-07
F_y_ini(28,2009)     0.947626 -9.28959e-07
F_y_ini(28,2010)     0.947007 -3.89399e-07
F_y_ini(28,2011)      0.74095  6.81446e-07
F_y_ini(28,2012)      0.59382  4.42591e-08
F_y_ini(28,2013)     0.511194 -5.03984e-07
F_q_ini[37](2)      3.25113  4.64431e-06
F_q_ini[38](2)    0.0102776 -2.01734e-05
F_q_ini[39](2)      6.55829  2.71992e-05
F_q_ini[40](2)     0.911506 -0.000117486
F_q_ini[43](2)      3.60959 -9.71139e-05
F_q_ini[44](2)      3.35473 -2.94581e-05
F_q_ini[45](2)      3.39588 -3.12076e-05
F_q_ini[46](2)      7.06845 -5.32322e-05
F_q_ini[47](3)    0.0196406  -2.0063e-05
F_q_ini[48](3)     0.031832 -0.000121467
F_q_ini[49](1)    0.0624409 -1.36478e-06
F_q_ini[49](2)    0.0684471  0.000214547
F_q_ini[49](3)     0.215776  0.000143342
F_q_ini[50](1)    0.0408691 -0.000157873
F_q_ini[50](2)    0.0493328  0.000563354
F_q_ini[50](3)     0.184709 -0.000118225
F_q_ini[51](1)      0.17747   3.3451e-05
F_q_ini[51](2)     0.212242  2.06948e-05
F_q_ini[51](3)     0.465598 -2.93902e-06
F_q_ini[52](1)    0.0305133   5.1125e-05
F_q_ini[52](2)    0.0414483 -3.57355e-05
F_q_ini[52](3)    0.0374867 -8.38259e-05
F_q_ini[53](1)    0.0122515  3.45669e-06
F_q_ini[53](2)   0.00309409 -0.000960489
F_q_ini[53](3)    0.0954428  7.49966e-05
F_q_ini[54](1)   0.00443575  8.37404e-05
F_q_ini[54](2)  0.000821723  0.000801166
F_q_ini[54](3)    0.0917057 -0.000565512
qq_ini(1,1)     0.681819  2.01744e-06
qq_ini(2,1)     0.140454  1.07764e-06
qq_ini(2,2)     0.702982  4.51791e-06
qq_ini(2,3)      1.62813  2.27904e-06
qq_ini(3,0)    0.0962324  4.01084e-07
qq_ini(4,0)     0.189207  6.90271e-08
qq_ini(5,0)     0.277052  1.25282e-06
qq_ini(6,1)    0.0677413 -1.25357e-06
qq_ini(6,2)     0.231768  6.25707e-07
qq_ini(6,3)     0.232037 -1.23774e-07
qq_ini(7,1)     0.150955  5.47062e-07
qq_ini(7,2)     0.526969  1.64154e-06
qq_ini(7,3)     0.530849  1.88396e-07
qq_ini(8,0)    0.0690612  2.84955e-07
qq_ini(8,1)     0.459229   1.3289e-07
qq_ini(8,2)     0.416733  3.26695e-08
qq_ini(9,1)     0.203563  1.02736e-06
qq_ini(9,2)     0.563478  1.55455e-06
qq_ini(10,0)     0.108589  1.36818e-06
qq_ini(10,1)     0.427187  2.62508e-06
qq_ini(10,2)     0.511238 -2.69137e-07
qq_ini(11,3)      1.25898  1.83237e-06
qq_ini(11,4)      3.35931 -5.07363e-07
qq_ini(11,5)      3.76565  7.42808e-07
qq_ini(11,6)      1.31385 -7.60921e-07
qq_ini(12,3)     0.816074  2.77378e-07
qq_ini(12,4)      3.34966  -6.9309e-07
qq_ini(12,5)      3.50868  1.48011e-07
qq_ini(12,6)      2.33135  1.79886e-07
qq_ini(13,3)     0.600373  3.29321e-07
qq_ini(13,4)      2.52662 -1.62869e-07
qq_ini(13,5)      4.15343 -6.11602e-08
qq_ini(13,6)      6.48661 -7.98596e-07
qq_ini(14,3)     0.351897 -2.18792e-07
qq_ini(14,4)      1.64856 -2.15177e-06
qq_ini(14,5)      2.65902 -5.79029e-07
qq_ini(14,6)      2.34538 -3.03725e-06
qq_ini(15,3)     0.287596 -1.28197e-06
qq_ini(15,4)     0.365518  -1.3379e-06
qq_ini(16,3)     0.565455 -3.26475e-07
qq_ini(16,4)     0.752726 -2.16688e-07
qq_ini(17,1)     0.624841  4.99414e-07
qq_ini(17,2)     0.734576 -3.67537e-07
qq_ini(17,3)      0.88236 -1.37253e-07
qq_ini(18,1)      1.50434 -1.13871e-07
qq_ini(18,2)     0.779042  3.96568e-07
qq_ini(18,3)     0.468539  3.32294e-06
qq_ini(19,0)     0.324406  5.06004e-06
qq_ini(20,1)      0.53747  3.27445e-06
qq_ini(20,2)     0.800068  1.04243e-05
qq_ini(21,0)      1.41545  2.08109e-06
qq_ini(22,0)     0.477028  1.07148e-05
qq_ini(22,1)     0.786913  8.43183e-07
qq_ini(23,0)     0.028183  6.47095e-06
qq_ini(23,1)     0.218542  1.18635e-06
qq_ini(23,2)     0.355249  4.49463e-06
qq_ini(24,1)     0.791308  3.26706e-06
qq_ini(24,2)     0.692357  7.03276e-06
qq_ini(25,1)      0.31453 -2.29748e-07
qq_ini(25,2)     0.772683 -6.91862e-07
qq_ini(25,3)     0.850665 -3.36244e-06
qq_ini(26,1)     0.815582 -1.23656e-06
qq_ini(26,2)       1.2189  -3.9327e-07
qq_ini(26,3)      1.26044 -4.91332e-07
qq_ini(27,0)      1.05228 -4.89117e-06
qq_ini(27,1)      1.15141 -1.26701e-06
qq_ini(28,1)     0.265279 -3.69668e-07
qq_ini(28,2)     0.762566  2.80248e-08
qq_ini(28,3)      1.65243 -3.90901e-06
qq_ini(29,0)    0.0671047 -2.01059e-06
qq_ini(29,1)     0.841217 -8.27841e-08
qq_ini(29,2)      1.49195  2.42879e-07
qq_ini(29,3)     0.691411 -3.19516e-06
qq_ini(30,0)     0.289007 -2.03629e-06
qq_ini(30,1)      1.60642  2.48987e-08
qq_ini(30,2)      1.10212  1.37809e-07
qq_ini(31,1)     0.545331 -2.46958e-06
qq_ini(31,2)      1.33732 -1.90626e-06
qq_ini(31,3)      1.24508  -1.9487e-07
qq_ini(32,1)      2.58929  3.36172e-07
qq_ini(32,2)      5.95484 -2.00472e-06
qq_ini(32,3)      5.27887 -8.71616e-07
qq_ini(33,1)     0.288277 -1.77167e-07
qq_ini(33,2)      1.10519   1.7604e-08
qq_ini(33,3)      1.57247 -2.14535e-07
qq_ini(34,1)      1.02371  4.45902e-07
qq_ini(34,2)      2.37668  6.85464e-07
qq_ini(34,3)      3.01402  -6.4126e-07
qq_ini(35,1)      1.81547 -8.76985e-08
qq_ini(35,2)      3.23221 -8.02475e-07
qq_ini(36,1)      2.82837 -1.28891e-07
qq_ini(36,2)      2.96455 -6.14696e-09
qq_ini(36,3)      1.43401 -2.16424e-06
qq_ini(36,4)     0.279105 -7.58672e-07
qq_ini(37,1)      1.45595 -1.13829e-06
qq_ini(37,2)      1.27047  -1.1753e-06
qq_ini(37,3)      1.27539  4.28323e-07
qq_ini(37,4)      1.56445 -4.79963e-07
qq_ini(38,1)      2.54671  1.32635e-07
qq_ini(38,2)       1.1393   -3.349e-07
qq_ini(38,3)     0.141508  1.16726e-06
qq_ini(39,2)      2.82325 -6.82552e-07
qq_ini(39,3)      6.81131  1.06253e-06
qq_ini(39,4)      6.04326  4.04978e-09
qq_ini(40,1)       1.4436  3.29568e-07
qq_ini(40,2)      1.30542 -4.93945e-06
qq_ini(40,3)     0.685777   6.6248e-07
qq_ini(40,4)     0.338081 -2.85914e-06
qq_ini(41,1)      2.13141    1.791e-08
qq_ini(41,2)     0.788282 -3.97168e-08
qq_ini(41,3)     0.314491  5.54773e-07
qq_s2_ini(1,1)     0.269672 -1.32659e-07
qq_s2_ini(1,2)     0.121549  4.32378e-07
qq_s2_ini(1,3)     0.506722 -1.49926e-07
qq_s2_ini(2,1)     0.517101   9.7952e-08
qq_s2_ini(2,2)    0.0941424 -1.83893e-07
qq_s2_ini(2,3)     0.114517 -3.09465e-07
qq_s2_ini(3,1)     0.691153  1.68654e-08
qq_s2_ini(4,1)     0.370483 -3.06524e-07
qq_s2_ini(5,1)     0.334952  2.94358e-07
qq_s2_ini(6,1)     0.151406 -1.37714e-07
qq_s2_ini(6,2)     0.187446 -2.13797e-08
qq_s2_ini(7,1)     0.189888  5.56726e-08
qq_s2_ini(7,2)      0.10922  -7.8818e-08
qq_s2_ini(8,1)     0.412651  6.68911e-07
qq_s2_ini(8,2)    0.0893133 -1.19585e-07
qq_s2_ini(9,1)     0.223303 -7.67868e-07
qq_s2_ini(10,1)     0.273806  4.09456e-07
qq_s2_ini(10,2)    0.0571311  2.41408e-07
qq_s2_ini(10,3)     0.365025 -5.15233e-07
qq_s2_ini(11,1)     0.458676  -1.6165e-07
qq_s2_ini(12,1)     0.706688   5.6342e-07
qq_s2_ini(13,1)     0.311883 -1.80268e-07
qq_s2_ini(14,1)     0.144201  3.33553e-07
qq_s2_ini(15,1)     0.459466 -4.82161e-05
qq_s2_ini(15,2)      0.74958   7.1641e-05
qq_s2_ini(16,1)     0.971441  2.64297e-05
qq_s2_ini(16,2)     0.573609   1.7835e-05
qq_s2_ini(17,1)      0.12622  7.02443e-05
qq_s2_ini(17,2)    0.0474089 -3.38311e-05
qq_s2_ini(17,3)     0.090727 -6.73166e-06
qq_s2_ini(18,1)     0.109674  0.000277438
qq_s2_ini(18,2)     0.718791  0.000119581
qq_s2_ini(19,1)     0.171077   0.00026437
qq_s2_ini(20,1)     0.158368  0.000166384
qq_s2_ini(20,2)     0.544129 -0.000228407
qq_s2_ini(21,1)      1.46356 -9.91347e-05
qq_s2_ini(22,1)     0.460453  0.000116381
qq_s2_ini(22,2)     0.677111  0.000171013
qq_s2_ini(23,1)      1.13081  0.000144359
qq_s2_ini(23,2)      1.98546 -0.000199193
qq_s2_ini(24,1)     0.376678  0.000722678
qq_s2_ini(25,1)     0.185953 -0.000297636
qq_s2_ini(25,2)     0.529389  7.00247e-05
qq_s2_ini(26,1)     0.255365  8.17687e-06
qq_s2_ini(27,1)      1.11199   -2.861e-06
qq_s2_ini(27,2)     0.582674 -6.25281e-06
qq_s2_ini(28,1)      0.47514  9.09612e-06
qq_s2_ini(28,2)      1.06389  1.11677e-05
qq_s2_ini(29,1)      1.48336 -1.00662e-05
qq_s2_ini(29,2)     0.318736 -2.48777e-06
qq_s2_ini(29,3)      1.38939  2.61252e-07
qq_s2_ini(30,1)      0.62422 -2.41021e-06
qq_s2_ini(30,2)     0.159045 -1.68486e-05
qq_s2_ini(30,3)     0.494956  1.71967e-06
qq_s2_ini(31,1)     0.277405 -1.14601e-05
qq_s2_ini(31,2)     0.238088 -1.64079e-06
qq_s2_ini(32,1)     0.661519  6.04403e-05
qq_s2_ini(32,2)     0.836036   5.9392e-07
qq_s2_ini(33,1)     0.406019   1.7436e-05
qq_s2_ini(34,1)     0.141704 -1.94521e-05
qq_s2_ini(35,1)     0.607133 -1.38487e-05
qq_s2_ini(36,1)     0.301474  3.89399e-06
qq_s2_ini(36,2)     0.152609 -6.75724e-06
qq_s2_ini(36,3)     0.628507 -3.91287e-05
qq_s2_ini(36,4)      0.37898 -0.000140827
qq_s2_ini(37,1)    0.0716015   0.00188302
qq_s2_ini(37,2)     0.718571   0.00279672
qq_s2_ini(38,1)     0.261503   6.3539e-05
qq_s2_ini(38,2)      1.34667  8.87386e-05
qq_s2_ini(39,1)    0.0687323   8.9424e-05
qq_s2_ini(39,2)     0.159973  5.72526e-05
qq_s2_ini(40,1)     0.285722 -0.000232679
qq_s2_ini(40,2)     0.215853   6.8937e-05
qq_s2_ini(40,3)     0.444857  1.46799e-05
qq_s2_ini(40,4)      1.25218  3.26422e-06
qq_s2_ini(41,1)     0.267355  -2.3978e-05
qq_s2_ini(41,2)     0.329661 -0.000129327
SSB_R_alfa(18)      4.33822  1.63423e-05
SSB_R_alfa(19)      161.153  2.55752e-06
SSB_R_alfa(20)      192.408   2.2846e-05
SSB_R_alfa(21)      2.53259 -3.74691e-05
SSB_R_alfa(22)      73.6815 -0.000696506
SSB_R_alfa(23)      2562.28  0.000150136
SSB_R_alfa(24)       1088.2  2.07695e-05
SSB_R_alfa(25)      1677.88  4.97443e-05
SSB_R_alfa(26)      7.13337  -1.4505e-05
SSB_R_alfa(27)      1.88905  0.000205147
SSB_R_alfa(28)      6.73021  0.000226714
SSB_R_beta_ini(1)      3.58364 -5.40681e-06
SSB_R_beta_ini(2)      1.25454  -1.7511e-05
SSB_R_beta_ini(3)     0.452523  7.98188e-05
SSB_R_beta_ini(4)    0.0829885 -1.70096e-06
SSB_R_beta_ini(5)     0.316513  3.62175e-06
SSB_R_beta_ini(6)      1.95202  5.15464e-05
SSB_R_beta_ini(7)      4.02003  1.98888e-06
SSB_R_beta_ini(8)      2.60444 -0.000109348
SSB_R_s2_ini(18)     0.142674  9.43278e-07
SSB_R_s2_ini(19)     0.104548 -7.08003e-05
SSB_R_s2_ini(20)      0.92074 -3.25553e-05
SSB_R_s2_ini(21)      0.17403  6.03539e-05
SSB_R_s2_ini(22)     0.212787  -4.2807e-05
SSB_R_s2_ini(23)     0.220331 -0.000132125
SSB_R_s2_ini(24)     0.453509  3.05024e-07
SSB_R_s2_ini(25)     0.166213 -9.39565e-06
SSB_R_s2_ini(26)     0.182154  -2.6771e-05
SSB_R_s2_ini(27)     0.131359  0.000231166
SSB_R_s2_ini(28)     0.330801  0.000305651
vulnera(1)      2.11423  4.90712e-05
vulnera(2)     0.698091  0.000128509
vulnera(3)      16.5307  8.09228e-05
vulnera(4)    0.0302135  0.000107158
vulnera(5)    0.0181207  2.74445e-05
vulnera(6)    0.0162053  0.000139978
vulnera(7)    0.0371505 -2.52976e-06
vulnera(8)    0.0808233   -1.749e-06
vulnera(9)      2.12522 -2.43896e-06
vulnera(10)      4.59644  -8.6772e-06
vulnera(11)      1.78519 -1.53472e-05
vulnera(12)      1.94357 -1.11111e-06
vulnera(13)      1.52151 -1.34851e-05
vulnera(14)      3.13919  1.84247e-05
vulnera(15)    0.0353087 -5.85587e-06
vulnera(16)    0.0818465 -1.60963e-06
vulnera(17)    0.0364295  1.07753e-05
vulnera(18)    0.0010538  5.39701e-06
vulnera(19)        0.001 -1.52054e-06
vulnera(20)        0.001   9.3894e-06
vulnera(21)   0.00443056  1.66701e-05
vulnera(22)   0.00441391  2.38817e-05
vulnera(23)      42.1945  1.58797e-05
vulnera(24)       13.452  0.000259402
vulnera(25)      15.9456  4.31452e-06
vulnera(26)     0.809991  -1.9701e-05
vulnera(27)     0.998051 -5.21986e-06
vulnera(28)     0.861743 -1.74649e-07
vulnera(29)      6.64479 -3.79272e-07
vulnera(30)      5.22861  1.07314e-08
vulnera(31)      3.46997 -3.00839e-07
vulnera(32)      3.93529 -1.51668e-06
vulnera(33)    0.0871514 -3.11071e-06
vulnera(34)     0.712882 -2.93942e-08
vulnera(35)     0.632619 -4.52399e-07
vulnera(36)     0.292922   3.5391e-07
vulnera(37)     0.467157  -2.7712e-06
vulnera(38)       17.536  1.59313e-06
vulnera(39)      1.44277  6.68736e-07
vulnera(40)     0.442525  3.11547e-06
vulnera(41)      0.40063 -1.92754e-07
vulnera(42)      5.40162  1.39004e-05
vulnera(43)      2.00608 -3.36954e-06
vulnera(44)      0.64801   3.5601e-06
vulnera(45)     0.535782 -2.65713e-06
vulnera(46)     0.448503 -2.30961e-07
vulnera(47)    0.0616831  2.92039e-08
vulnera(48)      2.81185 -2.42947e-07
vulnera(49)       0.2281 -6.16917e-08
vulnera(50)     0.196848 -2.96404e-07
vulnera(51)    0.0238725 -1.67582e-07
vulnera(52)      1.02211   9.7622e-08
vulnera(53)      51.5155 -2.24957e-08
vulnera(54)      8.06713 -1.57167e-07
vulnera(55)      1.01129  1.00253e-06
vulnera(56)     0.577791 -7.34596e-07
vulnera(57)      1.15823   9.8847e-06
vulnera(58)      6.61322  1.70979e-07
vulnera(59)      1.34854 -2.99049e-07
vulnera(60)      1.42468  2.73336e-07
vulnera(61)     0.256774 -9.55993e-07
vulnera(62)     0.127102 -5.72378e-08
vulnera(63)     0.191704  6.57876e-08
vulnera(64)     0.204347   6.5766e-08
vulnera(65)     0.321287   3.3595e-08
vulnera(66)     0.416594  2.64324e-08
vulnera(67)     0.375675 -3.39042e-08
vulnera(68)     0.347929   -9.915e-08
vulnera(69)     0.557067 -1.50324e-06
vulnera(70)     0.977544  7.81105e-07
vulnera(71)      3.99572   4.9465e-06
vulnera(72)     0.377269  4.18252e-07
vulnera(73)     0.801506  5.97046e-08
vulnera(74)     0.474907 -7.32178e-08
vulnera(75)       2.0876 -2.76063e-07
vulnera(76)      1.75729 -5.83971e-08
vulnera(77)      5.52479  7.77381e-08
vulnera(78)      1.58312  6.52741e-08
vulnera(79)     0.065595  5.35592e-08
vulnera(80)    0.0279392  2.39736e-07
vulnera(81)    0.0608169  3.42683e-07
vulnera(82)      3.12829  1.22231e-06
vulnera(83)     0.371468 -7.43393e-07
vulnera(84)     0.644559 -1.20554e-07
vulnera(85)    0.0134132  1.75504e-07
vulnera(86)      2.79529 -1.34979e-07
vulnera(87)    0.0625821  -5.6389e-07
vulnera(88)      7.63465  1.02793e-06
vulnera(89)      5.25614 -1.46485e-07
vulnera(90)     0.152249  7.93912e-08
vulnera(91)     0.094217 -9.67085e-08
vulnera(92)    0.0727736  8.56905e-08
vulnera(93)    0.0974186  3.65689e-07
vulnera(94)      5.32043 -2.12245e-08
vulnera(95)     0.178906 -1.01623e-08
vulnera(96)     0.735903  3.94478e-08
vulnera(97)       3.7075  3.55784e-07
vulnera(98)      1.22974 -1.76315e-08
vulnera(99)      2.18673 -1.98938e-07
vulnera(100)     0.295197  -1.3938e-07
vulnera(101)     0.191419  1.03146e-06
vulnera(102)     0.115303  2.72833e-08
vulnera(103)     0.564291  2.88157e-07
vulnera(104)     0.543079 -4.00442e-07
vulnera(105)      3.34436 -1.90156e-06
vulnera(106)      1.55205 -6.13353e-06
vulnera(107)       2.3475 -2.64502e-06
vulnera(108)     0.350253 -0.000250378
vulnera(109)     0.144966  4.31971e-06
vulnera(110)    0.0813973 -6.93502e-07
vulnera(111)     0.578388 -2.45603e-06
vulnera(112)     0.678707  9.07873e-08
vulnera(113)      4.93985 -5.43097e-05
vulnera(114)      3.22783  4.13514e-05
vulnera(115)      1.64593   4.4791e-06
vulnera(116)      3.71672 -1.93723e-05
vulnera(117)     0.894531 -0.000164118
vulnera(118)     0.777156   0.00160388
vulnera(119)      3.51801 -0.000496726
init_stl_other_suit_slope(1)    -0.545927  0.000103974
init_stl_other_suit_slope(2)    -0.924451  0.000270927
init_stl_other_suit_slope(3)    -0.503513 -1.68816e-05
init_stl_other_suit_slope(4)    -0.395192 -4.56183e-05
init_stl_other_suit_slope(5)    -0.167777  6.56201e-08
init_stl_other_suit_slope(6)    -0.170286  2.26964e-07
init_season_overlap(1)      1.88064  3.31963e-07
init_season_overlap(2)      2.74034 -3.43349e-06
init_season_overlap(3)      2.38032  1.09661e-07
init_season_overlap(4)      4.33662  3.79205e-08
init_season_overlap(5)      1.49825 -8.83396e-07
init_season_overlap(6)       2.3127  6.39838e-09
init_season_overlap(7)      1.64291  1.13068e-07
