# Cod 2014 maturity
# COD  1974 
0 0.0081 0.0479 0.2238 0.615 0.8433 1 1 1 1 1
0 0.0081 0.0479 0.2238 0.615 0.8433 1 1 1 1 1
0 0.0081 0.0479 0.2238 0.615 0.8433 1 1 1 1 1
0 0.0081 0.0479 0.2238 0.615 0.8433 1 1 1 1 1
# COD  1975 
0 0.0073 0.0515 0.2199 0.6028 0.8312 1 1 1 1 1
0 0.0073 0.0515 0.2199 0.6028 0.8312 1 1 1 1 1
0 0.0073 0.0515 0.2199 0.6028 0.8312 1 1 1 1 1
0 0.0073 0.0515 0.2199 0.6028 0.8312 1 1 1 1 1
# COD  1976 
0 0.0065 0.0551 0.2168 0.591 0.8197 1 1 1 1 1
0 0.0065 0.0551 0.2168 0.591 0.8197 1 1 1 1 1
0 0.0065 0.0551 0.2168 0.591 0.8197 1 1 1 1 1
0 0.0065 0.0551 0.2168 0.591 0.8197 1 1 1 1 1
# COD  1977 
0 0.0057 0.0586 0.2149 0.5797 0.8091 1 1 1 1 1
0 0.0057 0.0586 0.2149 0.5797 0.8091 1 1 1 1 1
0 0.0057 0.0586 0.2149 0.5797 0.8091 1 1 1 1 1
0 0.0057 0.0586 0.2149 0.5797 0.8091 1 1 1 1 1
# COD  1978 
0 0.0049 0.0621 0.2146 0.5692 0.7999 1 1 1 1 1
0 0.0049 0.0621 0.2146 0.5692 0.7999 1 1 1 1 1
0 0.0049 0.0621 0.2146 0.5692 0.7999 1 1 1 1 1
0 0.0049 0.0621 0.2146 0.5692 0.7999 1 1 1 1 1
# COD  1979 
0 0.0042 0.0657 0.216 0.5596 0.7923 1 1 1 1 1
0 0.0042 0.0657 0.216 0.5596 0.7923 1 1 1 1 1
0 0.0042 0.0657 0.216 0.5596 0.7923 1 1 1 1 1
0 0.0042 0.0657 0.216 0.5596 0.7923 1 1 1 1 1
# COD  1980 
0 0.0035 0.0693 0.2191 0.5511 0.7866 1 1 1 1 1
0 0.0035 0.0693 0.2191 0.5511 0.7866 1 1 1 1 1
0 0.0035 0.0693 0.2191 0.5511 0.7866 1 1 1 1 1
0 0.0035 0.0693 0.2191 0.5511 0.7866 1 1 1 1 1
# COD  1981 
0 0.0028 0.073 0.2244 0.5443 0.783 1 1 1 1 1
0 0.0028 0.073 0.2244 0.5443 0.783 1 1 1 1 1
0 0.0028 0.073 0.2244 0.5443 0.783 1 1 1 1 1
0 0.0028 0.073 0.2244 0.5443 0.783 1 1 1 1 1
# COD  1982 
0 0.0022 0.077 0.2324 0.5399 0.7818 1 1 1 1 1
0 0.0022 0.077 0.2324 0.5399 0.7818 1 1 1 1 1
0 0.0022 0.077 0.2324 0.5399 0.7818 1 1 1 1 1
0 0.0022 0.077 0.2324 0.5399 0.7818 1 1 1 1 1
# COD  1983 
0 0.0016 0.0813 0.2442 0.539 0.7829 1 1 1 1 1
0 0.0016 0.0813 0.2442 0.539 0.7829 1 1 1 1 1
0 0.0016 0.0813 0.2442 0.539 0.7829 1 1 1 1 1
0 0.0016 0.0813 0.2442 0.539 0.7829 1 1 1 1 1
# COD  1984 
0 0.0011 0.086 0.2604 0.5425 0.7866 1 1 1 1 1
0 0.0011 0.086 0.2604 0.5425 0.7866 1 1 1 1 1
0 0.0011 0.086 0.2604 0.5425 0.7866 1 1 1 1 1
0 0.0011 0.086 0.2604 0.5425 0.7866 1 1 1 1 1
# COD  1985 
0 8e-04 0.0912 0.2817 0.5516 0.7929 1 1 1 1 1
0 8e-04 0.0912 0.2817 0.5516 0.7929 1 1 1 1 1
0 8e-04 0.0912 0.2817 0.5516 0.7929 1 1 1 1 1
0 8e-04 0.0912 0.2817 0.5516 0.7929 1 1 1 1 1
# COD  1986 
0 5e-04 0.097 0.308 0.5666 0.8018 1 1 1 1 1
0 5e-04 0.097 0.308 0.5666 0.8018 1 1 1 1 1
0 5e-04 0.097 0.308 0.5666 0.8018 1 1 1 1 1
0 5e-04 0.097 0.308 0.5666 0.8018 1 1 1 1 1
# COD  1987 
0 3e-04 0.1033 0.3383 0.5875 0.813 1 1 1 1 1
0 3e-04 0.1033 0.3383 0.5875 0.813 1 1 1 1 1
0 3e-04 0.1033 0.3383 0.5875 0.813 1 1 1 1 1
0 3e-04 0.1033 0.3383 0.5875 0.813 1 1 1 1 1
# COD  1988 
0 3e-04 0.1102 0.3707 0.6135 0.8261 1 1 1 1 1
0 3e-04 0.1102 0.3707 0.6135 0.8261 1 1 1 1 1
0 3e-04 0.1102 0.3707 0.6135 0.8261 1 1 1 1 1
0 3e-04 0.1102 0.3707 0.6135 0.8261 1 1 1 1 1
# COD  1989 
0 3e-04 0.1175 0.4028 0.643 0.8407 1 1 1 1 1
0 3e-04 0.1175 0.4028 0.643 0.8407 1 1 1 1 1
0 3e-04 0.1175 0.4028 0.643 0.8407 1 1 1 1 1
0 3e-04 0.1175 0.4028 0.643 0.8407 1 1 1 1 1
# COD  1990 
0 5e-04 0.1254 0.4319 0.6739 0.856 1 1 1 1 1
0 5e-04 0.1254 0.4319 0.6739 0.856 1 1 1 1 1
0 5e-04 0.1254 0.4319 0.6739 0.856 1 1 1 1 1
0 5e-04 0.1254 0.4319 0.6739 0.856 1 1 1 1 1
# COD  1991 
0 8e-04 0.1337 0.4557 0.7041 0.8715 1 1 1 1 1
0 8e-04 0.1337 0.4557 0.7041 0.8715 1 1 1 1 1
0 8e-04 0.1337 0.4557 0.7041 0.8715 1 1 1 1 1
0 8e-04 0.1337 0.4557 0.7041 0.8715 1 1 1 1 1
# COD  1992 
0 0.0013 0.1424 0.4731 0.7315 0.8863 1 1 1 1 1
0 0.0013 0.1424 0.4731 0.7315 0.8863 1 1 1 1 1
0 0.0013 0.1424 0.4731 0.7315 0.8863 1 1 1 1 1
0 0.0013 0.1424 0.4731 0.7315 0.8863 1 1 1 1 1
# COD  1993 
0 0.002 0.1515 0.4841 0.7546 0.8999 1 1 1 1 1
0 0.002 0.1515 0.4841 0.7546 0.8999 1 1 1 1 1
0 0.002 0.1515 0.4841 0.7546 0.8999 1 1 1 1 1
0 0.002 0.1515 0.4841 0.7546 0.8999 1 1 1 1 1
# COD  1994 
0 0.0028 0.1612 0.4899 0.7726 0.9119 1 1 1 1 1
0 0.0028 0.1612 0.4899 0.7726 0.9119 1 1 1 1 1
0 0.0028 0.1612 0.4899 0.7726 0.9119 1 1 1 1 1
0 0.0028 0.1612 0.4899 0.7726 0.9119 1 1 1 1 1
# COD  1995 
0 0.0038 0.1712 0.4928 0.7852 0.922 1 1 1 1 1
0 0.0038 0.1712 0.4928 0.7852 0.922 1 1 1 1 1
0 0.0038 0.1712 0.4928 0.7852 0.922 1 1 1 1 1
0 0.0038 0.1712 0.4928 0.7852 0.922 1 1 1 1 1
# COD  1996 
0 0.005 0.1818 0.4956 0.7932 0.9301 1 1 1 1 1
0 0.005 0.1818 0.4956 0.7932 0.9301 1 1 1 1 1
0 0.005 0.1818 0.4956 0.7932 0.9301 1 1 1 1 1
0 0.005 0.1818 0.4956 0.7932 0.9301 1 1 1 1 1
# COD  1997 
0 0.0064 0.1928 0.5009 0.7974 0.9361 1 1 1 1 1
0 0.0064 0.1928 0.5009 0.7974 0.9361 1 1 1 1 1
0 0.0064 0.1928 0.5009 0.7974 0.9361 1 1 1 1 1
0 0.0064 0.1928 0.5009 0.7974 0.9361 1 1 1 1 1
# COD  1998 
0 0.008 0.2041 0.5106 0.799 0.9403 1 1 1 1 1
0 0.008 0.2041 0.5106 0.799 0.9403 1 1 1 1 1
0 0.008 0.2041 0.5106 0.799 0.9403 1 1 1 1 1
0 0.008 0.2041 0.5106 0.799 0.9403 1 1 1 1 1
# COD  1999 
0 0.0098 0.2157 0.5257 0.7993 0.9428 1 1 1 1 1
0 0.0098 0.2157 0.5257 0.7993 0.9428 1 1 1 1 1
0 0.0098 0.2157 0.5257 0.7993 0.9428 1 1 1 1 1
0 0.0098 0.2157 0.5257 0.7993 0.9428 1 1 1 1 1
# COD  2000 
0 0.0118 0.2273 0.5459 0.7992 0.944 1 1 1 1 1
0 0.0118 0.2273 0.5459 0.7992 0.944 1 1 1 1 1
0 0.0118 0.2273 0.5459 0.7992 0.944 1 1 1 1 1
0 0.0118 0.2273 0.5459 0.7992 0.944 1 1 1 1 1
# COD  2001 
0 0.0141 0.2389 0.5699 0.7995 0.944 1 1 1 1 1
0 0.0141 0.2389 0.5699 0.7995 0.944 1 1 1 1 1
0 0.0141 0.2389 0.5699 0.7995 0.944 1 1 1 1 1
0 0.0141 0.2389 0.5699 0.7995 0.944 1 1 1 1 1
# COD  2002 
0 0.0165 0.2501 0.5959 0.8008 0.9432 1 1 1 1 1
0 0.0165 0.2501 0.5959 0.8008 0.9432 1 1 1 1 1
0 0.0165 0.2501 0.5959 0.8008 0.9432 1 1 1 1 1
0 0.0165 0.2501 0.5959 0.8008 0.9432 1 1 1 1 1
# COD  2003 
0 0.0192 0.2609 0.6219 0.8034 0.942 1 1 1 1 1
0 0.0192 0.2609 0.6219 0.8034 0.942 1 1 1 1 1
0 0.0192 0.2609 0.6219 0.8034 0.942 1 1 1 1 1
0 0.0192 0.2609 0.6219 0.8034 0.942 1 1 1 1 1
# COD  2004 
0 0.0221 0.2711 0.6457 0.8074 0.9405 1 1 1 1 1
0 0.0221 0.2711 0.6457 0.8074 0.9405 1 1 1 1 1
0 0.0221 0.2711 0.6457 0.8074 0.9405 1 1 1 1 1
0 0.0221 0.2711 0.6457 0.8074 0.9405 1 1 1 1 1
# COD  2005 
0 0.0251 0.2807 0.6656 0.8128 0.9388 1 1 1 1 1
0 0.0251 0.2807 0.6656 0.8128 0.9388 1 1 1 1 1
0 0.0251 0.2807 0.6656 0.8128 0.9388 1 1 1 1 1
0 0.0251 0.2807 0.6656 0.8128 0.9388 1 1 1 1 1
# COD  2006 
0 0.0284 0.2895 0.6803 0.8193 0.9371 1 1 1 1 1
0 0.0284 0.2895 0.6803 0.8193 0.9371 1 1 1 1 1
0 0.0284 0.2895 0.6803 0.8193 0.9371 1 1 1 1 1
0 0.0284 0.2895 0.6803 0.8193 0.9371 1 1 1 1 1
# COD  2007 
0 0.0319 0.2975 0.6886 0.8266 0.9353 1 1 1 1 1
0 0.0319 0.2975 0.6886 0.8266 0.9353 1 1 1 1 1
0 0.0319 0.2975 0.6886 0.8266 0.9353 1 1 1 1 1
0 0.0319 0.2975 0.6886 0.8266 0.9353 1 1 1 1 1
# COD  2008 
0 0.0355 0.3049 0.6898 0.8342 0.9333 1 1 1 1 1
0 0.0355 0.3049 0.6898 0.8342 0.9333 1 1 1 1 1
0 0.0355 0.3049 0.6898 0.8342 0.9333 1 1 1 1 1
0 0.0355 0.3049 0.6898 0.8342 0.9333 1 1 1 1 1
# COD  2009 
0 0.0393 0.3116 0.6835 0.8415 0.9308 1 1 1 1 1
0 0.0393 0.3116 0.6835 0.8415 0.9308 1 1 1 1 1
0 0.0393 0.3116 0.6835 0.8415 0.9308 1 1 1 1 1
0 0.0393 0.3116 0.6835 0.8415 0.9308 1 1 1 1 1
# COD  2010 
0 0.0431 0.3177 0.6697 0.8479 0.9277 1 1 1 1 1
0 0.0431 0.3177 0.6697 0.8479 0.9277 1 1 1 1 1
0 0.0431 0.3177 0.6697 0.8479 0.9277 1 1 1 1 1
0 0.0431 0.3177 0.6697 0.8479 0.9277 1 1 1 1 1
# COD  2011 
0 0.047 0.3234 0.6489 0.8531 0.924 1 1 1 1 1
0 0.047 0.3234 0.6489 0.8531 0.924 1 1 1 1 1
0 0.047 0.3234 0.6489 0.8531 0.924 1 1 1 1 1
0 0.047 0.3234 0.6489 0.8531 0.924 1 1 1 1 1
# COD  2012 
0 0.0508 0.3288 0.6219 0.8569 0.9194 1 1 1 1 1
0 0.0508 0.3288 0.6219 0.8569 0.9194 1 1 1 1 1
0 0.0508 0.3288 0.6219 0.8569 0.9194 1 1 1 1 1
0 0.0508 0.3288 0.6219 0.8569 0.9194 1 1 1 1 1
# COD  2013 
0 0.0547 0.334 0.5903 0.8594 0.9143 1 1 1 1 1
0 0.0547 0.334 0.5903 0.8594 0.9143 1 1 1 1 1
0 0.0547 0.334 0.5903 0.8594 0.9143 1 1 1 1 1
0 0.0547 0.334 0.5903 0.8594 0.9143 1 1 1 1 1
