################################################
# Catch at age by area (for testing only))
##### Quarter:1
# area:1
 0 219.993 2581.639 1197.418 1016.936 351.150 112.012 37.878 32.545 5.094 3.697  # Cod        
 0 2412.828 6366.200 11558.275 6371.974 3398.312 1926.203 428.298 314.535  0  0  # Whiting    
 0 1078.698 1117.853 1802.379 13677.868 992.015 640.850 502.193 1356.514 58.174 132.381  # Haddock    
 0 0.000 0.000 701.777 5860.056 3137.343 3090.731 773.440 439.222 327.695 490.063  # Saithe     
 0 116828.331 99162.870 141451.475 147542.982 88173.158 60581.410 80820.194  0  0  0  # Herring    
 0 0.000 0.000 0.000 0.000  0  0  0  0  0  0  # N. sandeel 
 0 0.000 0.000 0.000 0.000  0  0  0  0  0  0  # S. sandeel 
 0 299453.512 36666.245 5490.743  0  0  0  0  0  0  0  # Nor. pout  
 0 76528.857 25106.131 5387.321  0  0  0  0  0  0  0  # Sprat      
 0 15548.428 43254.072 57616.523 30367.933 15181.426 8581.718 4960.310 1646.714 882.217 1278.698  # Plaice     
 0 0.000 718.185 6242.830 6160.714 2137.696 762.804 356.425 659.264 85.183 163.330  # Sole       
##### Quarter:2
# area:1
 0 641.877 2919.178 1000.889 874.235 282.999 90.477 30.778 26.444 4.139 3.004  # Cod        
 0 4153.405 5138.157 6015.495 3272.982 1740.035 981.705 216.546 158.040  0  0  # Whiting    
 0 1476.927 961.153 1624.410 12458.090 906.223 603.233 476.599 1298.770 55.728 126.785  # Haddock    
 0 0.000 0.000 1852.250 3871.153 1988.332 1982.818 493.053 280.878 209.557 313.390  # Saithe     
 0 78132.665 72504.953 103369.470 107656.895 63825.304 43852.653 59118.645  0  0  0  # Herring    
 0 7999790.884 485415.568 224404.566 1299171.952  0  0  0  0  0  0  # N. sandeel 
 0 16473227.849 3746515.954 1172016.031 4689495.885  0  0  0  0  0  0  # S. sandeel 
 0 240414.385 30624.405 5260.457  0  0  0  0  0  0  0  # Nor. pout  
 0 11155.578 3808.684 835.557  0  0  0  0  0  0  0  # Sprat      
 0 11645.643 35443.029 46961.173 24599.961 12313.020 6983.511 4075.400 1352.943 724.831 1050.581  # Plaice     
 0 0.000 633.130 5307.538 5164.160 1788.829 642.044 302.228 559.019 72.230 138.495  # Sole       
##### Quarter:3
# area:1
0.000 2178.320 1947.882 624.805 549.118 150.354 48.154 16.456 14.139 2.213 1.606  # Cod        
9453.939 2456.322 3182.242 3857.315 2079.603 1139.373 617.698 140.544 98.888  0  0  # Whiting    
747.685 1760.935 711.809 1238.783 9456.216 689.839 476.532 380.369 1042.757 44.756 101.809  # Haddock    
0.000 0.000 0.000 2440.784 3435.126 1702.525 1715.695 424.309 242.371 180.828 270.427  # Saithe     
763896.638 143975.933 138176.320 196184.862 201763.869 118200.296 81212.250 110212.657  0  0  0  # Herring    
0.000 0.000 0.000 0.000 0.000  0  0  0  0  0  0  # N. sandeel 
78687.054 1558409.844 149172.590 49268.840 197135.548  0  0  0  0  0  0  # S. sandeel 
17287.198 622527.426 79072.770 3423.041  0  0  0  0  0  0  0  # Nor. pout  
0.000 870553.260 335239.850 73684.300  0  0  0  0  0  0  0  # Sprat      
0.000 13552.956 30066.193 39647.326 20654.440 10349.544 5887.462 3465.418 1150.443 616.342 893.336  # Plaice     
0.000 0.000 567.667 4600.896 4418.076 1527.947 551.389 261.348 483.405 62.460 119.762  # Sole       
##### Quarter:4
# area:1
0.000 3586.725 1091.121 357.526 315.534 82.557 26.468 9.070 7.793 1.220 0.885  # Cod        
466.067 2687.617 3492.880 3601.987 1925.621 1135.688 566.837 138.956 90.281  0  0  # Whiting    
558.664 1155.211 455.520 805.139 6122.507 447.693 321.340 260.428 716.791 30.765 69.984  # Haddock    
0.000 0.000 0.000 1258.208 1759.492 847.623 861.343 212.095 121.413 90.584 135.467  # Saithe     
141381.546 108694.633 103364.035 144128.439 145431.264 83773.709 57810.464 78578.679  0  0  0  # Herring    
0.000 0.000 0.000 0.000 0.000  0  0  0  0  0  0  # N. sandeel 
0.000 0.000 0.000 0.000 0.000  0  0  0  0  0  0  # S. sandeel 
140925.984 595678.241 74222.155 16527.390  0  0  0  0  0  0  0  # Nor. pout  
0.000 1410475.267 630955.670 139033.280  0  0  0  0  0  0  0  # Sprat      
0.000 32442.624 24597.839 32298.348 16743.210 8397.952 4790.048 2841.198 943.215 505.322 732.421  # Plaice     
0.000 0.000 497.556 3908.429 3707.589 1280.333 464.360 221.509 409.716 52.939 101.505  # Sole       
