################################################
# Food ration (consumption) per individual 
##### Quarter:1
## area:1
 0  34.420 0  0  0  0  0  0  0  0  0  # Fulmar     
 0  32.456 0  0  0  0  0  0  0  0  0  # Guillemot  
 0  28.550 0  0  0  0  0  0  0  0  0  # Her. Gull  
 0  21.865 0  0  0  0  0  0  0  0  0  # Kittiwake  
 0  42.956 0  0  0  0  0  0  0  0  0  # GBB. Gull  
 0  84.200 0  0  0  0  0  0  0  0  0  # Gannet     
 0  14.950 0  0  0  0  0  0  0  0  0  # Puffin     
 0  20.116 0  0  0  0  0  0  0  0  0  # Razorbill  
 0  0.036 0.063 0.148 0  0  0  0  0  0  0  # R. radiata 
 0  0.028 0.035 0.062 0.197 0  0  0  0  0  0  # G. gurnards
 0  0.000 0.071 0.087 0.102 0.113 0.130 0  0  0  0  # W. mackerel
 0  0.034 0.094 0.117 0.128 0.143 0.167 0  0  0  0  # N. mackerel
 0  0.000 0.000 0  0  0  0  0  0  0  0  # W.horse mac
 0  0.000 0.000 0.000 0  0  0  0  0  0  0  # N.horse mac
 0  477.855 0  0  0  0  0  0  0  0  0  # Grey seal  
 0  219.000 0  0  0  0  0  0  0  0  0  # H. porpoise
 0  0.029 0.500 1.334 0  0  0  0  0  0  0  # Hake       
 0  0.090 0.656 1.924 3.289 4.714 6.011 6.998 7.625 8.384 8.892 # Cod        
 0  0.044 0.099 0.163 0.192 0.215 0.230 0.253 0.301 0  0  # Whiting    
 0  0.041 0.106 0.188 0.251 0.309 0.371 0.438 0.511 0.601 0.712 # Haddock    
 0  0.000 0.000 0.355 0.534 0.800 1.133 1.552 1.997 2.496 4.071 # Saithe     
##### Quarter:2
## area:1
 0  28.720 0  0  0  0  0  0  0  0  0  # Fulmar     
 0  32.258 0  0  0  0  0  0  0  0  0  # Guillemot  
 0  33.688 0  0  0  0  0  0  0  0  0  # Her. Gull  
 0  20.971 0  0  0  0  0  0  0  0  0  # Kittiwake  
 0  43.412 0  0  0  0  0  0  0  0  0  # GBB. Gull  
 0  89.900 0  0  0  0  0  0  0  0  0  # Gannet     
 0  15.084 0  0  0  0  0  0  0  0  0  # Puffin     
 0  20.916 0  0  0  0  0  0  0  0  0  # Razorbill  
 0  0.035 0.066 0.142 0  0  0  0  0  0  0  # R. radiata 
 0  0.028 0.063 0.130 0.326 0  0  0  0  0  0  # G. gurnards
 0  0.125 0.158 0.194 0.228 0.253 0.290 0  0  0  0  # W. mackerel
 0  0.097 0.184 0.230 0.256 0.265 0.263 0  0  0  0  # N. mackerel
 0  0.183 0.355 0  0  0  0  0  0  0  0  # W.horse mac
 0  0.183 0.355 0.471 0  0  0  0  0  0  0  # N.horse mac
 0  438.480 0  0  0  0  0  0  0  0  0  # Grey seal  
 0  219.000 0  0  0  0  0  0  0  0  0  # H. porpoise
 0  0.094 1.314 4.145 0  0  0  0  0  0  0  # Hake       
 0  0.235 1.019 3.279 5.198 6.770 8.480 10.150 10.532 11.553 12.158 # Cod        
 0  0.066 0.122 0.187 0.216 0.237 0.249 0.277 0.317 0  0  # Whiting    
 0  0.077 0.167 0.279 0.365 0.446 0.529 0.618 0.723 0.850 0.986 # Haddock    
 0  0.000 0.000 1.260 1.733 2.558 3.526 4.769 6.024 7.489 11.457 # Saithe     
##### Quarter:3
## area:1
 0.000 27.091 0  0  0  0  0  0  0  0  0  # Fulmar     
 0.000 32.828 0  0  0  0  0  0  0  0  0  # Guillemot  
 0.000 36.829 0  0  0  0  0  0  0  0  0  # Her. Gull  
 0.000 20.971 0  0  0  0  0  0  0  0  0  # Kittiwake  
 0.000 44.178 0  0  0  0  0  0  0  0  0  # GBB. Gull  
 0.000 89.900 0  0  0  0  0  0  0  0  0  # Gannet     
 0.000 15.084 0  0  0  0  0  0  0  0  0  # Puffin     
 0.000 21.159 0  0  0  0  0  0  0  0  0  # Razorbill  
 0.000 0.042 0.095 0.184 0  0  0  0  0  0  0  # R. radiata 
 0.000 0.028 0.090 0.179 0.383 0  0  0  0  0  0  # G. gurnards
 0.000 0.194 0.245 0.301 0.355 0.392 0.450 0  0  0  0  # W. mackerel
 0.000 0.289 0.352 0.382 0.384 0.325 0.359 0  0  0  0  # N. mackerel
 0.000 0.119 0.334 0  0  0  0  0  0  0  0  # W.horse mac
 0.000 0.119 0.334 0.686 0  0  0  0  0  0  0  # N.horse mac
 0.000 382.284 0  0  0  0  0  0  0  0  0  # Grey seal  
 0.000 219.000 0  0  0  0  0  0  0  0  0  # H. porpoise
 0.000 0.070 0.844 3.532 0  0  0  0  0  0  0  # Hake       
 0.020 0.420 1.214 3.703 5.904 7.758 8.775 11.137 10.987 11.939 12.471 # Cod        
 0.021 0.116 0.194 0.294 0.331 0.366 0.376 0.418 0.480 0  0  # Whiting    
 0.021 0.133 0.256 0.406 0.523 0.630 0.738 0.862 1.012 1.167 1.409 # Haddock    
 0.000 0.000 0.000 0.761 0.997 1.505 2.011 2.682 3.346 4.131 6.373 # Saithe     
##### Quarter:4
## area:1
 0.000 34.420 0  0  0  0  0  0  0  0  0  # Fulmar     
 0.000 32.148 0  0  0  0  0  0  0  0  0  # Guillemot  
 0.000 62.300 0  0  0  0  0  0  0  0  0  # Her. Gull  
 0.000 21.865 0  0  0  0  0  0  0  0  0  # Kittiwake  
 0.000 48.950 0  0  0  0  0  0  0  0  0  # GBB. Gull  
 0.000 84.200 0  0  0  0  0  0  0  0  0  # Gannet     
 0.000 14.950 0  0  0  0  0  0  0  0  0  # Puffin     
 0.000 20.116 0  0  0  0  0  0  0  0  0  # Razorbill  
 0.000 0.059 0.125 0.306 0  0  0  0  0  0  0  # R. radiata 
 0.000 0.028 0.053 0.118 0.264 0  0  0  0  0  0  # G. gurnards
 0.000 0.124 0.157 0.193 0.227 0.252 0.289 0  0  0  0  # W. mackerel
 0.000 0.221 0.253 0.262 0.228 0.263 0.281 0  0  0  0  # N. mackerel
 0.000 0.191 0.337 0  0  0  0  0  0  0  0  # W.horse mac
 0.000 0.191 0.337 0.503 0  0  0  0  0  0  0  # N.horse mac
 0.000 708.882 0  0  0  0  0  0  0  0  0  # Grey seal  
 0.000 219.000 0  0  0  0  0  0  0  0  0  # H. porpoise
 0.000 0.089 1.037 3.843 0  0  0  0  0  0  0  # Hake       
 0.069 0.714 1.758 4.736 7.216 9.520 10.231 12.672 12.671 13.656 14.336 # Cod        
 0.036 0.116 0.179 0.266 0.292 0.317 0.329 0.361 0.427 0  0  # Whiting    
 0.048 0.137 0.289 0.433 0.549 0.653 0.755 0.891 1.038 1.172 1.420 # Haddock    
 0.000 0.000 0.000 1.012 1.306 1.897 2.535 3.302 4.085 5.032 7.745 # Saithe     
