################################################
# F at age
##### Quarter:1
 0  0.0009 0.0406 0.0931 0.0858 0.0953 0.0929 0.0868 0.0868 0.0868 0.0868 # Cod        
 0  0.0043 0.0220 0.0472 0.0630 0.0743 0.0799 0.0895 0.0895 0  0  # Whiting    
 0  0.0033 0.0290 0.0458 0.0505 0.0476 0.0437 0.0433 0.0433 0.0433 0.0433 # Haddock    
 0  0.0000 0.0000 0.0113 0.1003 0.1472 0.1334 0.1406 0.1371 0.1371 0.1371 # Saithe     
 0  0.0132 0.0259 0.0395 0.0517 0.0638 0.0638 0.0638 0  0  0  # Herring    
 0  0.0000 0.0000 0.0000 0.0000 0  0  0  0  0  0  # N. sandeel 
 0  0.0000 0.0000 0.0000 0.0000 0  0  0  0  0  0  # S. sandeel 
 0  0.0056 0.0129 0.0097 0  0  0  0  0  0  0  # Nor. pout  
 0  0.0033 0.0061 0.0061 0  0  0  0  0  0  0  # Sprat      
 0  0.0113 0.0545 0.0602 0.0667 0.0654 0.0619 0.0517 0.0517 0.0517 0.0517 # Plaice     
 0  0.0000 0.0227 0.0603 0.0750 0.0768 0.0707 0.0631 0.0631 0.0631 0.0631 # Sole       
##### Quarter:2
 0  0.0038 0.0649 0.0916 0.0844 0.0885 0.0863 0.0806 0.0806 0.0806 0.0806 # Cod        
 0  0.0115 0.0230 0.0305 0.0408 0.0481 0.0517 0.0579 0.0579 0  0  # Whiting    
 0  0.0067 0.0305 0.0482 0.0531 0.0501 0.0460 0.0455 0.0455 0.0455 0.0455 # Haddock    
 0  0.0000 0.0000 0.0319 0.0761 0.1117 0.1012 0.1067 0.1040 0.1040 0.1040 # Saithe     
 0  0.0109 0.0215 0.0327 0.0429 0.0529 0.0529 0.0529 0  0  0  # Herring    
 0  0.2454 0.2042 0.1716 0.1716 0  0  0  0  0  0  # N. sandeel 
 0  0.2203 0.5518 0.5526 0.5526 0  0  0  0  0  0  # S. sandeel 
 0  0.0068 0.0156 0.0131 0  0  0  0  0  0  0  # Nor. pout  
 0  0.0006 0.0011 0.0011 0  0  0  0  0  0  0  # Sprat      
 0  0.0088 0.0482 0.0532 0.0590 0.0579 0.0547 0.0458 0.0458 0.0458 0.0458 # Plaice     
 0  0.0000 0.0209 0.0557 0.0693 0.0709 0.0654 0.0583 0.0583 0.0583 0.0583 # Sole       
##### Quarter:3
 0.0000 0.0183 0.0604 0.0650 0.0599 0.0531 0.0518 0.0484 0.0484 0.0484 0.0484 # Cod        
 0.0015 0.0093 0.0180 0.0238 0.0317 0.0374 0.0402 0.0451 0.0451 0  0  # Whiting    
 0.0009 0.0110 0.0269 0.0425 0.0468 0.0442 0.0406 0.0401 0.0401 0.0401 0.0401 # Haddock    
 0.0000 0.0000 0.0000 0.0459 0.0767 0.1125 0.1019 0.1074 0.1047 0.1047 0.1047 # Saithe     
 0.0399 0.0237 0.0464 0.0707 0.0927 0.1144 0.1144 0.1144 0  0  0  # Herring    
 0.0000 0.0000 0.0000 0.0000 0.0000 0  0  0  0  0  0  # N. sandeel 
 0.0001 0.0328 0.0390 0.0391 0.0391 0  0  0  0  0  0  # S. sandeel 
 0.0002 0.0254 0.0585 0.0119 0  0  0  0  0  0  0  # Nor. pout  
 0.0000 0.0680 0.1257 0.1257 0  0  0  0  0  0  0  # Sprat      
 0.0000 0.0106 0.0439 0.0485 0.0537 0.0527 0.0499 0.0417 0.0417 0.0417 0.0417 # Plaice     
 0.0000 0.0000 0.0196 0.0523 0.0650 0.0666 0.0613 0.0547 0.0547 0.0547 0.0547 # Sole       
##### Quarter:4
 0.0000 0.0431 0.0457 0.0413 0.0380 0.0320 0.0312 0.0291 0.0291 0.0291 0.0291 # Cod        
 0.0002 0.0132 0.0247 0.0269 0.0359 0.0423 0.0455 0.0510 0.0510 0  0  # Whiting    
 0.0011 0.0095 0.0201 0.0318 0.0351 0.0330 0.0304 0.0300 0.0300 0.0300 0.0300 # Haddock    
 0.0000 0.0000 0.0000 0.0258 0.0439 0.0643 0.0583 0.0615 0.0599 0.0599 0.0599 # Saithe     
 0.0112 0.0201 0.0394 0.0601 0.0789 0.0973 0.0973 0.0973 0  0  0  # Herring    
 0.0000 0.0000 0.0000 0.0000 0.0000 0  0  0  0  0  0  # N. sandeel 
 0.0000 0.0000 0.0000 0.0000 0.0000 0  0  0  0  0  0  # S. sandeel 
 0.0034 0.0344 0.0792 0.0792 0  0  0  0  0  0  0  # Nor. pout  
 0.0000 0.1853 0.3425 0.3425 0  0  0  0  0  0  0  # Sprat      
 0.0000 0.0264 0.0384 0.0424 0.0470 0.0461 0.0436 0.0364 0.0364 0.0364 0.0364 # Plaice     
 0.0000 0.0000 0.0180 0.0479 0.0595 0.0609 0.0561 0.0500 0.0500 0.0500 0.0500 # Sole       
