################################################
# Natural mortality (M)
##### Quarter:1
 0  0.2000 0.0875 0.0625 0.0500 0.0500 0.0500 0.0500 0.0500 0.0500 0.0500 # Cod        
 0  0.2375 0.1125 0.0875 0.0750 0.0625 0.0625 0.0500 0.0500 0  0  # Whiting    
 0  0.4125 0.1000 0.0625 0.0625 0.0500 0.0500 0.0500 0.0500 0.0500 0.0500 # Haddock    
 0  0.0500 0.0500 0.0500 0.0500 0.0500 0.0500 0.0500 0.0500 0.0500 0.0500 # Saithe     
 0  0.2500 0.0750 0.0500 0.0250 0.0250 0.0250 0.0250 0  0  0  # Herring    
 0  0.2300 0.2200 0.1550 0.1400 0  0  0  0  0  0  # N. sandeel 
 0  0.2300 0.2200 0.1550 0.1400 0  0  0  0  0  0  # S. sandeel 
 0  0.2900 0.3900 0.4400 0  0  0  0  0  0  0  # Nor. pout  
 0  0.2557 0.2215 0.2215 0  0  0  0  0  0  0  # Sprat      
 0  0.0250 0.0250 0.0250 0.0250 0.0250 0.0250 0.0250 0.0250 0.0250 0.0250 # Plaice     
 0  0.0250 0.0250 0.0250 0.0250 0.0250 0.0250 0.0250 0.0250 0.0250 0.0250 # Sole       
##### Quarter:2
 0  0.2000 0.0875 0.0625 0.0500 0.0500 0.0500 0.0500 0.0500 0.0500 0.0500 # Cod        
 0  0.2375 0.1125 0.0875 0.0750 0.0625 0.0625 0.0500 0.0500 0  0  # Whiting    
 0  0.4125 0.1000 0.0625 0.0625 0.0500 0.0500 0.0500 0.0500 0.0500 0.0500 # Haddock    
 0  0.0500 0.0500 0.0500 0.0500 0.0500 0.0500 0.0500 0.0500 0.0500 0.0500 # Saithe     
 0  0.2500 0.0750 0.0500 0.0250 0.0250 0.0250 0.0250 0  0  0  # Herring    
 0  0.2300 0.2200 0.1550 0.1400 0  0  0  0  0  0  # N. sandeel 
 0  0.2300 0.2200 0.1550 0.1400 0  0  0  0  0  0  # S. sandeel 
 0  0.2900 0.3900 0.4400 0  0  0  0  0  0  0  # Nor. pout  
 0  0.2994 0.1526 0.1526 0  0  0  0  0  0  0  # Sprat      
 0  0.0250 0.0250 0.0250 0.0250 0.0250 0.0250 0.0250 0.0250 0.0250 0.0250 # Plaice     
 0  0.0250 0.0250 0.0250 0.0250 0.0250 0.0250 0.0250 0.0250 0.0250 0.0250 # Sole       
##### Quarter:3
 0.6750 0.2000 0.0875 0.0625 0.0500 0.0500 0.0500 0.0500 0.0500 0.0500 0.0500 # Cod        
 0.6375 0.2375 0.1125 0.0875 0.0750 0.0625 0.0625 0.0500 0.0500 0  0  # Whiting    
 0.5125 0.4125 0.1000 0.0625 0.0625 0.0500 0.0500 0.0500 0.0500 0.0500 0.0500 # Haddock    
 0.0500 0.0500 0.0500 0.0500 0.0500 0.0500 0.0500 0.0500 0.0500 0.0500 0.0500 # Saithe     
 0.5000 0.2500 0.0750 0.0500 0.0250 0.0250 0.0250 0.0250 0  0  0  # Herring    
 0.4800 0.2900 0.2100 0.1850 0.1800 0  0  0  0  0  0  # N. sandeel 
 0.4800 0.2900 0.2100 0.1850 0.1800 0  0  0  0  0  0  # S. sandeel 
 0.2900 0.2900 0.3900 0.4400 0  0  0  0  0  0  0  # Nor. pout  
 0.2774 0.5641 0.4492 0.1202 0  0  0  0  0  0  0  # Sprat      
 0.0250 0.0250 0.0250 0.0250 0.0250 0.0250 0.0250 0.0250 0.0250 0.0250 0.0250 # Plaice     
 0.0250 0.0250 0.0250 0.0250 0.0250 0.0250 0.0250 0.0250 0.0250 0.0250 0.0250 # Sole       
##### Quarter:4
 0.6750 0.2000 0.0875 0.0625 0.0500 0.0500 0.0500 0.0500 0.0500 0.0500 0.0500 # Cod        
 0.6375 0.2375 0.1125 0.0875 0.0750 0.0625 0.0625 0.0500 0.0500 0  0  # Whiting    
 0.5125 0.4125 0.1000 0.0625 0.0625 0.0500 0.0500 0.0500 0.0500 0.0500 0.0500 # Haddock    
 0.0500 0.0500 0.0500 0.0500 0.0500 0.0500 0.0500 0.0500 0.0500 0.0500 0.0500 # Saithe     
 0.5000 0.2500 0.0750 0.0500 0.0250 0.0250 0.0250 0.0250 0  0  0  # Herring    
 0.4800 0.2900 0.2100 0.1850 0.1800 0  0  0  0  0  0  # N. sandeel 
 0.4800 0.2900 0.2100 0.1850 0.1800 0  0  0  0  0  0  # S. sandeel 
 0.2900 0.2900 0.3900 0.4400 0  0  0  0  0  0  0  # Nor. pout  
 0.5808 0.3686 0.3125 0.1190 0  0  0  0  0  0  0  # Sprat      
 0.0250 0.0250 0.0250 0.0250 0.0250 0.0250 0.0250 0.0250 0.0250 0.0250 0.0250 # Plaice     
 0.0250 0.0250 0.0250 0.0250 0.0250 0.0250 0.0250 0.0250 0.0250 0.0250 0.0250 # Sole       
