################################################
# Multispecies Natural mortality (M1+M2)
##### Quarter:1
 0  0.3370 0.2462 0.0881 0.0500 0.0500 0.0500 0.0500 0.0500 0.0500 0.0500 # Cod        
 0  0.4667 0.2075 0.1668 0.1653 0.1565 0.1565 0.1593 0.1646 0  0  # Whiting    
 0  0.3864 0.1422 0.0847 0.0708 0.0677 0.0611 0.0558 0.0517 0.0506 0.0502 # Haddock    
 0  0.0500 0.0500 0.0500 0.0500 0.0500 0.0500 0.0500 0.0500 0.0500 0.0500 # Saithe     
 0  0.2213 0.0956 0.0878 0.0759 0.0746 0.0733 0.0659 0  0  0  # Herring    
 0  0.2972 0.2187 0.1956 0.1781 0  0  0  0  0  0  # N. sandeel 
 0  0.1668 0.1188 0.0920 0.0919 0  0  0  0  0  0  # S. sandeel 
 0  0.4405 0.3217 0.3077 0  0  0  0  0  0  0  # Nor. pout  
 0  0.1754 0.1569 0.1228 0  0  0  0  0  0  0  # Sprat      
 0  0.0250 0.0250 0.0250 0.0250 0.0250 0.0250 0.0250 0.0250 0.0250 0.0250 # Plaice     
 0  0.0250 0.0250 0.0250 0.0250 0.0250 0.0250 0.0250 0.0250 0.0250 0.0250 # Sole       
##### Quarter:2
 0  0.3170 0.2445 0.0500 0.0500 0.0500 0.0500 0.0500 0.0500 0.0500 0.0500 # Cod        
 0  0.3849 0.2053 0.1646 0.1634 0.1634 0.1613 0.1622 0.1642 0  0  # Whiting    
 0  0.4452 0.1546 0.0778 0.0746 0.0721 0.0598 0.0554 0.0508 0.0505 0.0503 # Haddock    
 0  0.0500 0.0500 0.0500 0.0500 0.0500 0.0500 0.0500 0.0500 0.0500 0.0500 # Saithe     
 0  0.1985 0.1189 0.1024 0.0945 0.0889 0.0819 0.0782 0  0  0  # Herring    
 0  0.4207 0.3580 0.2404 0.2239 0  0  0  0  0  0  # N. sandeel 
 0  0.2662 0.1914 0.1233 0.1225 0  0  0  0  0  0  # S. sandeel 
 0  0.4982 0.4812 0.4463 0  0  0  0  0  0  0  # Nor. pout  
 0  0.2414 0.2071 0.2032 0  0  0  0  0  0  0  # Sprat      
 0  0.0250 0.0250 0.0250 0.0250 0.0250 0.0250 0.0250 0.0250 0.0250 0.0250 # Plaice     
 0  0.0250 0.0250 0.0250 0.0250 0.0250 0.0250 0.0250 0.0250 0.0250 0.0250 # Sole       
##### Quarter:3
 2.6492 0.2375 0.1986 0.0500 0.0500 0.0500 0.0500 0.0500 0.0500 0.0500 0.0500 # Cod        
 0.9616 0.2180 0.1555 0.1378 0.1374 0.1105 0.1297 0.1106 0.1380 0  0  # Whiting    
 0.4408 0.1960 0.0957 0.0690 0.0675 0.0652 0.0568 0.0524 0.0505 0.0504 0.0501 # Haddock    
 0.0500 0.0500 0.0500 0.0500 0.0500 0.0500 0.0500 0.0500 0.0500 0.0500 0.0500 # Saithe     
 0.4928 0.0887 0.0731 0.0644 0.0618 0.0604 0.0604 0.0553 0  0  0  # Herring    
 0.5457 0.2622 0.2023 0.1837 0.1769 0  0  0  0  0  0  # N. sandeel 
 0.3954 0.3531 0.2973 0.2575 0.2556 0  0  0  0  0  0  # S. sandeel 
 0.6043 0.2843 0.2487 0.2364 0  0  0  0  0  0  0  # Nor. pout  
 0.4933 0.3556 0.2192 0.1525 0  0  0  0  0  0  0  # Sprat      
 0.0250 0.0250 0.0250 0.0250 0.0250 0.0250 0.0250 0.0250 0.0250 0.0250 0.0250 # Plaice     
 0.0250 0.0250 0.0250 0.0250 0.0250 0.0250 0.0250 0.0250 0.0250 0.0250 0.0250 # Sole       
##### Quarter:4
 0.5711 0.3066 0.2345 0.0500 0.0500 0.0500 0.0500 0.0500 0.0500 0.0500 0.0500 # Cod        
 1.1828 0.2546 0.1874 0.1566 0.1560 0.1250 0.1477 0.1250 0.1564 0  0  # Whiting    
 0.5823 0.2838 0.1153 0.0836 0.0814 0.0767 0.0616 0.0541 0.0508 0.0505 0.0501 # Haddock    
 0.0500 0.0500 0.0500 0.0500 0.0500 0.0500 0.0500 0.0500 0.0500 0.0500 0.0500 # Saithe     
 0.3189 0.1136 0.0986 0.0940 0.0933 0.0885 0.0839 0.0824 0  0  0  # Herring    
 0.5586 0.2944 0.2593 0.2345 0.2240 0  0  0  0  0  0  # N. sandeel 
 0.3777 0.3640 0.2628 0.2468 0.2456 0  0  0  0  0  0  # S. sandeel 
 0.7878 0.4176 0.3890 0.3438 0  0  0  0  0  0  0  # Nor. pout  
 0.6989 0.3720 0.1918 0.1677 0  0  0  0  0  0  0  # Sprat      
 0.0250 0.0250 0.0250 0.0250 0.0250 0.0250 0.0250 0.0250 0.0250 0.0250 0.0250 # Plaice     
 0.0250 0.0250 0.0250 0.0250 0.0250 0.0250 0.0250 0.0250 0.0250 0.0250 0.0250 # Sole       
