################################################
# Stock numbers at age 1. January, (except for recruits)
  9035416.47 293945.02 66874.03 20419.22 8276.73 7938.31 2477.67 814.76 299.19 257.06 69.44  # Cod        
14028894.26 1456971.07 174887.79 124594.61 120540.18 48049.54 25028.98 11103.96 4105.05  0  0  # Whiting    
3754362.22 394191.62 102300.76 20714.43 23483.39 161631.27 12549.36 10046.81 8307.18 22918.62 3221.33  # Haddock    
198750.95 177873.53 147215.35 122168.24 46927.34 38268.55 12435.03 13983.10 3262.50 1917.57 3570.20  # Saithe     
32045972.08 10824839.48 5059134.91 2445982.46 2213096.08 1687066.12 782373.48 1279896.50  0  0  0  # Herring    
297327008.86 98729383.76 14515991.31 1189395.92 4963986.33  0  0  0  0  0  0  # N. sandeel 
194299068.91 324762189.11 26842990.31 2418630.24 4096161.46  0  0  0  0  0  0  # S. sandeel 
127865859.82 28610950.64 13988740.77 744919.53  0  0  0  0  0  0  0  # Nor. pout  
112778001.94 100674247.56 5554130.37 1734863.65  0  0  0  0  0  0  0  # Sprat      
1058089.60 1006485.95 1197598.93 620222.77 736571.13 343706.89 175902.06 106191.92 75628.16 25106.89 32946.73  # Plaice     
88989.50 80388.51 45142.82 27077.53 78699.93 59682.21 20116.85 7939.09 4261.98 7883.22 2971.62  # Sole       
