################################################
# Stock numbers of other predator
##### Quarter:1
 0  607.8 0  0  0  0  0  0  0  0  0  # Fulmar     
 0  1292.7 0  0  0  0  0  0  0  0  0  # Guillemot  
 0  260.0 0  0  0  0  0  0  0  0  0  # Her. Gull  
 0  574.5 0  0  0  0  0  0  0  0  0  # Kittiwake  
 0  193.2 0  0  0  0  0  0  0  0  0  # GBB. Gull  
 0  105.0 0  0  0  0  0  0  0  0  0  # Gannet     
 0  103.5 0  0  0  0  0  0  0  0  0  # Puffin     
 0  272.7 0  0  0  0  0  0  0  0  0  # Razorbill  
 0  7331.0 12156.0 93473.0 0  0  0  0  0  0  0  # R. radiata 
 0  13603.8 1137370.0 2048949.0 204679.7 0  0  0  0  0  0  # G. gurnards
 0  0.0 402234.8 353103.5 274919.3 210568.5 317187.8 0  0  0  0  # W. mackerel
 0  142904.8 104341.0 91596.2 71315.2 54622.3 82279.8 0  0  0  0  # N. mackerel
 0  20408.0 38067.3 0  0  0  0  0  0  0  0  # W.horse mac
 0  948175.0 446799.0 30434.0 0  0  0  0  0  0  0  # N.horse mac
 0  87.7 0  0  0  0  0  0  0  0  0  # Grey seal  
 0  224.0 0  0  0  0  0  0  0  0  0  # H. porpoise
 0  21649.3 28720.2 5355.5 0  0  0  0  0  0  0  # Hake       
##### Quarter:2
 0  951.2 0  0  0  0  0  0  0  0  0  # Fulmar     
 0  2565.2 0  0  0  0  0  0  0  0  0  # Guillemot  
 0  374.0 0  0  0  0  0  0  0  0  0  # Her. Gull  
 0  617.8 0  0  0  0  0  0  0  0  0  # Kittiwake  
 0  20.0 0  0  0  0  0  0  0  0  0  # GBB. Gull  
 0  380.8 0  0  0  0  0  0  0  0  0  # Gannet     
 0  494.3 0  0  0  0  0  0  0  0  0  # Puffin     
 0  205.5 0  0  0  0  0  0  0  0  0  # Razorbill  
 0  3063.8 6367.3 63126.3 0  0  0  0  0  0  0  # R. radiata 
 0  7580.0 823891.7 1261113.7 98392.3 0  0  0  0  0  0  # G. gurnards
 0  846501.3 383925.3 166163.2 127079.3 96281.7 143463.3 0  0  0  0  # W. mackerel
 0  137240.8 124489.3 107758.2 82412.2 62439.7 93037.2 0  0  0  0  # N. mackerel
 0  0.0 0.0 0  0  0  0  0  0  0  0  # W.horse mac
 0  920094.0 745240.0 286059.0 0  0  0  0  0  0  0  # N.horse mac
 0  87.7 0  0  0  0  0  0  0  0  0  # Grey seal  
 0  224.0 0  0  0  0  0  0  0  0  0  # H. porpoise
 0  21649.3 28720.2 5355.5 0  0  0  0  0  0  0  # Hake       
##### Quarter:3
 0.0 1165.0 0  0  0  0  0  0  0  0  0  # Fulmar     
 0.0 2347.0 0  0  0  0  0  0  0  0  0  # Guillemot  
 0.0 179.5 0  0  0  0  0  0  0  0  0  # Her. Gull  
 0.0 471.5 0  0  0  0  0  0  0  0  0  # Kittiwake  
 0.0 99.7 0  0  0  0  0  0  0  0  0  # GBB. Gull  
 0.0 394.0 0  0  0  0  0  0  0  0  0  # Gannet     
 0.0 448.2 0  0  0  0  0  0  0  0  0  # Puffin     
 0.0 307.3 0  0  0  0  0  0  0  0  0  # Razorbill  
 0.0 4152.7 9745.3 72560.3 0  0  0  0  0  0  0  # R. radiata 
 0.0 3830.7 921502.3 1719727.3 153349.7 0  0  0  0  0  0  # G. gurnards
 0.0 1219425.7 1832248.0 1563860.8 1174833.7 880497.5 1297899.3 0  0  0  0  # W. mackerel
 0.0 131801.3 118823.0 50709.0 38094.5 28550.5 42084.8 0  0  0  0  # N. mackerel
 0.0 0.0 0.0 0  0  0  0  0  0  0  0  # W.horse mac
 0.0 892929.0 714827.0 269034.0 0  0  0  0  0  0  0  # N.horse mac
 0.0 87.7 0  0  0  0  0  0  0  0  0  # Grey seal  
 0.0 224.0 0  0  0  0  0  0  0  0  0  # H. porpoise
 0.0 18267.7 30498.8 22076.0 0  0  0  0  0  0  0  # Hake       
##### Quarter:4
 0.0 823.2 0  0  0  0  0  0  0  0  0  # Fulmar     
 0.0 1423.5 0  0  0  0  0  0  0  0  0  # Guillemot  
 0.0 484.0 0  0  0  0  0  0  0  0  0  # Her. Gull  
 0.0 328.0 0  0  0  0  0  0  0  0  0  # Kittiwake  
 0.0 307.0 0  0  0  0  0  0  0  0  0  # GBB. Gull  
 0.0 250.0 0  0  0  0  0  0  0  0  0  # Gannet     
 0.0 64.5 0  0  0  0  0  0  0  0  0  # Puffin     
 0.0 183.5 0  0  0  0  0  0  0  0  0  # Razorbill  
 0.0 6279.5 11028.3 108689.2 0  0  0  0  0  0  0  # R. radiata 
 0.0 37032.3 1511085.0 3400586.5 356550.2 0  0  0  0  0  0  # G. gurnards
 0.0 1171094.3 2448388.8 2060582.7 1520573.0 1127315.7 1644046.5 0  0  0  0  # W. mackerel
 0.0 126577.5 90731.2 66815.3 49305.3 36553.8 53308.8 0  0  0  0  # N. mackerel
 0.0 86442.8 161217.7 0  0  0  0  0  0  0  0  # W.horse mac
 0.0 866646.0 525057.0 126583.0 0  0  0  0  0  0  0  # N.horse mac
 0.0 106.8 0  0  0  0  0  0  0  0  0  # Grey seal  
 0.0 224.0 0  0  0  0  0  0  0  0  0  # H. porpoise
 0.0 18267.7 30498.8 22076.0 0  0  0  0  0  0  0  # Hake       
