################################################
# Proportion of the catch landed
##### Quarter:1
 0  0.1200 0.3100 0.7800 0.8600 0.9100 0.8300 0.8400 1.0000 1.0000 0.9000 # Cod        
 0  0.1314 0.4264 0.6162 0.8480 0.9597 0.9652 0.9788 0.9790 0  0  # Whiting    
 0  0.0870 0.5800 0.8960 0.9590 0.9870 0.9920 0.9860 0.9930 0.9880 0.9700 # Haddock    
 0  0.0000 0.0000 1.0000 1.0000 1.0000 1.0000 1.0000 1.0000 1.0000 1.0000 # Saithe     
 0  1.0000 1.0000 1.0000 1.0000 1.0000 1.0000 1.0000 0  0  0  # Herring    
 0  0.0000 0.0000 0.0000 0.0000 0  0  0  0  0  0  # N. sandeel 
 0  0.0000 0.0000 0.0000 0.0000 0  0  0  0  0  0  # S. sandeel 
 0  1.0000 1.0000 1.0000 0  0  0  0  0  0  0  # Nor. pout  
 0  1.0000 1.0000 1.0000 0  0  0  0  0  0  0  # Sprat      
 0  0.0043 0.0493 0.3064 0.7533 0.8986 0.9655 0.9856 0.9961 1.0000 1.0000 # Plaice     
 0  1.0000 1.0000 1.0000 1.0000 1.0000 1.0000 1.0000 1.0000 1.0000 1.0000 # Sole       
##### Quarter:2
 0  0.1200 0.3100 0.7800 0.8600 0.9100 0.8300 0.8400 1.0000 1.0000 0.9000 # Cod        
 0  0.1314 0.4264 0.6162 0.8480 0.9597 0.9652 0.9788 0.9790 0  0  # Whiting    
 0  0.0870 0.5800 0.8960 0.9590 0.9870 0.9920 0.9860 0.9930 0.9880 0.9700 # Haddock    
 0  0.0000 0.0000 1.0000 1.0000 1.0000 1.0000 1.0000 1.0000 1.0000 1.0000 # Saithe     
 0  1.0000 1.0000 1.0000 1.0000 1.0000 1.0000 1.0000 0  0  0  # Herring    
 0  1.0000 1.0000 1.0000 1.0000 0  0  0  0  0  0  # N. sandeel 
 0  1.0000 1.0000 1.0000 1.0000 0  0  0  0  0  0  # S. sandeel 
 0  1.0000 1.0000 1.0000 0  0  0  0  0  0  0  # Nor. pout  
 0  1.0000 1.0000 1.0000 0  0  0  0  0  0  0  # Sprat      
 0  0.0043 0.0493 0.3064 0.7533 0.8986 0.9655 0.9856 0.9961 1.0000 1.0000 # Plaice     
 0  1.0000 1.0000 1.0000 1.0000 1.0000 1.0000 1.0000 1.0000 1.0000 1.0000 # Sole       
##### Quarter:3
 0.0000 0.1200 0.3100 0.7800 0.8600 0.9100 0.8300 0.8400 1.0000 1.0000 0.9000 # Cod        
 0.0014 0.1314 0.4264 0.6162 0.8480 0.9597 0.9652 0.9788 0.9790 0  0  # Whiting    
 0.0000 0.0870 0.5800 0.8960 0.9590 0.9870 0.9920 0.9860 0.9930 0.9880 0.9700 # Haddock    
 0.0000 0.0000 0.0000 1.0000 1.0000 1.0000 1.0000 1.0000 1.0000 1.0000 1.0000 # Saithe     
 1.0000 1.0000 1.0000 1.0000 1.0000 1.0000 1.0000 1.0000 0  0  0  # Herring    
 1.0000 1.0000 1.0000 1.0000 1.0000 0  0  0  0  0  0  # N. sandeel 
 1.0000 1.0000 1.0000 1.0000 1.0000 0  0  0  0  0  0  # S. sandeel 
 1.0000 1.0000 1.0000 1.0000 0  0  0  0  0  0  0  # Nor. pout  
 1.0000 1.0000 1.0000 1.0000 0  0  0  0  0  0  0  # Sprat      
 0.0000 0.0043 0.0493 0.3064 0.7533 0.8986 0.9655 0.9856 0.9961 1.0000 1.0000 # Plaice     
 0.0000 1.0000 1.0000 1.0000 1.0000 1.0000 1.0000 1.0000 1.0000 1.0000 1.0000 # Sole       
##### Quarter:4
 0.0000 0.1200 0.3100 0.7800 0.8600 0.9100 0.8300 0.8400 1.0000 1.0000 0.9000 # Cod        
 0.0014 0.1314 0.4264 0.6162 0.8480 0.9597 0.9652 0.9788 0.9790 0  0  # Whiting    
 0.0000 0.0870 0.5800 0.8960 0.9590 0.9870 0.9920 0.9860 0.9930 0.9880 0.9700 # Haddock    
 0.0000 0.0000 0.0000 1.0000 1.0000 1.0000 1.0000 1.0000 1.0000 1.0000 1.0000 # Saithe     
 1.0000 1.0000 1.0000 1.0000 1.0000 1.0000 1.0000 1.0000 0  0  0  # Herring    
 0.0000 0.0000 0.0000 0.0000 0.0000 0  0  0  0  0  0  # N. sandeel 
 0.0000 0.0000 0.0000 0.0000 0.0000 0  0  0  0  0  0  # S. sandeel 
 1.0000 1.0000 1.0000 1.0000 0  0  0  0  0  0  0  # Nor. pout  
 1.0000 1.0000 1.0000 1.0000 0  0  0  0  0  0  0  # Sprat      
 0.0000 0.0043 0.0493 0.3064 0.7533 0.8986 0.9655 0.9856 0.9961 1.0000 1.0000 # Plaice     
 0.0000 1.0000 1.0000 1.0000 1.0000 1.0000 1.0000 1.0000 1.0000 1.0000 1.0000 # Sole       
