################################################
# Proportion mature
##### Quarter:1
 0  0.04 0.31 0.66 0.84 0.93 1.00 1.00 1.00 1.00 1.00 # Cod        
 0  0.11 0.92 1.00 1.00 1.00 1.00 1.00 1.00 0  0  # Whiting    
 0  0.01 0.32 0.71 0.87 0.95 1.00 1.00 1.00 1.00 1.00 # Haddock    
 0  0.00 0.00 0.00 0.15 0.70 0.90 1.00 1.00 1.00 1.00 # Saithe     
 0  0.00 0.71 0.89 0.94 1.00 1.00 1.00 0  0  0  # Herring    
 0  0.05 0.77 1.00 1.00 0  0  0  0  0  0  # N. sandeel 
 0  0.02 0.83 1.00 1.00 0  0  0  0  0  0  # S. sandeel 
 0  0.20 1.00 1.00 0  0  0  0  0  0  0  # Nor. pout  
 0  0.43 0.88 0.96 0  0  0  0  0  0  0  # Sprat      
 0  0.00 0.51 0.50 0.70 0.94 0.99 1.00 1.00 1.00 1.00 # Plaice     
 0  0.00 0.00 1.00 1.00 1.00 1.00 1.00 1.00 1.00 1.00 # Sole       
##### Quarter:2
 0  0.04 0.31 0.66 0.84 0.93 1.00 1.00 1.00 1.00 1.00 # Cod        
 0  0.11 0.92 1.00 1.00 1.00 1.00 1.00 1.00 0  0  # Whiting    
 0  0.01 0.32 0.71 0.87 0.95 1.00 1.00 1.00 1.00 1.00 # Haddock    
 0  0.00 0.00 0.00 0.15 0.70 0.90 1.00 1.00 1.00 1.00 # Saithe     
 0  0.00 0.71 0.89 0.94 1.00 1.00 1.00 0  0  0  # Herring    
 0  0.05 0.77 1.00 1.00 0  0  0  0  0  0  # N. sandeel 
 0  0.02 0.83 1.00 1.00 0  0  0  0  0  0  # S. sandeel 
 0  0.20 1.00 1.00 0  0  0  0  0  0  0  # Nor. pout  
 0  0.43 0.88 0.96 0  0  0  0  0  0  0  # Sprat      
 0  0.00 0.51 0.50 0.70 0.94 0.99 1.00 1.00 1.00 1.00 # Plaice     
 0  0.00 0.00 1.00 1.00 1.00 1.00 1.00 1.00 1.00 1.00 # Sole       
##### Quarter:3
 0.00 0.04 0.31 0.66 0.84 0.93 1.00 1.00 1.00 1.00 1.00 # Cod        
 0.00 0.11 0.92 1.00 1.00 1.00 1.00 1.00 1.00 0  0  # Whiting    
 0.00 0.01 0.32 0.71 0.87 0.95 1.00 1.00 1.00 1.00 1.00 # Haddock    
 0.00 0.00 0.00 0.00 0.15 0.70 0.90 1.00 1.00 1.00 1.00 # Saithe     
 0.00 0.00 0.71 0.89 0.94 1.00 1.00 1.00 0  0  0  # Herring    
 0.00 0.05 0.77 1.00 1.00 0  0  0  0  0  0  # N. sandeel 
 0.00 0.02 0.83 1.00 1.00 0  0  0  0  0  0  # S. sandeel 
 0.00 0.20 1.00 1.00 0  0  0  0  0  0  0  # Nor. pout  
 0.00 0.40 0.87 0.96 0  0  0  0  0  0  0  # Sprat      
 0.00 0.00 0.51 0.50 0.70 0.94 0.99 1.00 1.00 1.00 1.00 # Plaice     
 0.00 0.00 0.00 1.00 1.00 1.00 1.00 1.00 1.00 1.00 1.00 # Sole       
##### Quarter:4
 0.00 0.04 0.31 0.66 0.84 0.93 1.00 1.00 1.00 1.00 1.00 # Cod        
 0.00 0.11 0.92 1.00 1.00 1.00 1.00 1.00 1.00 0  0  # Whiting    
 0.00 0.01 0.32 0.71 0.87 0.95 1.00 1.00 1.00 1.00 1.00 # Haddock    
 0.00 0.00 0.00 0.00 0.15 0.70 0.90 1.00 1.00 1.00 1.00 # Saithe     
 0.00 0.00 0.71 0.89 0.94 1.00 1.00 1.00 0  0  0  # Herring    
 0.00 0.05 0.77 1.00 1.00 0  0  0  0  0  0  # N. sandeel 
 0.00 0.02 0.83 1.00 1.00 0  0  0  0  0  0  # S. sandeel 
 0.00 0.20 1.00 1.00 0  0  0  0  0  0  0  # Nor. pout  
 0.00 0.40 0.87 0.96 0  0  0  0  0  0  0  # Sprat      
 0.00 0.00 0.51 0.50 0.70 0.94 0.99 1.00 1.00 1.00 1.00 # Plaice     
 0.00 0.00 0.00 1.00 1.00 1.00 1.00 1.00 1.00 1.00 1.00 # Sole       
