################################################
# Size in the sea, for use in size selction model 
##### Quarter:1
# area:1
 0  5.0000 0  0  0  0  0  0  0  0  0  # Fulmar     
 0  5.0000 0  0  0  0  0  0  0  0  0  # Guillemot  
 0  5.0000 0  0  0  0  0  0  0  0  0  # Her. Gull  
 0  5.0000 0  0  0  0  0  0  0  0  0  # Kittiwake  
 0  5.0000 0  0  0  0  0  0  0  0  0  # GBB. Gull  
 0  5.0000 0  0  0  0  0  0  0  0  0  # Gannet     
 0  5.0000 0  0  0  0  0  0  0  0  0  # Puffin     
 0  5.0000 0  0  0  0  0  0  0  0  0  # Razorbill  
 0  0.0301 0.1349 0.5848 0  0  0  0  0  0  0  # R. radiata 
 0  0.0042 0.0435 0.1242 0.3472 0  0  0  0  0  0  # G. gurnards
 0  -1.0000 0.1460 0.1800 0.2470 0.2820 0.3531 0  0  0  0  # W. mackerel
 0  0.1080 0.1460 0.1800 0.2470 0.2820 0.3531 0  0  0  0  # N. mackerel
 0  0.1588 0.2466 0  0  0  0  0  0  0  0  # W.horse mac
 0  0.0333 0.1064 0.2348 0  0  0  0  0  0  0  # N.horse mac
 0  10.0000 0  0  0  0  0  0  0  0  0  # Grey seal  
 0  10.0000 0  0  0  0  0  0  0  0  0  # H. porpoise
 0  0.0298 0.5990 2.3976 0  0  0  0  0  0  0  # Hake       
 0  0.0519 0.5760 2.1100 3.2050 4.8310 7.4220 9.5210 10.9590 11.9400 12.4510 # Cod        
 0  0.0390 0.1250 0.3030 0.3740 0.4480 0.4220 0.4580 0.3730 0  0  # Whiting    
 0  0.0550 0.1910 0.4120 0.4570 0.4670 0.7040 0.9870 1.5490 1.9370 1.6030 # Haddock    
 0  0.0260 0.2000 0.7410 1.3250 1.8580 2.5270 3.2050 3.2810 3.7780 4.8230 # Saithe     
 0  0.0120 0.0750 0.1170 0.1410 0.1590 0.1650 0.1840 0  0  0  # Herring    
 0  0.0061 0.0122 0.0204 0.0289 0  0  0  0  0  0  # N. sandeel 
 0  0.0058 0.0101 0.0133 0.0164 0  0  0  0  0  0  # S. sandeel 
 0  0.0090 0.0250 0.0400 0  0  0  0  0  0  0  # Nor. pout  
 0  0.0109 0.0159 0.0187 0  0  0  0  0  0  0  # Sprat      
 0  0.0500 0.1150 0.1790 0.3400 0.3610 0.4010 0.4480 0.5720 0.5680 0.6440 # Plaice     
 0  0.0500 0.1400 0.2000 0.2300 0.2720 0.3070 0.3360 0.3360 0.3610 0.4100 # Sole       
##### Quarter:2
# area:1
 0  5.0000 0  0  0  0  0  0  0  0  0  # Fulmar     
 0  5.0000 0  0  0  0  0  0  0  0  0  # Guillemot  
 0  5.0000 0  0  0  0  0  0  0  0  0  # Her. Gull  
 0  5.0000 0  0  0  0  0  0  0  0  0  # Kittiwake  
 0  5.0000 0  0  0  0  0  0  0  0  0  # GBB. Gull  
 0  5.0000 0  0  0  0  0  0  0  0  0  # Gannet     
 0  5.0000 0  0  0  0  0  0  0  0  0  # Puffin     
 0  5.0000 0  0  0  0  0  0  0  0  0  # Razorbill  
 0  0.0301 0.1349 0.5848 0  0  0  0  0  0  0  # R. radiata 
 0  0.0042 0.0435 0.1242 0.3472 0  0  0  0  0  0  # G. gurnards
 0  0.1080 0.1460 0.1800 0.2470 0.2820 0.3530 0  0  0  0  # W. mackerel
 0  0.1080 0.1460 0.1800 0.2470 0.2820 0.3530 0  0  0  0  # N. mackerel
 0  -1.0000 -1.0000 0  0  0  0  0  0  0  0  # W.horse mac
 0  0.0332 0.1279 0.2346 0  0  0  0  0  0  0  # N.horse mac
 0  10.0000 0  0  0  0  0  0  0  0  0  # Grey seal  
 0  10.0000 0  0  0  0  0  0  0  0  0  # H. porpoise
 0  0.0298 0.5990 2.3976 0  0  0  0  0  0  0  # Hake       
 0  0.1160 0.6820 2.8000 3.8751 5.2033 7.8237 10.3779 11.2606 12.2336 12.6382 # Cod        
 0  0.0635 0.1530 0.3347 0.4023 0.4703 0.4315 0.4761 0.3462 0  0  # Whiting    
 0  0.0820 0.2310 0.4580 0.4962 0.5011 0.7445 1.0285 1.6233 2.0245 1.6372 # Haddock    
 0  0.0360 0.2310 0.9017 1.4832 2.0495 2.7200 3.4081 3.4275 3.9277 4.5957 # Saithe     
 0  0.0310 0.1350 0.1690 0.2010 0.2150 0.2410 0.2590 0  0  0  # Herring    
 0  0.0061 0.0122 0.0204 0.0289 0  0  0  0  0  0  # N. sandeel 
 0  0.0058 0.0101 0.0133 0.0164 0  0  0  0  0  0  # S. sandeel 
 0  0.0120 0.0250 0.0500 0  0  0  0  0  0  0  # Nor. pout  
 0  0.0104 0.0149 0.0169 0  0  0  0  0  0  0  # Sprat      
 0  0.0500 0.1150 0.1790 0.3400 0.3610 0.4010 0.4480 0.5720 0.5680 0.6440 # Plaice     
 0  0.0500 0.1400 0.2000 0.2300 0.2720 0.3070 0.3360 0.3360 0.3610 0.4100 # Sole       
##### Quarter:3
# area:1
 -1.0000 5.0000 0  0  0  0  0  0  0  0  0  # Fulmar     
 -1.0000 5.0000 0  0  0  0  0  0  0  0  0  # Guillemot  
 -1.0000 5.0000 0  0  0  0  0  0  0  0  0  # Her. Gull  
 -1.0000 5.0000 0  0  0  0  0  0  0  0  0  # Kittiwake  
 -1.0000 5.0000 0  0  0  0  0  0  0  0  0  # GBB. Gull  
 -1.0000 5.0000 0  0  0  0  0  0  0  0  0  # Gannet     
 -1.0000 5.0000 0  0  0  0  0  0  0  0  0  # Puffin     
 -1.0000 5.0000 0  0  0  0  0  0  0  0  0  # Razorbill  
 -1.0000 0.0301 0.1349 0.5848 0  0  0  0  0  0  0  # R. radiata 
 -1.0000 0.0042 0.0435 0.1242 0.3472 0  0  0  0  0  0  # G. gurnards
 -1.0000 0.1080 0.1460 0.1800 0.2470 0.2820 0.3530 0  0  0  0  # W. mackerel
 -1.0000 0.1080 0.1460 0.1800 0.2470 0.2820 0.3530 0  0  0  0  # N. mackerel
 -1.0000 -1.0000 -1.0000 0  0  0  0  0  0  0  0  # W.horse mac
 -1.0000 0.0331 0.1278 0.2344 0  0  0  0  0  0  0  # N.horse mac
 -1.0000 10.0000 0  0  0  0  0  0  0  0  0  # Grey seal  
 -1.0000 10.0000 0  0  0  0  0  0  0  0  0  # H. porpoise
 -1.0000 0.0313 0.5990 4.1318 0  0  0  0  0  0  0  # Hake       
 0.0060 0.2300 0.8290 3.1900 4.4482 6.0365 8.0246 11.4252 11.6628 12.5272 12.8255 # Cod        
 0.0073 0.0811 0.1700 0.3665 0.4244 0.4997 0.4448 0.4896 0.3541 0  0  # Whiting    
 0.0100 0.1150 0.2740 0.5074 0.5387 0.5345 0.7806 1.0782 1.7081 2.0793 1.8092 # Haddock    
 0.0050 0.1110 0.4630 1.0185 1.6019 2.2602 2.9129 3.6023 3.5813 4.0774 4.9077 # Saithe     
 0.0070 0.0630 0.1340 0.1900 0.2150 0.2270 0.2280 0.2600 0  0  0  # Herring    
 0.0019 0.0101 0.0192 0.0235 0.0290 0  0  0  0  0  0  # N. sandeel 
 0.0014 0.0075 0.0113 0.0144 0.0184 0  0  0  0  0  0  # S. sandeel 
 0.0040 0.0250 0.0400 0.0600 0  0  0  0  0  0  0  # Nor. pout  
 0.0064 0.0090 0.0124 0.0169 0  0  0  0  0  0  0  # Sprat      
 0.0050 0.0500 0.1150 0.1790 0.3400 0.3610 0.4010 0.4480 0.5720 0.5680 0.6440 # Plaice     
 0.0050 0.0500 0.1400 0.2000 0.2300 0.2720 0.3070 0.3360 0.3360 0.3610 0.4100 # Sole       
##### Quarter:4
# area:1
 -1.0000 5.0000 0  0  0  0  0  0  0  0  0  # Fulmar     
 -1.0000 5.0000 0  0  0  0  0  0  0  0  0  # Guillemot  
 -1.0000 5.0000 0  0  0  0  0  0  0  0  0  # Her. Gull  
 -1.0000 5.0000 0  0  0  0  0  0  0  0  0  # Kittiwake  
 -1.0000 5.0000 0  0  0  0  0  0  0  0  0  # GBB. Gull  
 -1.0000 5.0000 0  0  0  0  0  0  0  0  0  # Gannet     
 -1.0000 5.0000 0  0  0  0  0  0  0  0  0  # Puffin     
 -1.0000 5.0000 0  0  0  0  0  0  0  0  0  # Razorbill  
 -1.0000 0.0301 0.1349 0.5848 0  0  0  0  0  0  0  # R. radiata 
 -1.0000 0.0042 0.0435 0.1242 0.3472 0  0  0  0  0  0  # G. gurnards
 -1.0000 0.1080 0.1460 0.1800 0.2470 0.2820 0.3529 0  0  0  0  # W. mackerel
 -1.0000 0.1080 0.1460 0.1800 0.2470 0.2820 0.3529 0  0  0  0  # N. mackerel
 -1.0000 0.1588 0.2466 0  0  0  0  0  0  0  0  # W.horse mac
 -1.0000 0.0330 0.1188 0.2342 0  0  0  0  0  0  0  # N.horse mac
 -1.0000 10.0000 0  0  0  0  0  0  0  0  0  # Grey seal  
 -1.0000 10.0000 0  0  0  0  0  0  0  0  0  # H. porpoise
 -1.0000 0.0313 0.5990 4.1318 0  0  0  0  0  0  0  # Hake       
 0.0225 0.3770 1.1200 3.7100 4.8949 6.6748 8.3402 11.5310 11.9644 12.7230 13.1063 # Cod        
 0.0192 0.1020 0.1900 0.3997 0.4454 0.5115 0.4628 0.4996 0.3729 0  0  # Whiting    
 0.0300 0.1220 0.3270 0.5613 0.5838 0.5692 0.8168 1.1446 1.7930 2.1230 1.8185 # Haddock    
 0.0200 0.1830 0.6670 1.1493 1.7799 2.4231 3.1243 3.7789 3.7277 4.2342 5.2071 # Saithe     
 0.0140 0.0800 0.1240 0.1550 0.1740 0.1910 0.2010 0.2220 0  0  0  # Herring    
 0.0037 0.0101 0.0192 0.0235 0.0290 0  0  0  0  0  0  # N. sandeel 
 0.0028 0.0075 0.0113 0.0144 0.0184 0  0  0  0  0  0  # S. sandeel 
 0.0060 0.0250 0.0400 0.0580 0  0  0  0  0  0  0  # Nor. pout  
 0.0050 0.0094 0.0131 0.0172 0  0  0  0  0  0  0  # Sprat      
 0.0200 0.0500 0.1150 0.1790 0.3400 0.3610 0.4010 0.4480 0.5720 0.5680 0.6440 # Plaice     
 0.0350 0.0500 0.1400 0.2000 0.2300 0.2720 0.3070 0.3360 0.3360 0.3610 0.4100 # Sole       
################################################
# Mean weight of eaten preys 
##### Quarter:1
# area:1
 0  0.0519 0.5760 2.1100 3.2050 4.8310 7.4220 9.5210 10.9590 11.9400 12.4510 # Cod        
 0  0.0390 0.1250 0.3030 0.3740 0.4480 0.4220 0.4580 0.3730 0  0  # Whiting    
 0  0.0550 0.1910 0.4120 0.4570 0.4670 0.7040 0.9870 1.5490 1.9370 1.6030 # Haddock    
 0  0.0260 0.2000 0.7410 1.3250 1.8580 2.5270 3.2050 3.2810 3.7780 4.8230 # Saithe     
 0  0.0120 0.0750 0.1170 0.1410 0.1590 0.1650 0.1840 0  0  0  # Herring    
 0  0.0061 0.0122 0.0204 0.0289 0  0  0  0  0  0  # N. sandeel 
 0  0.0058 0.0101 0.0133 0.0164 0  0  0  0  0  0  # S. sandeel 
 0  0.0090 0.0250 0.0400 0  0  0  0  0  0  0  # Nor. pout  
 0  0.0109 0.0159 0.0187 0  0  0  0  0  0  0  # Sprat      
 0  0.0500 0.1150 0.1790 0.3400 0.3610 0.4010 0.4480 0.5720 0.5680 0.6440 # Plaice     
 0  0.0500 0.1400 0.2000 0.2300 0.2720 0.3070 0.3360 0.3360 0.3610 0.4100 # Sole       
##### Quarter:2
# area:1
 0  0.1160 0.6820 2.8000 3.8751 5.2033 7.8237 10.3779 11.2606 12.2336 12.6382 # Cod        
 0  0.0635 0.1530 0.3347 0.4023 0.4703 0.4315 0.4761 0.3462 0  0  # Whiting    
 0  0.0820 0.2310 0.4580 0.4962 0.5011 0.7445 1.0285 1.6233 2.0245 1.6372 # Haddock    
 0  0.0360 0.2310 0.9017 1.4832 2.0495 2.7200 3.4081 3.4275 3.9277 4.5957 # Saithe     
 0  0.0310 0.1350 0.1690 0.2010 0.2150 0.2410 0.2590 0  0  0  # Herring    
 0  0.0061 0.0122 0.0204 0.0289 0  0  0  0  0  0  # N. sandeel 
 0  0.0058 0.0101 0.0133 0.0164 0  0  0  0  0  0  # S. sandeel 
 0  0.0120 0.0250 0.0500 0  0  0  0  0  0  0  # Nor. pout  
 0  0.0104 0.0149 0.0169 0  0  0  0  0  0  0  # Sprat      
 0  0.0500 0.1150 0.1790 0.3400 0.3610 0.4010 0.4480 0.5720 0.5680 0.6440 # Plaice     
 0  0.0500 0.1400 0.2000 0.2300 0.2720 0.3070 0.3360 0.3360 0.3610 0.4100 # Sole       
##### Quarter:3
# area:1
 0.0060 0.2300 0.8290 3.1900 4.4482 6.0365 8.0246 11.4252 11.6628 12.5272 12.8255 # Cod        
 0.0073 0.0811 0.1700 0.3665 0.4244 0.4997 0.4448 0.4896 0.3541 0  0  # Whiting    
 0.0100 0.1150 0.2740 0.5074 0.5387 0.5345 0.7806 1.0782 1.7081 2.0793 1.8092 # Haddock    
 0.0050 0.1110 0.4630 1.0185 1.6019 2.2602 2.9129 3.6023 3.5813 4.0774 4.9077 # Saithe     
 0.0070 0.0630 0.1340 0.1900 0.2150 0.2270 0.2280 0.2600 0  0  0  # Herring    
 0.0019 0.0101 0.0192 0.0235 0.0290 0  0  0  0  0  0  # N. sandeel 
 0.0014 0.0075 0.0113 0.0144 0.0184 0  0  0  0  0  0  # S. sandeel 
 0.0040 0.0250 0.0400 0.0600 0  0  0  0  0  0  0  # Nor. pout  
 0.0064 0.0090 0.0124 0.0169 0  0  0  0  0  0  0  # Sprat      
 0.0050 0.0500 0.1150 0.1790 0.3400 0.3610 0.4010 0.4480 0.5720 0.5680 0.6440 # Plaice     
 0.0050 0.0500 0.1400 0.2000 0.2300 0.2720 0.3070 0.3360 0.3360 0.3610 0.4100 # Sole       
##### Quarter:4
# area:1
 0.0225 0.3770 1.1200 3.7100 4.8949 6.6748 8.3402 11.5310 11.9644 12.7230 13.1063 # Cod        
 0.0192 0.1020 0.1900 0.3997 0.4454 0.5115 0.4628 0.4996 0.3729 0  0  # Whiting    
 0.0300 0.1220 0.3270 0.5613 0.5838 0.5692 0.8168 1.1446 1.7930 2.1230 1.8185 # Haddock    
 0.0200 0.1830 0.6670 1.1493 1.7799 2.4231 3.1243 3.7789 3.7277 4.2342 5.2071 # Saithe     
 0.0140 0.0800 0.1240 0.1550 0.1740 0.1910 0.2010 0.2220 0  0  0  # Herring    
 0.0037 0.0101 0.0192 0.0235 0.0290 0  0  0  0  0  0  # N. sandeel 
 0.0028 0.0075 0.0113 0.0144 0.0184 0  0  0  0  0  0  # S. sandeel 
 0.0060 0.0250 0.0400 0.0580 0  0  0  0  0  0  0  # Nor. pout  
 0.0050 0.0094 0.0131 0.0172 0  0  0  0  0  0  0  # Sprat      
 0.0200 0.0500 0.1150 0.1790 0.3400 0.3610 0.4010 0.4480 0.5720 0.5680 0.6440 # Plaice     
 0.0350 0.0500 0.1400 0.2000 0.2300 0.2720 0.3070 0.3360 0.3360 0.3610 0.4100 # Sole       
################################################
# Length at age 
##### Quarter:1
# area:1
 0  500.0000 0  0  0  0  0  0  0  0  0  # Fulmar     
 0  500.0000 0  0  0  0  0  0  0  0  0  # Guillemot  
 0  500.0000 0  0  0  0  0  0  0  0  0  # Her. Gull  
 0  500.0000 0  0  0  0  0  0  0  0  0  # Kittiwake  
 0  500.0000 0  0  0  0  0  0  0  0  0  # GBB. Gull  
 0  500.0000 0  0  0  0  0  0  0  0  0  # Gannet     
 0  500.0000 0  0  0  0  0  0  0  0  0  # Puffin     
 0  500.0000 0  0  0  0  0  0  0  0  0  # Razorbill  
 0  149.0000 254.0000 410.0000 0  0  0  0  0  0  0  # R. radiata 
 0  81.0000 172.0000 233.0000 324.0000 0  0  0  0  0  0  # G. gurnards
 0  -1.0000 268.0000 286.0000 316.0000 329.0000 353.0000 0  0  0  0  # W. mackerel
 0  252.0000 302.0000 325.0000 341.0000 354.0000 368.0000 0  0  0  0  # N. mackerel
 0  240.0000 285.0000 0  0  0  0  0  0  0  0  # W.horse mac
 0  162.0000 230.0000 300.0000 0  0  0  0  0  0  0  # N.horse mac
 0  1000.0000 0  0  0  0  0  0  0  0  0  # Grey seal  
 0  1000.0000 0  0  0  0  0  0  0  0  0  # H. porpoise
 0  150.0000 420.0000 689.0000 0  0  0  0  0  0  0  # Hake       
 0  153.0000 329.0000 496.0000 702.0000 830.0000 937.0000 989.0000 1031.0000 1041.0000 1159.0000 # Cod        
 0  158.0000 236.0000 271.0000 295.0000 309.0000 313.0000 316.0000 315.0000 0  0  # Whiting    
 0  158.0000 253.0000 305.0000 350.0000 383.0000 422.0000 480.0000 481.0000 538.0000 551.0000 # Haddock    
 0  281.0000 333.0000 412.0000 441.0000 550.0000 646.0000 742.0000 809.0000 878.0000 1010.0000 # Saithe     
 0  138.0000 214.0000 243.0000 263.0000 275.0000 281.0000 295.0000 0  0  0  # Herring    
 0  107.0000 131.0000 180.0000 185.0000 0  0  0  0  0  0  # N. sandeel 
 0  102.0000 133.0000 145.0000 162.0000 0  0  0  0  0  0  # S. sandeel 
 0  102.0000 133.0000 145.0000 0  0  0  0  0  0  0  # Nor. pout  
 0  105.0000 155.0000 175.0000 0  0  0  0  0  0  0  # Sprat      
 0  163.0000 215.0000 249.0000 308.0000 315.0000 326.0000 338.0000 367.0000 366.0000 381.0000 # Plaice     
 0  177.0000 250.0000 281.0000 295.0000 311.0000 324.0000 334.0000 334.0000 342.0000 357.0000 # Sole       
##### Quarter:2
# area:1
 0  500.0000 0  0  0  0  0  0  0  0  0  # Fulmar     
 0  500.0000 0  0  0  0  0  0  0  0  0  # Guillemot  
 0  500.0000 0  0  0  0  0  0  0  0  0  # Her. Gull  
 0  500.0000 0  0  0  0  0  0  0  0  0  # Kittiwake  
 0  500.0000 0  0  0  0  0  0  0  0  0  # GBB. Gull  
 0  500.0000 0  0  0  0  0  0  0  0  0  # Gannet     
 0  500.0000 0  0  0  0  0  0  0  0  0  # Puffin     
 0  500.0000 0  0  0  0  0  0  0  0  0  # Razorbill  
 0  145.0000 258.0000 412.0000 0  0  0  0  0  0  0  # R. radiata 
 0  82.0000 174.0000 231.0000 325.0000 0  0  0  0  0  0  # G. gurnards
 0  244.0000 268.0000 286.0000 316.0000 329.0000 353.0000 0  0  0  0  # W. mackerel
 0  293.0000 326.0000 349.0000 363.0000 374.0000 386.0000 0  0  0  0  # N. mackerel
 0  -1.0000 -1.0000 0  0  0  0  0  0  0  0  # W.horse mac
 0  161.0000 245.0000 300.0000 0  0  0  0  0  0  0  # N.horse mac
 0  1000.0000 0  0  0  0  0  0  0  0  0  # Grey seal  
 0  1000.0000 0  0  0  0  0  0  0  0  0  # H. porpoise
 0  150.0000 420.0000 689.0000 0  0  0  0  0  0  0  # Hake       
 0  194.0000 357.0000 552.0000 709.0000 839.0000 935.0000 993.0000 1050.0000 1091.0000 1156.0000 # Cod        
 0  170.0000 232.0000 269.0000 290.0000 303.0000 306.0000 321.0000 332.0000 0  0  # Whiting    
 0  182.0000 255.0000 308.0000 349.0000 382.0000 415.0000 440.0000 455.0000 527.0000 536.0000 # Haddock    
 0  283.0000 404.0000 424.0000 483.0000 561.0000 647.0000 743.0000 789.0000 867.0000 1017.0000 # Saithe     
 0  152.0000 210.0000 245.0000 267.0000 269.0000 272.0000 284.0000 0  0  0  # Herring    
 0  124.0000 144.0000 162.0000 180.0000 0  0  0  0  0  0  # N. sandeel 
 0  118.0000 139.0000 154.0000 168.0000 0  0  0  0  0  0  # S. sandeel 
 0  118.0000 139.0000 154.0000 0  0  0  0  0  0  0  # Nor. pout  
 0  123.0000 155.0000 173.0000 0  0  0  0  0  0  0  # Sprat      
 0  163.0000 215.0000 249.0000 308.0000 315.0000 326.0000 338.0000 367.0000 366.0000 381.0000 # Plaice     
 0  177.0000 250.0000 281.0000 295.0000 311.0000 324.0000 334.0000 334.0000 342.0000 357.0000 # Sole       
##### Quarter:3
# area:1
 -1.0000 500.0000 0  0  0  0  0  0  0  0  0  # Fulmar     
 -1.0000 500.0000 0  0  0  0  0  0  0  0  0  # Guillemot  
 -1.0000 500.0000 0  0  0  0  0  0  0  0  0  # Her. Gull  
 -1.0000 500.0000 0  0  0  0  0  0  0  0  0  # Kittiwake  
 -1.0000 500.0000 0  0  0  0  0  0  0  0  0  # GBB. Gull  
 -1.0000 500.0000 0  0  0  0  0  0  0  0  0  # Gannet     
 -1.0000 500.0000 0  0  0  0  0  0  0  0  0  # Puffin     
 -1.0000 500.0000 0  0  0  0  0  0  0  0  0  # Razorbill  
 -1.0000 145.0000 254.0000 392.0000 0  0  0  0  0  0  0  # R. radiata 
 -1.0000 75.0000 173.0000 233.0000 323.0000 0  0  0  0  0  0  # G. gurnards
 -1.0000 244.0000 268.0000 286.0000 316.0000 329.0000 353.0000 0  0  0  0  # W. mackerel
 -1.0000 305.0000 346.0000 363.0000 374.0000 383.0000 393.0000 0  0  0  0  # N. mackerel
 -1.0000 -1.0000 -1.0000 0  0  0  0  0  0  0  0  # W.horse mac
 -1.0000 161.0000 245.0000 300.0000 0  0  0  0  0  0  0  # N.horse mac
 -1.0000 1000.0000 0  0  0  0  0  0  0  0  0  # Grey seal  
 -1.0000 1000.0000 0  0  0  0  0  0  0  0  0  # H. porpoise
 -1.0000 154.0000 420.0000 808.0000 0  0  0  0  0  0  0  # Hake       
 84.0000 251.0000 417.0000 590.0000 772.0000 871.0000 951.0000 969.0000 1004.0000 1092.0000 1134.0000 # Cod        
 93.0000 209.0000 258.0000 283.0000 307.0000 316.0000 318.0000 331.0000 326.0000 0  0  # Whiting    
 109.0000 225.0000 291.0000 330.0000 369.0000 388.0000 419.0000 461.0000 514.0000 498.0000 617.0000 # Haddock    
 129.0000 296.0000 384.0000 428.0000 504.0000 581.0000 689.0000 744.0000 813.0000 898.0000 1019.0000 # Saithe     
 117.0000 184.0000 242.0000 267.0000 278.0000 289.0000 290.0000 296.0000 0  0  0  # Herring    
 98.0000 146.0000 169.0000 186.0000 180.0000 0  0  0  0  0  0  # N. sandeel 
 94.0000 125.0000 161.0000 161.0000 169.0000 0  0  0  0  0  0  # S. sandeel 
 94.0000 125.0000 161.0000 161.0000 0  0  0  0  0  0  0  # Nor. pout  
 76.0000 146.0000 170.0000 182.0000 0  0  0  0  0  0  0  # Sprat      
 76.0000 163.0000 215.0000 249.0000 308.0000 315.0000 326.0000 338.0000 367.0000 366.0000 381.0000 # Plaice     
 82.0000 177.0000 250.0000 281.0000 295.0000 311.0000 324.0000 334.0000 334.0000 342.0000 357.0000 # Sole       
##### Quarter:4
# area:1
 -1.0000 500.0000 0  0  0  0  0  0  0  0  0  # Fulmar     
 -1.0000 500.0000 0  0  0  0  0  0  0  0  0  # Guillemot  
 -1.0000 500.0000 0  0  0  0  0  0  0  0  0  # Her. Gull  
 -1.0000 500.0000 0  0  0  0  0  0  0  0  0  # Kittiwake  
 -1.0000 500.0000 0  0  0  0  0  0  0  0  0  # GBB. Gull  
 -1.0000 500.0000 0  0  0  0  0  0  0  0  0  # Gannet     
 -1.0000 500.0000 0  0  0  0  0  0  0  0  0  # Puffin     
 -1.0000 500.0000 0  0  0  0  0  0  0  0  0  # Razorbill  
 -1.0000 140.0000 255.0000 404.0000 0  0  0  0  0  0  0  # R. radiata 
 -1.0000 83.0000 173.0000 234.0000 326.0000 0  0  0  0  0  0  # G. gurnards
 -1.0000 244.0000 268.0000 286.0000 316.0000 329.0000 353.0000 0  0  0  0  # W. mackerel
 -1.0000 309.0000 339.0000 357.0000 368.0000 379.0000 390.0000 0  0  0  0  # N. mackerel
 -1.0000 240.0000 286.0000 0  0  0  0  0  0  0  0  # W.horse mac
 -1.0000 161.0000 239.0000 300.0000 0  0  0  0  0  0  0  # N.horse mac
 -1.0000 1000.0000 0  0  0  0  0  0  0  0  0  # Grey seal  
 -1.0000 1000.0000 0  0  0  0  0  0  0  0  0  # H. porpoise
 -1.0000 154.0000 420.0000 808.0000 0  0  0  0  0  0  0  # Hake       
 136.0000 302.0000 444.0000 603.0000 759.0000 870.0000 948.0000 991.0000 1027.0000 1001.0000 1171.0000 # Cod        
 141.0000 222.0000 258.0000 287.0000 303.0000 308.0000 306.0000 317.0000 337.0000 0  0  # Whiting    
 136.0000 239.0000 299.0000 337.0000 375.0000 412.0000 438.0000 474.0000 524.0000 593.0000 550.0000 # Haddock    
 173.0000 308.0000 401.0000 435.0000 516.0000 654.0000 756.0000 811.0000 847.0000 950.0000 1036.0000 # Saithe     
 130.0000 200.0000 242.0000 265.0000 281.0000 286.0000 292.0000 302.0000 0  0  0  # Herring    
 101.0000 148.0000 167.0000 194.0000 183.0000 0  0  0  0  0  0  # N. sandeel 
 90.0000 146.0000 174.0000 166.0000 172.0000 0  0  0  0  0  0  # S. sandeel 
 90.0000 146.0000 174.0000 166.0000 0  0  0  0  0  0  0  # Nor. pout  
 95.0000 154.0000 176.0000 188.0000 0  0  0  0  0  0  0  # Sprat      
 120.0000 163.0000 215.0000 249.0000 308.0000 315.0000 326.0000 338.0000 367.0000 366.0000 381.0000 # Plaice     
 157.0000 177.0000 250.0000 281.0000 295.0000 311.0000 324.0000 334.0000 334.0000 342.0000 357.0000 # Sole       
