################################################
# Stock recruitment residuals ##
#    Number of residuals by species
26 # Cod        
32 # Whiting    
26 # Haddock    
40 # Saithe     
40 # Herring    
40 # N. sandeel 
40 # S. sandeel 
37 # Nor. pout  
33 # Sprat      
38 # Plaice     
38 # Sole       
# residuals by species
 -0.4162 -0.4327 -0.3643 -0.1646 -0.4863 0.0167 -0.2268 -0.3796 -0.0428 -0.5202 -0.2815 0.3390 -0.3304 -0.0536 -0.0615 0.4514 0.1939 0.9133 0.4425 0.3879 -0.0681 0.1337 -0.1344 0.6780 0.4790 -0.1026  # Cod        
0.0165 -0.1229 0.1819 0.1167 0.2687 0.1369 0.4589 0.1824 0.1323 -0.2650 0.0820 -0.0147 -0.1359 -0.1722 -0.9709 -0.0893 0.3792 0.5197 0.3284 0.3174 -0.1717 -0.0256 -0.1028 -0.0897 -0.0894 0.4869 0.0937 -0.3416 0.0829 0.0295 -0.7371 -0.5178  # Whiting    
-0.3487 0.1754 0.4505 0.5131 0.8142 -0.0805 1.5660 0.5356 0.7691 0.5585 -0.3576 1.6962 0.2702 -0.6424 1.2569 0.5414 -0.3662 1.0983 -0.5578 -1.0376 -1.3596 0.2258 -1.8443 -1.9846 -0.6296 -1.0243  # Haddock    
0.8014 0.0270 -0.1091 -0.5498 0.3050 0.1454 0.1114 0.1730 0.4053 0.7599 0.1679 0.0861 -0.4178 -0.3058 0.0824 -0.0503 0.2367 0.0126 0.9965 0.0848 0.4059 -0.4851 0.2151 -0.2143 0.5870 0.4026 0.0024 -0.2445 0.3529 -0.7287 -0.2008 -0.5444 -0.6891 0.0184 -0.7941 -0.3643 -0.6626 0.0000 0.0000 0.0000  # Saithe     
-0.2159 -0.8962 -0.9283 -0.1472 -0.5150 -0.0667 0.6728 0.7723 0.8202 0.3301 0.2246 0.6095 0.7961 0.5462 -0.0821 -0.1992 -0.3322 -0.3349 0.1399 0.1816 -0.1145 -0.0003 0.1564 -0.4355 -0.5906 0.4888 -0.0305 1.1125 0.4027 -0.0369 0.3437 -0.2463 -0.3650 -0.2748 -0.4435 -0.2399 -0.2282 -0.3292 -0.1508 -0.2216  # Herring    
-0.0004 -0.4498 -0.1103 -0.4321 -0.2125 0.4016 -0.0280 0.0855 0.0254 0.1608 -0.4738 0.2755 0.5306 -0.1680 0.5141 -0.1926 0.2729 0.3348 0.4091 0.2789 0.5211 -0.0975 1.0533 -0.7325 0.3998 0.6289 0.5042 -0.0873 -0.8625 -0.4886 -0.7721 -0.0063 0.2315 -0.1727 0.2178 0.5058 -1.3024 -0.6434 -0.0441 -0.0749  # N. sandeel 
-0.1454 -0.7519 -0.3609 0.5677 -0.1470 -0.0735 -0.3629 0.9081 -1.3034 0.7880 -0.0840 0.9405 -0.3168 -0.7613 0.4103 0.1154 0.0906 0.3622 -1.1908 0.0739 0.4624 -0.8141 0.8523 -0.9654 -0.3515 -0.2216 0.2263 0.6913 -1.6208 -0.0189 -0.2647 0.2110 0.1307 0.8139 -0.1132 1.3429 -0.4906 -0.2118 0.3067 1.2761  # S. sandeel 
0.0169 0.3013 0.4953 0.0092 0.5169 0.6378 0.4752 0.1117 -0.0773 0.3406 -0.7182 0.1778 -0.0759 -0.0373 0.1191 -0.4021 -0.4461 0.4802 -0.0985 0.5551 -0.6827 0.0939 0.1094 -0.3786 0.3021 -0.3921 -1.2059 -0.4555 0.2294 0.0007 0.0237 0.2222 0.1179 -0.3709 -0.2229 0.5802 -0.3525  # Nor. pout  
-0.1080 -0.8354 -0.5199 0.1654 -0.7931 0.2305 -0.1562 0.2984 0.2013 0.3080 -0.1954 0.4591 0.6907 0.2269 -0.7538 -0.3884 0.0157 0.2527 0.0334 -0.1069 -0.0807 -0.1888 -0.4194 0.3767 -0.4083 -0.2216 -0.5731 0.2834 0.1850 0.5518 0.5409 -0.0108 0.9400  # Sprat      
-0.2093 -0.4469 -0.0981 -0.2592 -0.2158 0.0372 -0.0509 0.6757 0.2928 0.2464 0.5883 0.6903 0.6523 0.2695 0.0805 -0.0253 -0.1681 -0.6946 -0.7266 -0.0974 -0.1096 0.1722 -0.1990 -0.0693 -0.4507 0.5113 -0.6283 0.0544 -0.2786 -0.4588 0.0841 0.0144 -0.0932 0.1424 0.4935 -0.0309 0.3309 -0.0000  # Plaice     
-0.6795 0.1536 0.3716 -0.6324 -1.8833 0.4640 0.5203 0.5034 0.4632 -0.2087 -0.0044 0.4399 -0.3014 0.1499 0.8625 0.3467 0.0676 -0.5306 0.2401 -0.4588 0.9519 0.2211 0.0754 0.2022 -0.4573 0.7146 -0.1754 -0.7131 -0.7266 0.7690 -0.3199 -0.1030 0.0484 0.6256 0.4822 -0.9198 -0.5592 -0.0000  # Sole       
