################################################
# Mean weight in the sea
##### Quarter:1
 0  5.0000 0  0  0  0  0  0  0  0  0  # Fulmar     
 0  5.0000 0  0  0  0  0  0  0  0  0  # Guillemot  
 0  5.0000 0  0  0  0  0  0  0  0  0  # Her. Gull  
 0  5.0000 0  0  0  0  0  0  0  0  0  # Kittiwake  
 0  5.0000 0  0  0  0  0  0  0  0  0  # GBB. Gull  
 0  5.0000 0  0  0  0  0  0  0  0  0  # Gannet     
 0  5.0000 0  0  0  0  0  0  0  0  0  # Puffin     
 0  5.0000 0  0  0  0  0  0  0  0  0  # Razorbill  
 0  0.0301 0.1349 0.5848 0  0  0  0  0  0  0  # R. radiata 
 0  0.0042 0.0435 0.1242 0.3472 0  0  0  0  0  0  # G. gurnards
 0  -1.0000 0.1577 0.2158 0.2774 0.3233 0.3996 0  0  0  0  # W. mackerel
 0  0.1101 0.1577 0.2158 0.2774 0.3233 0.3996 0  0  0  0  # N. mackerel
 0  0.1530 0.2181 0  0  0  0  0  0  0  0  # W.horse mac
 0  0.0333 0.1064 0.2348 0  0  0  0  0  0  0  # N.horse mac
 0  10.0000 0  0  0  0  0  0  0  0  0  # Grey seal  
 0  10.0000 0  0  0  0  0  0  0  0  0  # H. porpoise
 0  0.0293 0.5272 1.5802 0  0  0  0  0  0  0  # Hake       
 0  0.0519 0.5760 2.1100 3.2050 4.8310 7.4220 9.5210 10.9590 11.9400 12.4510 # Cod        
 0  0.0390 0.1250 0.2718 0.3292 0.3795 0.3818 0.3780 0.3447 0  0  # Whiting    
 0  0.0550 0.1910 0.3914 0.4715 0.5385 0.7095 0.9282 1.2889 1.5585 1.7061 # Haddock    
 0  0.0260 0.2000 0.8052 1.2174 1.5891 2.0920 2.6749 3.1278 3.8394 5.0532 # Saithe     
 0  0.0120 0.0750 0.1170 0.1410 0.1590 0.1650 0.1840 0  0  0  # Herring    
 0  0.0061 0.0122 0.0204 0.0289 0  0  0  0  0  0  # N. sandeel 
 0  0.0058 0.0101 0.0133 0.0164 0  0  0  0  0  0  # S. sandeel 
 0  0.0090 0.0250 0.0400 0  0  0  0  0  0  0  # Nor. pout  
 0  0.0109 0.0159 0.0187 0  0  0  0  0  0  0  # Sprat      
 0  0.0500 0.1150 0.1948 0.3075 0.3625 0.4115 0.4568 0.5395 0.5945 0.7103 # Plaice     
 0  0.0500 0.1400 0.1943 0.2304 0.2576 0.2936 0.3062 0.3345 0.3411 0.4279 # Sole       
##### Quarter:2
 0  5.0000 0  0  0  0  0  0  0  0  0  # Fulmar     
 0  5.0000 0  0  0  0  0  0  0  0  0  # Guillemot  
 0  5.0000 0  0  0  0  0  0  0  0  0  # Her. Gull  
 0  5.0000 0  0  0  0  0  0  0  0  0  # Kittiwake  
 0  5.0000 0  0  0  0  0  0  0  0  0  # GBB. Gull  
 0  5.0000 0  0  0  0  0  0  0  0  0  # Gannet     
 0  5.0000 0  0  0  0  0  0  0  0  0  # Puffin     
 0  5.0000 0  0  0  0  0  0  0  0  0  # Razorbill  
 0  0.0301 0.1349 0.5848 0  0  0  0  0  0  0  # R. radiata 
 0  0.0042 0.0435 0.1242 0.3472 0  0  0  0  0  0  # G. gurnards
 0  0.1101 0.1577 0.2158 0.2774 0.3233 0.3994 0  0  0  0  # W. mackerel
 0  0.1101 0.1577 0.2158 0.2774 0.3233 0.3994 0  0  0  0  # N. mackerel
 0  -1.0000 -1.0000 0  0  0  0  0  0  0  0  # W.horse mac
 0  0.0332 0.1279 0.2346 0  0  0  0  0  0  0  # N.horse mac
 0  10.0000 0  0  0  0  0  0  0  0  0  # Grey seal  
 0  10.0000 0  0  0  0  0  0  0  0  0  # H. porpoise
 0  0.0293 0.5272 1.5802 0  0  0  0  0  0  0  # Hake       
 0  0.1160 0.6820 2.8000 3.8751 5.2033 7.8237 10.3779 11.2606 12.2336 12.6382 # Cod        
 0  0.0635 0.1530 0.3003 0.3541 0.3984 0.3904 0.3929 0.3200 0  0  # Whiting    
 0  0.0820 0.2310 0.4351 0.5119 0.5778 0.7503 0.9672 1.3507 1.6289 1.7425 # Haddock    
 0  0.0360 0.2310 0.9798 1.3628 1.7529 2.2518 2.8444 3.2674 3.9915 4.8150 # Saithe     
 0  0.0310 0.1350 0.1690 0.2010 0.2150 0.2410 0.2590 0  0  0  # Herring    
 0  0.0061 0.0122 0.0204 0.0289 0  0  0  0  0  0  # N. sandeel 
 0  0.0058 0.0101 0.0133 0.0164 0  0  0  0  0  0  # S. sandeel 
 0  0.0120 0.0250 0.0500 0  0  0  0  0  0  0  # Nor. pout  
 0  0.0104 0.0149 0.0169 0  0  0  0  0  0  0  # Sprat      
 0  0.0500 0.1150 0.1948 0.3075 0.3625 0.4115 0.4568 0.5395 0.5945 0.7103 # Plaice     
 0  0.0500 0.1400 0.1943 0.2304 0.2576 0.2936 0.3062 0.3345 0.3411 0.4279 # Sole       
##### Quarter:3
 -1.0000 5.0000 0  0  0  0  0  0  0  0  0  # Fulmar     
 -1.0000 5.0000 0  0  0  0  0  0  0  0  0  # Guillemot  
 -1.0000 5.0000 0  0  0  0  0  0  0  0  0  # Her. Gull  
 -1.0000 5.0000 0  0  0  0  0  0  0  0  0  # Kittiwake  
 -1.0000 5.0000 0  0  0  0  0  0  0  0  0  # GBB. Gull  
 -1.0000 5.0000 0  0  0  0  0  0  0  0  0  # Gannet     
 -1.0000 5.0000 0  0  0  0  0  0  0  0  0  # Puffin     
 -1.0000 5.0000 0  0  0  0  0  0  0  0  0  # Razorbill  
 -1.0000 0.0301 0.1349 0.5848 0  0  0  0  0  0  0  # R. radiata 
 -1.0000 0.0042 0.0435 0.1242 0.3472 0  0  0  0  0  0  # G. gurnards
 -1.0000 0.1101 0.1577 0.2158 0.2774 0.3233 0.3991 0  0  0  0  # W. mackerel
 -1.0000 0.1101 0.1577 0.2158 0.2774 0.3233 0.3991 0  0  0  0  # N. mackerel
 -1.0000 -1.0000 -1.0000 0  0  0  0  0  0  0  0  # W.horse mac
 -1.0000 0.0331 0.1278 0.2344 0  0  0  0  0  0  0  # N.horse mac
 -1.0000 10.0000 0  0  0  0  0  0  0  0  0  # Grey seal  
 -1.0000 10.0000 0  0  0  0  0  0  0  0  0  # H. porpoise
 -1.0000 0.0343 0.5990 3.2951 0  0  0  0  0  0  0  # Hake       
 0.0060 0.2300 0.8290 3.1900 4.4482 6.0365 8.0246 11.4252 11.6628 12.5272 12.8255 # Cod        
 0.0073 0.0811 0.1700 0.3287 0.3736 0.4233 0.4024 0.4041 0.3272 0  0  # Whiting    
 0.0100 0.1150 0.2740 0.4821 0.5558 0.6163 0.7867 1.0140 1.4213 1.6730 1.9256 # Haddock    
 0.0050 0.1110 0.4630 1.1068 1.4718 1.9331 2.4115 3.0065 3.4140 4.1437 5.1420 # Saithe     
 0.0070 0.0630 0.1340 0.1900 0.2150 0.2270 0.2280 0.2600 0  0  0  # Herring    
 0.0019 0.0101 0.0192 0.0235 0.0290 0  0  0  0  0  0  # N. sandeel 
 0.0014 0.0075 0.0113 0.0144 0.0184 0  0  0  0  0  0  # S. sandeel 
 0.0040 0.0250 0.0400 0.0600 0  0  0  0  0  0  0  # Nor. pout  
 0.0064 0.0090 0.0124 0.0169 0  0  0  0  0  0  0  # Sprat      
 0.0050 0.0500 0.1150 0.1948 0.3075 0.3625 0.4115 0.4568 0.5395 0.5945 0.7103 # Plaice     
 0.0050 0.0500 0.1400 0.1943 0.2304 0.2576 0.2936 0.3062 0.3345 0.3411 0.4279 # Sole       
##### Quarter:4
 -1.0000 5.0000 0  0  0  0  0  0  0  0  0  # Fulmar     
 -1.0000 5.0000 0  0  0  0  0  0  0  0  0  # Guillemot  
 -1.0000 5.0000 0  0  0  0  0  0  0  0  0  # Her. Gull  
 -1.0000 5.0000 0  0  0  0  0  0  0  0  0  # Kittiwake  
 -1.0000 5.0000 0  0  0  0  0  0  0  0  0  # GBB. Gull  
 -1.0000 5.0000 0  0  0  0  0  0  0  0  0  # Gannet     
 -1.0000 5.0000 0  0  0  0  0  0  0  0  0  # Puffin     
 -1.0000 5.0000 0  0  0  0  0  0  0  0  0  # Razorbill  
 -1.0000 0.0301 0.1349 0.5848 0  0  0  0  0  0  0  # R. radiata 
 -1.0000 0.0042 0.0435 0.1242 0.3472 0  0  0  0  0  0  # G. gurnards
 -1.0000 0.1101 0.1577 0.2158 0.2774 0.3233 0.3989 0  0  0  0  # W. mackerel
 -1.0000 0.1101 0.1577 0.2158 0.2774 0.3233 0.3989 0  0  0  0  # N. mackerel
 -1.0000 0.1530 0.2181 0  0  0  0  0  0  0  0  # W.horse mac
 -1.0000 0.0329 0.1188 0.2342 0  0  0  0  0  0  0  # N.horse mac
 -1.0000 10.0000 0  0  0  0  0  0  0  0  0  # Grey seal  
 -1.0000 10.0000 0  0  0  0  0  0  0  0  0  # H. porpoise
 -1.0000 0.0343 0.5990 3.2951 0  0  0  0  0  0  0  # Hake       
 0.0225 0.3770 1.1200 3.7100 4.8949 6.6748 8.3402 11.5310 11.9644 12.7230 13.1063 # Cod        
 0.0192 0.1020 0.1900 0.3585 0.3920 0.4333 0.4187 0.4123 0.3446 0  0  # Whiting    
 0.0300 0.1220 0.3270 0.5332 0.6023 0.6563 0.8231 1.0764 1.4919 1.7082 1.9355 # Haddock    
 0.0200 0.1830 0.6670 1.2489 1.6353 2.0724 2.5865 3.1539 3.5537 4.3030 5.4557 # Saithe     
 0.0140 0.0800 0.1240 0.1550 0.1740 0.1910 0.2010 0.2220 0  0  0  # Herring    
 0.0037 0.0101 0.0192 0.0235 0.0290 0  0  0  0  0  0  # N. sandeel 
 0.0028 0.0075 0.0113 0.0144 0.0184 0  0  0  0  0  0  # S. sandeel 
 0.0060 0.0250 0.0400 0.0580 0  0  0  0  0  0  0  # Nor. pout  
 0.0050 0.0094 0.0131 0.0172 0  0  0  0  0  0  0  # Sprat      
 0.0200 0.0500 0.1150 0.1948 0.3075 0.3625 0.4115 0.4568 0.5395 0.5945 0.7103 # Plaice     
 0.0350 0.0500 0.1400 0.1943 0.2304 0.2576 0.2936 0.3062 0.3345 0.3411 0.4279 # Sole       
