################################################
# Mean weight in the catch
##### Quarter:1
 0  0.3226 0.8801 2.1541 3.9100 5.7816 7.6873 9.1216 10.2558 11.5640 12.9421 # Cod        
 0  0.1022 0.1989 0.2677 0.3357 0.3780 0.3959 0.3802 0.3786 0  0  # Whiting    
 0  0.1485 0.2999 0.4007 0.4741 0.5667 0.6724 0.7878 1.0430 1.1435 1.7855 # Haddock    
 0  0.1265 0.1313 0.8975 1.2049 1.5168 1.9996 2.6106 3.2351 3.9675 4.9888 # Saithe     
 0  0.0489 0.1212 0.1600 0.1839 0.2004 0.2177 0.2388 0  0  0  # Herring    
 0  0.0000 0.0000 0.0000 0.0000 0  0  0  0  0  0  # N. sandeel 
 0  0.0000 0.0000 0.0000 0.0000 0  0  0  0  0  0  # S. sandeel 
 0  0.0133 0.0272 0.0356 0  0  0  0  0  0  0  # Nor. pout  
 0  0.0111 0.0164 0.0200 0  0  0  0  0  0  0  # Sprat      
 0  0.0570 0.1162 0.2134 0.3028 0.3744 0.4178 0.4854 0.4985 0.6239 0.7368 # Plaice     
 0  0.1552 0.1784 0.2058 0.2431 0.2634 0.2898 0.3034 0.3234 0.3305 0.3943 # Sole       
##### Quarter:2
 0  0.3226 0.8801 2.1541 3.9100 5.7816 7.6873 9.1216 10.2558 11.5640 12.9421 # Cod        
 0  0.1022 0.1989 0.2677 0.3357 0.3780 0.3959 0.3802 0.3786 0  0  # Whiting    
 0  0.1485 0.2999 0.4007 0.4741 0.5667 0.6724 0.7878 1.0430 1.1435 1.7855 # Haddock    
 0  0.1265 0.1313 0.8975 1.2049 1.5168 1.9996 2.6106 3.2351 3.9675 4.9888 # Saithe     
 0  0.0489 0.1212 0.1600 0.1839 0.2004 0.2177 0.2388 0  0  0  # Herring    
 0  0.0065 0.0122 0.0179 0.0213 0  0  0  0  0  0  # N. sandeel 
 0  0.0060 0.0096 0.0120 0.0138 0  0  0  0  0  0  # S. sandeel 
 0  0.0155 0.0303 0.0421 0  0  0  0  0  0  0  # Nor. pout  
 0  0.0104 0.0148 0.0174 0  0  0  0  0  0  0  # Sprat      
 0  0.0570 0.1162 0.2134 0.3028 0.3744 0.4178 0.4854 0.4985 0.6239 0.7368 # Plaice     
 0  0.1552 0.1784 0.2058 0.2431 0.2634 0.2898 0.3034 0.3234 0.3305 0.3943 # Sole       
##### Quarter:3
 0.0000 0.3226 0.8801 2.1541 3.9100 5.7816 7.6873 9.1216 10.2558 11.5640 12.9421 # Cod        
 0.0388 0.1022 0.1989 0.2677 0.3357 0.3780 0.3959 0.3802 0.3786 0  0  # Whiting    
 0.0358 0.1485 0.2999 0.4007 0.4741 0.5667 0.6724 0.7878 1.0430 1.1435 1.7855 # Haddock    
 0.0040 0.1265 0.1313 0.8975 1.2049 1.5168 1.9996 2.6106 3.2351 3.9675 4.9888 # Saithe     
 0.0099 0.0489 0.1212 0.1600 0.1839 0.2004 0.2177 0.2388 0  0  0  # Herring    
 0.0026 0.0076 0.0112 0.0144 0.0144 0  0  0  0  0  0  # N. sandeel 
 0.0026 0.0061 0.0086 0.0107 0.0130 0  0  0  0  0  0  # S. sandeel 
 0.0055 0.0289 0.0394 0.0504 0  0  0  0  0  0  0  # Nor. pout  
 0.0064 0.0090 0.0120 0.0162 0  0  0  0  0  0  0  # Sprat      
 0.0100 0.0570 0.1162 0.2134 0.3028 0.3744 0.4178 0.4854 0.4985 0.6239 0.7368 # Plaice     
 0.0100 0.1552 0.1784 0.2058 0.2431 0.2634 0.2898 0.3034 0.3234 0.3305 0.3943 # Sole       
##### Quarter:4
 0.0000 0.3226 0.8801 2.1541 3.9100 5.7816 7.6873 9.1216 10.2558 11.5640 12.9421 # Cod        
 0.0388 0.1022 0.1989 0.2677 0.3357 0.3780 0.3959 0.3802 0.3786 0  0  # Whiting    
 0.0358 0.1485 0.2999 0.4007 0.4741 0.5667 0.6724 0.7878 1.0430 1.1435 1.7855 # Haddock    
 0.0040 0.1265 0.1313 0.8975 1.2049 1.5168 1.9996 2.6106 3.2351 3.9675 4.9888 # Saithe     
 0.0099 0.0489 0.1212 0.1600 0.1839 0.2004 0.2177 0.2388 0  0  0  # Herring    
 0.0000 0.0000 0.0000 0.0000 0.0000 0  0  0  0  0  0  # N. sandeel 
 0.0000 0.0000 0.0000 0.0000 0.0000 0  0  0  0  0  0  # S. sandeel 
 0.0077 0.0317 0.0443 0.0547 0  0  0  0  0  0  0  # Nor. pout  
 0.0052 0.0094 0.0130 0.0168 0  0  0  0  0  0  0  # Sprat      
 0.0100 0.0570 0.1162 0.2134 0.3028 0.3744 0.4178 0.4854 0.4985 0.6239 0.7368 # Plaice     
 0.0100 0.1552 0.1784 0.2058 0.2431 0.2634 0.2898 0.3034 0.3234 0.3305 0.3943 # Sole       
