# COD year: 1974 
1.00 0.11 0.79 0.99 1.00 1.00 1.00 1.00 1.00 1.00 1.00
1.00 0.11 0.79 0.99 1.00 1.00 1.00 1.00 1.00 1.00 1.00
1.00 0.11 0.79 0.99 1.00 1.00 1.00 1.00 1.00 1.00 1.00
1.00 0.11 0.79 0.99 1.00 1.00 1.00 1.00 1.00 1.00 1.00
# COD year: 1975 
1.00 0.20 0.74 1.00 1.00 1.00 1.00 1.00 1.00 1.00 1.00
1.00 0.20 0.74 1.00 1.00 1.00 1.00 1.00 1.00 1.00 1.00
1.00 0.20 0.74 1.00 1.00 1.00 1.00 1.00 1.00 1.00 1.00
1.00 0.20 0.74 1.00 1.00 1.00 1.00 1.00 1.00 1.00 1.00
# COD year: 1976 
1.000 0.024 0.545 0.990 1.000 1.000 1.000 1.000 1.000 1.000 1.000
1.000 0.024 0.545 0.990 1.000 1.000 1.000 1.000 1.000 1.000 1.000
1.000 0.024 0.545 0.990 1.000 1.000 1.000 1.000 1.000 1.000 1.000
1.000 0.024 0.545 0.990 1.000 1.000 1.000 1.000 1.000 1.000 1.000
# COD year: 1977 
1.00 0.14 0.51 0.98 1.00 1.00 1.00 1.00 1.00 1.00 1.00
1.00 0.14 0.51 0.98 1.00 1.00 1.00 1.00 1.00 1.00 1.00
1.00 0.14 0.51 0.98 1.00 1.00 1.00 1.00 1.00 1.00 1.00
1.00 0.14 0.51 0.98 1.00 1.00 1.00 1.00 1.00 1.00 1.00
# COD year: 1978 
1.00 0.51 0.69 1.00 1.00 1.00 1.00 1.00 1.00 1.00 1.00
1.00 0.51 0.69 1.00 1.00 1.00 1.00 1.00 1.00 1.00 1.00
1.00 0.51 0.69 1.00 1.00 1.00 1.00 1.00 1.00 1.00 1.00
1.00 0.51 0.69 1.00 1.00 1.00 1.00 1.00 1.00 1.00 1.00
# COD year: 1979 
1.000 0.056 0.945 1.000 1.000 1.000 1.000 1.000 1.000 1.000 1.000
1.000 0.056 0.945 1.000 1.000 1.000 1.000 1.000 1.000 1.000 1.000
1.000 0.056 0.945 1.000 1.000 1.000 1.000 1.000 1.000 1.000 1.000
1.000 0.056 0.945 1.000 1.000 1.000 1.000 1.000 1.000 1.000 1.000
# COD year: 1980 
1.00 0.05 0.86 1.00 1.00 1.00 1.00 1.00 1.00 1.00 1.00
1.00 0.05 0.86 1.00 1.00 1.00 1.00 1.00 1.00 1.00 1.00
1.00 0.05 0.86 1.00 1.00 1.00 1.00 1.00 1.00 1.00 1.00
1.00 0.05 0.86 1.00 1.00 1.00 1.00 1.00 1.00 1.00 1.00
# COD year: 1981 
1.00 0.11 0.85 1.00 1.00 1.00 1.00 1.00 1.00 1.00 1.00
1.00 0.11 0.85 1.00 1.00 1.00 1.00 1.00 1.00 1.00 1.00
1.00 0.11 0.85 1.00 1.00 1.00 1.00 1.00 1.00 1.00 1.00
1.00 0.11 0.85 1.00 1.00 1.00 1.00 1.00 1.00 1.00 1.00
# COD year: 1982 
1.00 0.27 0.89 1.00 1.00 1.00 1.00 1.00 1.00 1.00 1.00
1.00 0.27 0.89 1.00 1.00 1.00 1.00 1.00 1.00 1.00 1.00
1.00 0.27 0.89 1.00 1.00 1.00 1.00 1.00 1.00 1.00 1.00
1.00 0.27 0.89 1.00 1.00 1.00 1.00 1.00 1.00 1.00 1.00
# COD year: 1983 
1.00 0.32 0.92 1.00 1.00 1.00 1.00 1.00 1.00 1.00 1.00
1.00 0.32 0.92 1.00 1.00 1.00 1.00 1.00 1.00 1.00 1.00
1.00 0.32 0.92 1.00 1.00 1.00 1.00 1.00 1.00 1.00 1.00
1.00 0.32 0.92 1.00 1.00 1.00 1.00 1.00 1.00 1.00 1.00
# COD year: 1984 
1.00 0.11 0.84 1.00 1.00 1.00 1.00 1.00 1.00 1.00 1.00
1.00 0.11 0.84 1.00 1.00 1.00 1.00 1.00 1.00 1.00 1.00
1.00 0.11 0.84 1.00 1.00 1.00 1.00 1.00 1.00 1.00 1.00
1.00 0.11 0.84 1.00 1.00 1.00 1.00 1.00 1.00 1.00 1.00
# COD year: 1985 
1.00 0.12 0.76 0.99 1.00 1.00 1.00 1.00 1.00 1.00 1.00
1.00 0.12 0.76 0.99 1.00 1.00 1.00 1.00 1.00 1.00 1.00
1.00 0.12 0.76 0.99 1.00 1.00 1.00 1.00 1.00 1.00 1.00
1.00 0.12 0.76 0.99 1.00 1.00 1.00 1.00 1.00 1.00 1.00
# COD year: 1986 
1.00 0.15 0.85 0.99 1.00 1.00 1.00 1.00 1.00 1.00 1.00
1.00 0.15 0.85 0.99 1.00 1.00 1.00 1.00 1.00 1.00 1.00
1.00 0.15 0.85 0.99 1.00 1.00 1.00 1.00 1.00 1.00 1.00
1.00 0.15 0.85 0.99 1.00 1.00 1.00 1.00 1.00 1.00 1.00
# COD year: 1987 
1.00 0.50 0.67 1.00 1.00 1.00 1.00 1.00 1.00 1.00 1.00
1.00 0.50 0.67 1.00 1.00 1.00 1.00 1.00 1.00 1.00 1.00
1.00 0.50 0.67 1.00 1.00 1.00 1.00 1.00 1.00 1.00 1.00
1.00 0.50 0.67 1.00 1.00 1.00 1.00 1.00 1.00 1.00 1.00
# COD year: 1988 
1.00 0.58 0.76 1.00 1.00 1.00 1.00 1.00 1.00 1.00 1.00
1.00 0.58 0.76 1.00 1.00 1.00 1.00 1.00 1.00 1.00 1.00
1.00 0.58 0.76 1.00 1.00 1.00 1.00 1.00 1.00 1.00 1.00
1.00 0.58 0.76 1.00 1.00 1.00 1.00 1.00 1.00 1.00 1.00
# COD year: 1989 
1.00 0.11 0.81 0.97 1.00 1.00 1.00 1.00 1.00 1.00 1.00
1.00 0.11 0.81 0.97 1.00 1.00 1.00 1.00 1.00 1.00 1.00
1.00 0.11 0.81 0.97 1.00 1.00 1.00 1.00 1.00 1.00 1.00
1.00 0.11 0.81 0.97 1.00 1.00 1.00 1.00 1.00 1.00 1.00
# COD year: 1990 
1.00 0.26 0.53 0.99 1.00 1.00 1.00 1.00 1.00 1.00 1.00
1.00 0.26 0.53 0.99 1.00 1.00 1.00 1.00 1.00 1.00 1.00
1.00 0.26 0.53 0.99 1.00 1.00 1.00 1.00 1.00 1.00 1.00
1.00 0.26 0.53 0.99 1.00 1.00 1.00 1.00 1.00 1.00 1.00
# COD year: 1991 
1.00 0.22 0.73 0.97 1.00 1.00 1.00 1.00 1.00 1.00 1.00
1.00 0.22 0.73 0.97 1.00 1.00 1.00 1.00 1.00 1.00 1.00
1.00 0.22 0.73 0.97 1.00 1.00 1.00 1.00 1.00 1.00 1.00
1.00 0.22 0.73 0.97 1.00 1.00 1.00 1.00 1.00 1.00 1.00
# COD year: 1992 
1.00 0.21 0.76 1.00 1.00 1.00 1.00 1.00 1.00 1.00 1.00
1.00 0.21 0.76 1.00 1.00 1.00 1.00 1.00 1.00 1.00 1.00
1.00 0.21 0.76 1.00 1.00 1.00 1.00 1.00 1.00 1.00 1.00
1.00 0.21 0.76 1.00 1.00 1.00 1.00 1.00 1.00 1.00 1.00
# COD year: 1993 
1.00 0.12 0.65 1.00 1.00 1.00 1.00 1.00 1.00 1.00 1.00
1.00 0.12 0.65 1.00 1.00 1.00 1.00 1.00 1.00 1.00 1.00
1.00 0.12 0.65 1.00 1.00 1.00 1.00 1.00 1.00 1.00 1.00
1.00 0.12 0.65 1.00 1.00 1.00 1.00 1.00 1.00 1.00 1.00
# COD year: 1994 
1.000 0.046 0.598 0.992 1.000 1.000 1.000 1.000 1.000 1.000 1.000
1.000 0.046 0.598 0.992 1.000 1.000 1.000 1.000 1.000 1.000 1.000
1.000 0.046 0.598 0.992 1.000 1.000 1.000 1.000 1.000 1.000 1.000
1.000 0.046 0.598 0.992 1.000 1.000 1.000 1.000 1.000 1.000 1.000
# COD year: 1995 
1.00 0.26 0.59 1.00 1.00 1.00 1.00 1.00 1.00 1.00 1.00
1.00 0.26 0.59 1.00 1.00 1.00 1.00 1.00 1.00 1.00 1.00
1.00 0.26 0.59 1.00 1.00 1.00 1.00 1.00 1.00 1.00 1.00
1.00 0.26 0.59 1.00 1.00 1.00 1.00 1.00 1.00 1.00 1.00
# COD year: 1996 
1.00 0.25 0.61 0.97 1.00 1.00 1.00 1.00 1.00 1.00 1.00
1.00 0.25 0.61 0.97 1.00 1.00 1.00 1.00 1.00 1.00 1.00
1.00 0.25 0.61 0.97 1.00 1.00 1.00 1.00 1.00 1.00 1.00
1.00 0.25 0.61 0.97 1.00 1.00 1.00 1.00 1.00 1.00 1.00
# COD year: 1997 
1.00 0.21 0.68 1.00 1.00 1.00 1.00 1.00 1.00 1.00 1.00
1.00 0.21 0.68 1.00 1.00 1.00 1.00 1.00 1.00 1.00 1.00
1.00 0.21 0.68 1.00 1.00 1.00 1.00 1.00 1.00 1.00 1.00
1.00 0.21 0.68 1.00 1.00 1.00 1.00 1.00 1.00 1.00 1.00
# COD year: 1998 
1.000 0.074 0.473 0.918 1.000 1.000 1.000 1.000 1.000 1.000 1.000
1.000 0.074 0.473 0.918 1.000 1.000 1.000 1.000 1.000 1.000 1.000
1.000 0.074 0.473 0.918 1.000 1.000 1.000 1.000 1.000 1.000 1.000
1.000 0.074 0.473 0.918 1.000 1.000 1.000 1.000 1.000 1.000 1.000
# COD year: 1999 
1.00 0.16 0.63 0.79 1.00 1.00 1.00 1.00 1.00 1.00 1.00
1.00 0.16 0.63 0.79 1.00 1.00 1.00 1.00 1.00 1.00 1.00
1.00 0.16 0.63 0.79 1.00 1.00 1.00 1.00 1.00 1.00 1.00
1.00 0.16 0.63 0.79 1.00 1.00 1.00 1.00 1.00 1.00 1.00
# COD year: 2000 
1.00 0.18 0.80 1.00 1.00 1.00 1.00 1.00 1.00 1.00 1.00
1.00 0.18 0.80 1.00 1.00 1.00 1.00 1.00 1.00 1.00 1.00
1.00 0.18 0.80 1.00 1.00 1.00 1.00 1.00 1.00 1.00 1.00
1.00 0.18 0.80 1.00 1.00 1.00 1.00 1.00 1.00 1.00 1.00
# COD year: 2001 
1.00 0.28 0.38 0.89 1.00 1.00 1.00 1.00 1.00 1.00 1.00
1.00 0.28 0.38 0.89 1.00 1.00 1.00 1.00 1.00 1.00 1.00
1.00 0.28 0.38 0.89 1.00 1.00 1.00 1.00 1.00 1.00 1.00
1.00 0.28 0.38 0.89 1.00 1.00 1.00 1.00 1.00 1.00 1.00
# COD year: 2002 
1.00 0.35 0.75 0.87 1.00 1.00 1.00 1.00 1.00 1.00 1.00
1.00 0.35 0.75 0.87 1.00 1.00 1.00 1.00 1.00 1.00 1.00
1.00 0.35 0.75 0.87 1.00 1.00 1.00 1.00 1.00 1.00 1.00
1.00 0.35 0.75 0.87 1.00 1.00 1.00 1.00 1.00 1.00 1.00
# COD year: 2003 
1.000 0.045 0.491 0.758 0.975 0.975 0.973 0.986 0.983 1.000 0.997
1.000 0.045 0.491 0.758 0.975 0.975 0.973 0.986 0.983 1.000 0.997
1.000 0.045 0.491 0.758 0.975 0.975 0.973 0.986 0.983 1.000 0.997
1.000 0.045 0.491 0.758 0.975 0.975 0.973 0.986 0.983 1.000 0.997
# COD year: 2004 
1.00 0.12 0.47 0.81 1.00 1.00 1.00 1.00 1.00 1.00 1.00
1.00 0.12 0.47 0.81 1.00 1.00 1.00 1.00 1.00 1.00 1.00
1.00 0.12 0.47 0.81 1.00 1.00 1.00 1.00 1.00 1.00 1.00
1.00 0.12 0.47 0.81 1.00 1.00 1.00 1.00 1.00 1.00 1.00
# COD year: 2005 
1.00 0.12 0.59 0.96 0.99 0.99 0.99 1.00 1.00 1.00 1.00
1.00 0.12 0.59 0.96 0.99 0.99 0.99 1.00 1.00 1.00 1.00
1.00 0.12 0.59 0.96 0.99 0.99 0.99 1.00 1.00 1.00 1.00
1.00 0.12 0.59 0.96 0.99 0.99 0.99 1.00 1.00 1.00 1.00
# COD year: 2006 
1.000 0.067 0.470 0.847 0.950 0.975 0.985 0.992 1.000 1.000 1.000
1.000 0.067 0.470 0.847 0.950 0.975 0.985 0.992 1.000 1.000 1.000
1.000 0.067 0.470 0.847 0.950 0.975 0.985 0.992 1.000 1.000 1.000
1.000 0.067 0.470 0.847 0.950 0.975 0.985 0.992 1.000 1.000 1.000
# COD year: 2007 
1.000 0.078 0.253 0.619 0.805 0.863 0.823 0.991 0.945 1.000 0.969
1.000 0.078 0.253 0.619 0.805 0.863 0.823 0.991 0.945 1.000 0.969
1.000 0.078 0.253 0.619 0.805 0.863 0.823 0.991 0.945 1.000 0.969
1.000 0.078 0.253 0.619 0.805 0.863 0.823 0.991 0.945 1.000 0.969
# COD year: 2008 
1.000 0.062 0.271 0.365 0.877 0.971 0.929 0.995 0.900 1.000 0.989
1.000 0.062 0.271 0.365 0.877 0.971 0.929 0.995 0.900 1.000 0.989
1.000 0.062 0.271 0.365 0.877 0.971 0.929 0.995 0.900 1.000 0.989
1.000 0.062 0.271 0.365 0.877 0.971 0.929 0.995 0.900 1.000 0.989
# COD year: 2009 
1.000 0.067 0.385 0.658 0.821 0.942 0.937 0.871 0.991 1.000 0.820
1.000 0.067 0.385 0.658 0.821 0.942 0.937 0.871 0.991 1.000 0.820
1.000 0.067 0.385 0.658 0.821 0.942 0.937 0.871 0.991 1.000 0.820
1.000 0.067 0.385 0.658 0.821 0.942 0.937 0.871 0.991 1.000 0.820
# COD year: 2010 
1.000 0.087 0.431 0.789 0.968 0.983 0.999 1.000 1.000 1.000 1.000
1.000 0.087 0.431 0.789 0.968 0.983 0.999 1.000 1.000 1.000 1.000
1.000 0.087 0.431 0.789 0.968 0.983 0.999 1.000 1.000 1.000 1.000
1.000 0.087 0.431 0.789 0.968 0.983 0.999 1.000 1.000 1.000 1.000
# COD year: 2011 
0.00 0.18 0.34 0.81 0.94 0.98 0.99 0.98 0.95 0.98 1.00
0.00 0.18 0.34 0.81 0.94 0.98 0.99 0.98 0.95 0.98 1.00
0.00 0.18 0.34 0.81 0.94 0.98 0.99 0.98 0.95 0.98 1.00
0.00 0.18 0.34 0.81 0.94 0.98 0.99 0.98 0.95 0.98 1.00
# COD year: 2012 
0.000 0.067 0.342 0.781 0.931 0.992 0.993 0.995 1.000 1.000 0.954
0.000 0.067 0.342 0.781 0.931 0.992 0.993 0.995 1.000 1.000 0.954
0.000 0.067 0.342 0.781 0.931 0.992 0.993 0.995 1.000 1.000 0.954
0.000 0.067 0.342 0.781 0.931 0.992 0.993 0.995 1.000 1.000 0.954
# COD year: 2013 
0.00 0.12 0.31 0.78 0.86 0.91 0.83 0.84 1.00 1.00 0.90
0.00 0.12 0.31 0.78 0.86 0.91 0.83 0.84 1.00 1.00 0.90
0.00 0.12 0.31 0.78 0.86 0.91 0.83 0.84 1.00 1.00 0.90
0.00 0.12 0.31 0.78 0.86 0.91 0.83 0.84 1.00 1.00 0.90
# WHG year: 1974 
1.00 0.46 0.49 0.62 0.80 0.86 0.92 0.84 1.00 0.00 0.00
1.00 0.46 0.49 0.62 0.80 0.86 0.92 0.84 1.00 0.00 0.00
1.00 0.46 0.49 0.62 0.80 0.86 0.92 0.84 1.00 0.00 0.00
1.00 0.46 0.49 0.62 0.80 0.86 0.92 0.84 1.00 0.00 0.00
# WHG year: 1975 
1.00 0.46 0.49 0.62 0.80 0.86 0.92 0.84 1.00 0.00 0.00
1.00 0.46 0.49 0.62 0.80 0.86 0.92 0.84 1.00 0.00 0.00
1.00 0.46 0.49 0.62 0.80 0.86 0.92 0.84 1.00 0.00 0.00
1.00 0.46 0.49 0.62 0.80 0.86 0.92 0.84 1.00 0.00 0.00
# WHG year: 1976 
1.00 0.46 0.49 0.62 0.80 0.86 0.92 0.84 1.00 0.00 0.00
1.00 0.46 0.49 0.62 0.80 0.86 0.92 0.84 1.00 0.00 0.00
1.00 0.46 0.49 0.62 0.80 0.86 0.92 0.84 1.00 0.00 0.00
1.00 0.46 0.49 0.62 0.80 0.86 0.92 0.84 1.00 0.00 0.00
# WHG year: 1977 
1.00 0.46 0.49 0.62 0.80 0.86 0.92 0.84 1.00 0.00 0.00
1.00 0.46 0.49 0.62 0.80 0.86 0.92 0.84 1.00 0.00 0.00
1.00 0.46 0.49 0.62 0.80 0.86 0.92 0.84 1.00 0.00 0.00
1.00 0.46 0.49 0.62 0.80 0.86 0.92 0.84 1.00 0.00 0.00
# WHG year: 1978 
0.000 0.035 0.319 0.641 0.853 0.885 0.952 0.992 1.000 0.000 0.000
0.000 0.035 0.319 0.641 0.853 0.885 0.952 0.992 1.000 0.000 0.000
0.000 0.035 0.319 0.641 0.853 0.885 0.952 0.992 1.000 0.000 0.000
0.000 0.035 0.319 0.641 0.853 0.885 0.952 0.992 1.000 0.000 0.000
# WHG year: 1979 
1.7e-05 1.4e-02 2.3e-01 6.6e-01 8.8e-01 9.1e-01 9.7e-01 9.8e-01 1.0e+00 0.0e+00 0.0e+00
1.7e-05 1.4e-02 2.3e-01 6.6e-01 8.8e-01 9.1e-01 9.7e-01 9.8e-01 1.0e+00 0.0e+00 0.0e+00
1.7e-05 1.4e-02 2.3e-01 6.6e-01 8.8e-01 9.1e-01 9.7e-01 9.8e-01 1.0e+00 0.0e+00 0.0e+00
1.7e-05 1.4e-02 2.3e-01 6.6e-01 8.8e-01 9.1e-01 9.7e-01 9.8e-01 1.0e+00 0.0e+00 0.0e+00
# WHG year: 1980 
0.000 0.014 0.150 0.533 0.754 0.782 0.922 0.985 1.000 0.000 0.000
0.000 0.014 0.150 0.533 0.754 0.782 0.922 0.985 1.000 0.000 0.000
0.000 0.014 0.150 0.533 0.754 0.782 0.922 0.985 1.000 0.000 0.000
0.000 0.014 0.150 0.533 0.754 0.782 0.922 0.985 1.000 0.000 0.000
# WHG year: 1981 
1.2e-05 2.6e-02 2.0e-01 3.9e-01 7.6e-01 8.5e-01 9.8e-01 1.0e+00 1.0e+00 0.0e+00 0.0e+00
1.2e-05 2.6e-02 2.0e-01 3.9e-01 7.6e-01 8.5e-01 9.8e-01 1.0e+00 1.0e+00 0.0e+00 0.0e+00
1.2e-05 2.6e-02 2.0e-01 3.9e-01 7.6e-01 8.5e-01 9.8e-01 1.0e+00 1.0e+00 0.0e+00 0.0e+00
1.2e-05 2.6e-02 2.0e-01 3.9e-01 7.6e-01 8.5e-01 9.8e-01 1.0e+00 1.0e+00 0.0e+00 0.0e+00
# WHG year: 1982 
0.000 0.057 0.408 0.508 0.674 0.798 0.820 0.988 1.000 0.000 0.000
0.000 0.057 0.408 0.508 0.674 0.798 0.820 0.988 1.000 0.000 0.000
0.000 0.057 0.408 0.508 0.674 0.798 0.820 0.988 1.000 0.000 0.000
0.000 0.057 0.408 0.508 0.674 0.798 0.820 0.988 1.000 0.000 0.000
# WHG year: 1983 
1.5e-06 5.1e-02 3.7e-01 5.7e-01 7.7e-01 8.4e-01 9.6e-01 9.7e-01 1.0e+00 0.0e+00 0.0e+00
1.5e-06 5.1e-02 3.7e-01 5.7e-01 7.7e-01 8.4e-01 9.6e-01 9.7e-01 1.0e+00 0.0e+00 0.0e+00
1.5e-06 5.1e-02 3.7e-01 5.7e-01 7.7e-01 8.4e-01 9.6e-01 9.7e-01 1.0e+00 0.0e+00 0.0e+00
1.5e-06 5.1e-02 3.7e-01 5.7e-01 7.7e-01 8.4e-01 9.6e-01 9.7e-01 1.0e+00 0.0e+00 0.0e+00
# WHG year: 1984 
0.000 0.044 0.356 0.794 0.834 0.865 0.919 0.949 1.000 0.000 0.000
0.000 0.044 0.356 0.794 0.834 0.865 0.919 0.949 1.000 0.000 0.000
0.000 0.044 0.356 0.794 0.834 0.865 0.919 0.949 1.000 0.000 0.000
0.000 0.044 0.356 0.794 0.834 0.865 0.919 0.949 1.000 0.000 0.000
# WHG year: 1985 
5.8e-06 1.1e-02 3.6e-01 7.0e-01 8.5e-01 9.0e-01 9.4e-01 9.7e-01 1.0e+00 0.0e+00 0.0e+00
5.8e-06 1.1e-02 3.6e-01 7.0e-01 8.5e-01 9.0e-01 9.4e-01 9.7e-01 1.0e+00 0.0e+00 0.0e+00
5.8e-06 1.1e-02 3.6e-01 7.0e-01 8.5e-01 9.0e-01 9.4e-01 9.7e-01 1.0e+00 0.0e+00 0.0e+00
5.8e-06 1.1e-02 3.6e-01 7.0e-01 8.5e-01 9.0e-01 9.4e-01 9.7e-01 1.0e+00 0.0e+00 0.0e+00
# WHG year: 1986 
0.00013 0.02233 0.26634 0.65767 0.80159 0.84422 0.96894 0.98406 1.00000 0.00000 0.00000
0.00013 0.02233 0.26634 0.65767 0.80159 0.84422 0.96894 0.98406 1.00000 0.00000 0.00000
0.00013 0.02233 0.26634 0.65767 0.80159 0.84422 0.96894 0.98406 1.00000 0.00000 0.00000
0.00013 0.02233 0.26634 0.65767 0.80159 0.84422 0.96894 0.98406 1.00000 0.00000 0.00000
# WHG year: 1987 
0.00026 0.04147 0.19654 0.57438 0.86511 0.94877 0.98912 0.99998 1.00000 0.00000 0.00000
0.00026 0.04147 0.19654 0.57438 0.86511 0.94877 0.98912 0.99998 1.00000 0.00000 0.00000
0.00026 0.04147 0.19654 0.57438 0.86511 0.94877 0.98912 0.99998 1.00000 0.00000 0.00000
0.00026 0.04147 0.19654 0.57438 0.86511 0.94877 0.98912 0.99998 1.00000 0.00000 0.00000
# WHG year: 1988 
7.8e-07 1.7e-02 2.0e-01 5.2e-01 7.4e-01 9.2e-01 9.9e-01 1.0e+00 1.0e+00 0.0e+00 0.0e+00
7.8e-07 1.7e-02 2.0e-01 5.2e-01 7.4e-01 9.2e-01 9.9e-01 1.0e+00 1.0e+00 0.0e+00 0.0e+00
7.8e-07 1.7e-02 2.0e-01 5.2e-01 7.4e-01 9.2e-01 9.9e-01 1.0e+00 1.0e+00 0.0e+00 0.0e+00
7.8e-07 1.7e-02 2.0e-01 5.2e-01 7.4e-01 9.2e-01 9.9e-01 1.0e+00 1.0e+00 0.0e+00 0.0e+00
# WHG year: 1989 
0.0006 0.0260 0.1636 0.4012 0.5647 0.6438 0.7699 0.8136 1.0000 0.0000 0.0000
0.0006 0.0260 0.1636 0.4012 0.5647 0.6438 0.7699 0.8136 1.0000 0.0000 0.0000
0.0006 0.0260 0.1636 0.4012 0.5647 0.6438 0.7699 0.8136 1.0000 0.0000 0.0000
0.0006 0.0260 0.1636 0.4012 0.5647 0.6438 0.7699 0.8136 1.0000 0.0000 0.0000
# WHG year: 1990 
7.9e-05 2.7e-02 1.0e-01 3.4e-01 5.8e-01 5.4e-01 6.9e-01 8.4e-01 1.0e+00 0.0e+00 0.0e+00
7.9e-05 2.7e-02 1.0e-01 3.4e-01 5.8e-01 5.4e-01 6.9e-01 8.4e-01 1.0e+00 0.0e+00 0.0e+00
7.9e-05 2.7e-02 1.0e-01 3.4e-01 5.8e-01 5.4e-01 6.9e-01 8.4e-01 1.0e+00 0.0e+00 0.0e+00
7.9e-05 2.7e-02 1.0e-01 3.4e-01 5.8e-01 5.4e-01 6.9e-01 8.4e-01 1.0e+00 0.0e+00 0.0e+00
# WHG year: 1991 
0.00039 0.08516 0.21816 0.48104 0.70924 0.83199 0.85796 0.75340 1.00000 0.00000 0.00000
0.00039 0.08516 0.21816 0.48104 0.70924 0.83199 0.85796 0.75340 1.00000 0.00000 0.00000
0.00039 0.08516 0.21816 0.48104 0.70924 0.83199 0.85796 0.75340 1.00000 0.00000 0.00000
0.00039 0.08516 0.21816 0.48104 0.70924 0.83199 0.85796 0.75340 1.00000 0.00000 0.00000
# WHG year: 1992 
0.0011 0.0415 0.2669 0.5448 0.6501 0.8396 0.9193 0.5705 1.0000 0.0000 0.0000
0.0011 0.0415 0.2669 0.5448 0.6501 0.8396 0.9193 0.5705 1.0000 0.0000 0.0000
0.0011 0.0415 0.2669 0.5448 0.6501 0.8396 0.9193 0.5705 1.0000 0.0000 0.0000
0.0011 0.0415 0.2669 0.5448 0.6501 0.8396 0.9193 0.5705 1.0000 0.0000 0.0000
# WHG year: 1993 
0.0011 0.0267 0.1682 0.5046 0.7107 0.7448 0.7522 0.8917 1.0000 0.0000 0.0000
0.0011 0.0267 0.1682 0.5046 0.7107 0.7448 0.7522 0.8917 1.0000 0.0000 0.0000
0.0011 0.0267 0.1682 0.5046 0.7107 0.7448 0.7522 0.8917 1.0000 0.0000 0.0000
0.0011 0.0267 0.1682 0.5046 0.7107 0.7448 0.7522 0.8917 1.0000 0.0000 0.0000
# WHG year: 1994 
0.00035 0.08940 0.19796 0.46630 0.71098 0.74506 0.80463 0.72679 1.00000 0.00000 0.00000
0.00035 0.08940 0.19796 0.46630 0.71098 0.74506 0.80463 0.72679 1.00000 0.00000 0.00000
0.00035 0.08940 0.19796 0.46630 0.71098 0.74506 0.80463 0.72679 1.00000 0.00000 0.00000
0.00035 0.08940 0.19796 0.46630 0.71098 0.74506 0.80463 0.72679 1.00000 0.00000 0.00000
# WHG year: 1995 
0.00017 0.05959 0.19460 0.51635 0.77913 0.90643 0.95967 0.97470 1.00000 0.00000 0.00000
0.00017 0.05959 0.19460 0.51635 0.77913 0.90643 0.95967 0.97470 1.00000 0.00000 0.00000
0.00017 0.05959 0.19460 0.51635 0.77913 0.90643 0.95967 0.97470 1.00000 0.00000 0.00000
0.00017 0.05959 0.19460 0.51635 0.77913 0.90643 0.95967 0.97470 1.00000 0.00000 0.00000
# WHG year: 1996 
0.011 0.145 0.224 0.473 0.742 0.842 0.948 0.860 1.000 0.000 0.000
0.011 0.145 0.224 0.473 0.742 0.842 0.948 0.860 1.000 0.000 0.000
0.011 0.145 0.224 0.473 0.742 0.842 0.948 0.860 1.000 0.000 0.000
0.011 0.145 0.224 0.473 0.742 0.842 0.948 0.860 1.000 0.000 0.000
# WHG year: 1997 
0.032 0.107 0.291 0.566 0.751 0.853 0.879 0.998 1.000 0.000 0.000
0.032 0.107 0.291 0.566 0.751 0.853 0.879 0.998 1.000 0.000 0.000
0.032 0.107 0.291 0.566 0.751 0.853 0.879 0.998 1.000 0.000 0.000
0.032 0.107 0.291 0.566 0.751 0.853 0.879 0.998 1.000 0.000 0.000
# WHG year: 1998 
0.017 0.184 0.394 0.572 0.674 0.827 0.851 0.850 1.000 0.000 0.000
0.017 0.184 0.394 0.572 0.674 0.827 0.851 0.850 1.000 0.000 0.000
0.017 0.184 0.394 0.572 0.674 0.827 0.851 0.850 1.000 0.000 0.000
0.017 0.184 0.394 0.572 0.674 0.827 0.851 0.850 1.000 0.000 0.000
# WHG year: 1999 
0.00089 0.08808 0.27950 0.55540 0.69176 0.79269 0.88056 0.91758 1.00000 0.00000 0.00000
0.00089 0.08808 0.27950 0.55540 0.69176 0.79269 0.88056 0.91758 1.00000 0.00000 0.00000
0.00089 0.08808 0.27950 0.55540 0.69176 0.79269 0.88056 0.91758 1.00000 0.00000 0.00000
0.00089 0.08808 0.27950 0.55540 0.69176 0.79269 0.88056 0.91758 1.00000 0.00000 0.00000
# WHG year: 2000 
0.00 0.19 0.25 0.44 0.60 0.73 0.76 0.87 1.00 0.00 0.00
0.00 0.19 0.25 0.44 0.60 0.73 0.76 0.87 1.00 0.00 0.00
0.00 0.19 0.25 0.44 0.60 0.73 0.76 0.87 1.00 0.00 0.00
0.00 0.19 0.25 0.44 0.60 0.73 0.76 0.87 1.00 0.00 0.00
# WHG year: 2001 
0.0083 0.2332 0.3427 0.5241 0.8409 0.9327 0.9331 0.9364 1.0000 0.0000 0.0000
0.0083 0.2332 0.3427 0.5241 0.8409 0.9327 0.9331 0.9364 1.0000 0.0000 0.0000
0.0083 0.2332 0.3427 0.5241 0.8409 0.9327 0.9331 0.9364 1.0000 0.0000 0.0000
0.0083 0.2332 0.3427 0.5241 0.8409 0.9327 0.9331 0.9364 1.0000 0.0000 0.0000
# WHG year: 2002 
0.000 0.051 0.166 0.365 0.645 0.829 0.835 0.910 1.000 0.000 0.000
0.000 0.051 0.166 0.365 0.645 0.829 0.835 0.910 1.000 0.000 0.000
0.000 0.051 0.166 0.365 0.645 0.829 0.835 0.910 1.000 0.000 0.000
0.000 0.051 0.166 0.365 0.645 0.829 0.835 0.910 1.000 0.000 0.000
# WHG year: 2003 
0.00033 0.00482 0.10448 0.25043 0.45348 0.66912 0.78910 0.93697 1.00000 0.00000 0.00000
0.00033 0.00482 0.10448 0.25043 0.45348 0.66912 0.78910 0.93697 1.00000 0.00000 0.00000
0.00033 0.00482 0.10448 0.25043 0.45348 0.66912 0.78910 0.93697 1.00000 0.00000 0.00000
0.00033 0.00482 0.10448 0.25043 0.45348 0.66912 0.78910 0.93697 1.00000 0.00000 0.00000
# WHG year: 2004 
0.000 0.083 0.122 0.296 0.438 0.545 0.528 0.552 1.000 0.000 0.000
0.000 0.083 0.122 0.296 0.438 0.545 0.528 0.552 1.000 0.000 0.000
0.000 0.083 0.122 0.296 0.438 0.545 0.528 0.552 1.000 0.000 0.000
0.000 0.083 0.122 0.296 0.438 0.545 0.528 0.552 1.000 0.000 0.000
# WHG year: 2005 
0.0042 0.2303 0.3008 0.4645 0.6021 0.6887 0.6607 0.7705 1.0000 0.0000 0.0000
0.0042 0.2303 0.3008 0.4645 0.6021 0.6887 0.6607 0.7705 1.0000 0.0000 0.0000
0.0042 0.2303 0.3008 0.4645 0.6021 0.6887 0.6607 0.7705 1.0000 0.0000 0.0000
0.0042 0.2303 0.3008 0.4645 0.6021 0.6887 0.6607 0.7705 1.0000 0.0000 0.0000
# WHG year: 2006 
0.00073 0.17539 0.29501 0.39918 0.57783 0.75254 0.79036 0.75890 1.00000 0.00000 0.00000
0.00073 0.17539 0.29501 0.39918 0.57783 0.75254 0.79036 0.75890 1.00000 0.00000 0.00000
0.00073 0.17539 0.29501 0.39918 0.57783 0.75254 0.79036 0.75890 1.00000 0.00000 0.00000
0.00073 0.17539 0.29501 0.39918 0.57783 0.75254 0.79036 0.75890 1.00000 0.00000 0.00000
# WHG year: 2007 
0.0041 0.1176 0.4751 0.6975 0.8112 0.8526 0.8767 0.8030 1.0000 0.0000 0.0000
0.0041 0.1176 0.4751 0.6975 0.8112 0.8526 0.8767 0.8030 1.0000 0.0000 0.0000
0.0041 0.1176 0.4751 0.6975 0.8112 0.8526 0.8767 0.8030 1.0000 0.0000 0.0000
0.0041 0.1176 0.4751 0.6975 0.8112 0.8526 0.8767 0.8030 1.0000 0.0000 0.0000
# WHG year: 2008 
0.00 0.21 0.44 0.62 0.67 0.83 0.82 0.63 1.00 0.00 0.00
0.00 0.21 0.44 0.62 0.67 0.83 0.82 0.63 1.00 0.00 0.00
0.00 0.21 0.44 0.62 0.67 0.83 0.82 0.63 1.00 0.00 0.00
0.00 0.21 0.44 0.62 0.67 0.83 0.82 0.63 1.00 0.00 0.00
# WHG year: 2009 
0.00085 0.16554 0.59246 0.69211 0.84733 0.82599 0.90727 0.89886 1.00000 0.00000 0.00000
0.00085 0.16554 0.59246 0.69211 0.84733 0.82599 0.90727 0.89886 1.00000 0.00000 0.00000
0.00085 0.16554 0.59246 0.69211 0.84733 0.82599 0.90727 0.89886 1.00000 0.00000 0.00000
0.00085 0.16554 0.59246 0.69211 0.84733 0.82599 0.90727 0.89886 1.00000 0.00000 0.00000
# WHG year: 2010 
0.0077 0.1835 0.4747 0.6539 0.6495 0.7730 0.6174 0.7069 1.0000 0.0000 0.0000
0.0077 0.1835 0.4747 0.6539 0.6495 0.7730 0.6174 0.7069 1.0000 0.0000 0.0000
0.0077 0.1835 0.4747 0.6539 0.6495 0.7730 0.6174 0.7069 1.0000 0.0000 0.0000
0.0077 0.1835 0.4747 0.6539 0.6495 0.7730 0.6174 0.7069 1.0000 0.0000 0.0000
# WHG year: 2011 
0.00 0.14 0.40 0.56 0.77 0.73 0.70 0.73 0.93 0.00 0.00
0.00 0.14 0.40 0.56 0.77 0.73 0.70 0.73 0.93 0.00 0.00
0.00 0.14 0.40 0.56 0.77 0.73 0.70 0.73 0.93 0.00 0.00
0.00 0.14 0.40 0.56 0.77 0.73 0.70 0.73 0.93 0.00 0.00
# WHG year: 2012 
0.12 0.17 0.45 0.59 0.65 0.72 0.66 0.71 0.77 0.00 0.00
0.12 0.17 0.45 0.59 0.65 0.72 0.66 0.71 0.77 0.00 0.00
0.12 0.17 0.45 0.59 0.65 0.72 0.66 0.71 0.77 0.00 0.00
0.12 0.17 0.45 0.59 0.65 0.72 0.66 0.71 0.77 0.00 0.00
# WHG year: 2013 
0.0014 0.1314 0.4264 0.6162 0.8480 0.9597 0.9652 0.9788 0.9790 0.0000 0.0000
0.0014 0.1314 0.4264 0.6162 0.8480 0.9597 0.9652 0.9788 0.9790 0.0000 0.0000
0.0014 0.1314 0.4264 0.6162 0.8480 0.9597 0.9652 0.9788 0.9790 0.0000 0.0000
0.0014 0.1314 0.4264 0.6162 0.8480 0.9597 0.9652 0.9788 0.9790 0.0000 0.0000
# HAD year: 1974 
0.00 0.02 0.30 0.69 0.88 0.96 0.94 0.99 1.00 1.00 1.00
0.00 0.02 0.30 0.69 0.88 0.96 0.94 0.99 1.00 1.00 1.00
0.00 0.02 0.30 0.69 0.88 0.96 0.94 0.99 1.00 1.00 1.00
0.00 0.02 0.30 0.69 0.88 0.96 0.94 0.99 1.00 1.00 1.00
# HAD year: 1975 
0.000 0.013 0.314 0.660 0.834 0.984 0.996 1.000 0.999 1.000 1.000
0.000 0.013 0.314 0.660 0.834 0.984 0.996 1.000 0.999 1.000 1.000
0.000 0.013 0.314 0.660 0.834 0.984 0.996 1.000 0.999 1.000 1.000
0.000 0.013 0.314 0.660 0.834 0.984 0.996 1.000 0.999 1.000 1.000
# HAD year: 1976 
0.000 0.016 0.218 0.688 0.979 0.906 0.997 1.000 1.000 1.000 1.000
0.000 0.016 0.218 0.688 0.979 0.906 0.997 1.000 1.000 1.000 1.000
0.000 0.016 0.218 0.688 0.979 0.906 0.997 1.000 1.000 1.000 1.000
0.000 0.016 0.218 0.688 0.979 0.906 0.997 1.000 1.000 1.000 1.000
# HAD year: 1977 
0.000 0.034 0.302 0.654 0.934 0.950 0.964 1.000 1.000 1.000 1.000
0.000 0.034 0.302 0.654 0.934 0.950 0.964 1.000 1.000 1.000 1.000
0.000 0.034 0.302 0.654 0.934 0.950 0.964 1.000 1.000 1.000 1.000
0.000 0.034 0.302 0.654 0.934 0.950 0.964 1.000 1.000 1.000 1.000
# HAD year: 1978 
0.000 0.062 0.425 0.839 0.855 0.974 0.945 0.998 1.000 1.000 1.000
0.000 0.062 0.425 0.839 0.855 0.974 0.945 0.998 1.000 1.000 1.000
0.000 0.062 0.425 0.839 0.855 0.974 0.945 0.998 1.000 1.000 1.000
0.000 0.062 0.425 0.839 0.855 0.974 0.945 0.998 1.000 1.000 1.000
# HAD year: 1979 
0.000 0.062 0.547 0.841 0.972 0.980 0.995 1.000 1.000 1.000 1.000
0.000 0.062 0.547 0.841 0.972 0.980 0.995 1.000 1.000 1.000 1.000
0.000 0.062 0.547 0.841 0.972 0.980 0.995 1.000 1.000 1.000 1.000
0.000 0.062 0.547 0.841 0.972 0.980 0.995 1.000 1.000 1.000 1.000
# HAD year: 1980 
0.000 0.026 0.413 0.838 0.878 0.973 0.992 0.992 1.000 0.994 1.000
0.000 0.026 0.413 0.838 0.878 0.973 0.992 0.992 1.000 0.994 1.000
0.000 0.026 0.413 0.838 0.878 0.973 0.992 0.992 1.000 0.994 1.000
0.000 0.026 0.413 0.838 0.878 0.973 0.992 0.992 1.000 0.994 1.000
# HAD year: 1981 
0.000 0.017 0.405 0.709 0.965 0.997 0.996 1.000 1.000 1.000 1.000
0.000 0.017 0.405 0.709 0.965 0.997 0.996 1.000 1.000 1.000 1.000
0.000 0.017 0.405 0.709 0.965 0.997 0.996 1.000 1.000 1.000 1.000
0.000 0.017 0.405 0.709 0.965 0.997 0.996 1.000 1.000 1.000 1.000
# HAD year: 1982 
0.000 0.035 0.446 0.724 0.918 0.891 1.000 1.000 1.000 1.000 1.000
0.000 0.035 0.446 0.724 0.918 0.891 1.000 1.000 1.000 1.000 1.000
0.000 0.035 0.446 0.724 0.918 0.891 1.000 1.000 1.000 1.000 1.000
0.000 0.035 0.446 0.724 0.918 0.891 1.000 1.000 1.000 1.000 1.000
# HAD year: 1983 
0.000 0.052 0.512 0.687 0.914 0.955 0.931 1.000 1.000 1.000 1.000
0.000 0.052 0.512 0.687 0.914 0.955 0.931 1.000 1.000 1.000 1.000
0.000 0.052 0.512 0.687 0.914 0.955 0.931 1.000 1.000 1.000 1.000
0.000 0.052 0.512 0.687 0.914 0.955 0.931 1.000 1.000 1.000 1.000
# HAD year: 1984 
0.000 0.047 0.574 0.802 0.932 0.931 1.000 1.000 1.000 1.000 1.000
0.000 0.047 0.574 0.802 0.932 0.931 1.000 1.000 1.000 1.000 1.000
0.000 0.047 0.574 0.802 0.932 0.931 1.000 1.000 1.000 1.000 1.000
0.000 0.047 0.574 0.802 0.932 0.931 1.000 1.000 1.000 1.000 1.000
# HAD year: 1985 
0.000 0.019 0.606 0.933 0.984 0.968 0.998 1.000 1.000 1.000 1.000
0.000 0.019 0.606 0.933 0.984 0.968 0.998 1.000 1.000 1.000 1.000
0.000 0.019 0.606 0.933 0.984 0.968 0.998 1.000 1.000 1.000 1.000
0.000 0.019 0.606 0.933 0.984 0.968 0.998 1.000 1.000 1.000 1.000
# HAD year: 1986 
0.000 0.093 0.466 0.878 0.996 0.999 1.000 1.000 1.000 1.000 1.000
0.000 0.093 0.466 0.878 0.996 0.999 1.000 1.000 1.000 1.000 1.000
0.000 0.093 0.466 0.878 0.996 0.999 1.000 1.000 1.000 1.000 1.000
0.000 0.093 0.466 0.878 0.996 0.999 1.000 1.000 1.000 1.000 1.000
# HAD year: 1987 
0.000 0.044 0.465 0.833 0.968 1.000 1.000 1.000 1.000 1.000 1.000
0.000 0.044 0.465 0.833 0.968 1.000 1.000 1.000 1.000 1.000 1.000
0.000 0.044 0.465 0.833 0.968 1.000 1.000 1.000 1.000 1.000 1.000
0.000 0.044 0.465 0.833 0.968 1.000 1.000 1.000 1.000 1.000 1.000
# HAD year: 1988 
0.000 0.072 0.394 0.866 0.939 0.992 1.000 1.000 0.935 1.000 1.000
0.000 0.072 0.394 0.866 0.939 0.992 1.000 1.000 0.935 1.000 1.000
0.000 0.072 0.394 0.866 0.939 0.992 1.000 1.000 0.935 1.000 1.000
0.000 0.072 0.394 0.866 0.939 0.992 1.000 1.000 0.935 1.000 1.000
# HAD year: 1989 
0.00 0.11 0.41 0.68 0.93 0.99 0.98 0.99 0.99 1.00 1.00
0.00 0.11 0.41 0.68 0.93 0.99 0.98 0.99 0.99 1.00 1.00
0.00 0.11 0.41 0.68 0.93 0.99 0.98 0.99 0.99 1.00 1.00
0.00 0.11 0.41 0.68 0.93 0.99 0.98 0.99 0.99 1.00 1.00
# HAD year: 1990 
0.000 0.076 0.588 0.880 0.895 0.942 0.955 0.957 0.983 1.000 1.000
0.000 0.076 0.588 0.880 0.895 0.942 0.955 0.957 0.983 1.000 1.000
0.000 0.076 0.588 0.880 0.895 0.942 0.955 0.957 0.983 1.000 1.000
0.000 0.076 0.588 0.880 0.895 0.942 0.955 0.957 0.983 1.000 1.000
# HAD year: 1991 
0.00 0.11 0.57 0.93 0.99 0.99 1.00 1.00 1.00 1.00 1.00
0.00 0.11 0.57 0.93 0.99 0.99 1.00 1.00 1.00 1.00 1.00
0.00 0.11 0.57 0.93 0.99 0.99 1.00 1.00 1.00 1.00 1.00
0.00 0.11 0.57 0.93 0.99 0.99 1.00 1.00 1.00 1.00 1.00
# HAD year: 1992 
0.000 0.021 0.502 0.898 0.983 0.998 0.996 1.000 0.999 1.000 1.000
0.000 0.021 0.502 0.898 0.983 0.998 0.996 1.000 0.999 1.000 1.000
0.000 0.021 0.502 0.898 0.983 0.998 0.996 1.000 0.999 1.000 1.000
0.000 0.021 0.502 0.898 0.983 0.998 0.996 1.000 0.999 1.000 1.000
# HAD year: 1993 
0.000 0.011 0.345 0.832 0.979 0.995 1.000 0.990 1.000 1.000 1.000
0.000 0.011 0.345 0.832 0.979 0.995 1.000 0.990 1.000 1.000 1.000
0.000 0.011 0.345 0.832 0.979 0.995 1.000 0.990 1.000 1.000 1.000
0.000 0.011 0.345 0.832 0.979 0.995 1.000 0.990 1.000 1.000 1.000
# HAD year: 1994 
0.000 0.016 0.223 0.800 0.936 0.989 0.999 1.000 1.000 1.000 1.000
0.000 0.016 0.223 0.800 0.936 0.989 0.999 1.000 1.000 1.000 1.000
0.000 0.016 0.223 0.800 0.936 0.989 0.999 1.000 1.000 1.000 1.000
0.000 0.016 0.223 0.800 0.936 0.989 0.999 1.000 1.000 1.000 1.000
# HAD year: 1995 
0.0000 0.0072 0.2755 0.6254 0.9230 0.9785 1.0000 1.0000 1.0000 1.0000 1.0000
0.0000 0.0072 0.2755 0.6254 0.9230 0.9785 1.0000 1.0000 1.0000 1.0000 1.0000
0.0000 0.0072 0.2755 0.6254 0.9230 0.9785 1.0000 1.0000 1.0000 1.0000 1.0000
0.0000 0.0072 0.2755 0.6254 0.9230 0.9785 1.0000 1.0000 1.0000 1.0000 1.0000
# HAD year: 1996 
0.000 0.025 0.167 0.563 0.842 0.997 1.000 1.000 1.000 1.000 1.000
0.000 0.025 0.167 0.563 0.842 0.997 1.000 1.000 1.000 1.000 1.000
0.000 0.025 0.167 0.563 0.842 0.997 1.000 1.000 1.000 1.000 1.000
0.000 0.025 0.167 0.563 0.842 0.997 1.000 1.000 1.000 1.000 1.000
# HAD year: 1997 
0.000 0.014 0.249 0.557 0.896 0.976 1.000 1.000 1.000 1.000 1.000
0.000 0.014 0.249 0.557 0.896 0.976 1.000 1.000 1.000 1.000 1.000
0.000 0.014 0.249 0.557 0.896 0.976 1.000 1.000 1.000 1.000 1.000
0.000 0.014 0.249 0.557 0.896 0.976 1.000 1.000 1.000 1.000 1.000
# HAD year: 1998 
0.000 0.025 0.203 0.697 0.827 0.979 0.998 1.000 1.000 1.000 1.000
0.000 0.025 0.203 0.697 0.827 0.979 0.998 1.000 1.000 1.000 1.000
0.000 0.025 0.203 0.697 0.827 0.979 0.998 1.000 1.000 1.000 1.000
0.000 0.025 0.203 0.697 0.827 0.979 0.998 1.000 1.000 1.000 1.000
# HAD year: 1999 
0.000 0.019 0.263 0.548 0.921 0.940 0.981 1.000 1.000 1.000 1.000
0.000 0.019 0.263 0.548 0.921 0.940 0.981 1.000 1.000 1.000 1.000
0.000 0.019 0.263 0.548 0.921 0.940 0.981 1.000 1.000 1.000 1.000
0.000 0.019 0.263 0.548 0.921 0.940 0.981 1.000 1.000 1.000 1.000
# HAD year: 2000 
0.000 0.014 0.297 0.563 0.822 0.955 0.980 1.000 1.000 1.000 1.000
0.000 0.014 0.297 0.563 0.822 0.955 0.980 1.000 1.000 1.000 1.000
0.000 0.014 0.297 0.563 0.822 0.955 0.980 1.000 1.000 1.000 1.000
0.000 0.014 0.297 0.563 0.822 0.955 0.980 1.000 1.000 1.000 1.000
# HAD year: 2001 
0.000 0.009 0.120 0.519 0.905 0.955 1.000 0.999 0.996 1.000 1.000
0.000 0.009 0.120 0.519 0.905 0.955 1.000 0.999 0.996 1.000 1.000
0.000 0.009 0.120 0.519 0.905 0.955 1.000 0.999 0.996 1.000 1.000
0.000 0.009 0.120 0.519 0.905 0.955 1.000 0.999 0.996 1.000 1.000
# HAD year: 2002 
0.000 0.023 0.149 0.336 0.810 0.968 1.000 0.848 1.000 1.000 1.000
0.000 0.023 0.149 0.336 0.810 0.968 1.000 0.848 1.000 1.000 1.000
0.000 0.023 0.149 0.336 0.810 0.968 1.000 0.848 1.000 1.000 1.000
0.000 0.023 0.149 0.336 0.810 0.968 1.000 0.848 1.000 1.000 1.000
# HAD year: 2003 
0.000 0.004 0.139 0.330 0.643 0.989 0.989 1.000 1.000 1.000 1.000
0.000 0.004 0.139 0.330 0.643 0.989 0.989 1.000 1.000 1.000 1.000
0.000 0.004 0.139 0.330 0.643 0.989 0.989 1.000 1.000 1.000 1.000
0.000 0.004 0.139 0.330 0.643 0.989 0.989 1.000 1.000 1.000 1.000
# HAD year: 2004 
0.000 0.019 0.128 0.548 0.618 0.790 0.987 0.966 1.000 1.000 1.000
0.000 0.019 0.128 0.548 0.618 0.790 0.987 0.966 1.000 1.000 1.000
0.000 0.019 0.128 0.548 0.618 0.790 0.987 0.966 1.000 1.000 1.000
0.000 0.019 0.128 0.548 0.618 0.790 0.987 0.966 1.000 1.000 1.000
# HAD year: 2005 
0.000 0.045 0.235 0.589 0.767 0.826 0.924 0.996 0.996 1.000 1.000
0.000 0.045 0.235 0.589 0.767 0.826 0.924 0.996 0.996 1.000 1.000
0.000 0.045 0.235 0.589 0.767 0.826 0.924 0.996 0.996 1.000 1.000
0.000 0.045 0.235 0.589 0.767 0.826 0.924 0.996 0.996 1.000 1.000
# HAD year: 2006 
0.000 0.017 0.336 0.570 0.762 0.857 0.898 0.920 0.957 0.975 0.961
0.000 0.017 0.336 0.570 0.762 0.857 0.898 0.920 0.957 0.975 0.961
0.000 0.017 0.336 0.570 0.762 0.857 0.898 0.920 0.957 0.975 0.961
0.000 0.017 0.336 0.570 0.762 0.857 0.898 0.920 0.957 0.975 0.961
# HAD year: 2007 
0.000 0.056 0.168 0.667 0.899 0.980 0.983 0.985 0.990 1.000 1.000
0.000 0.056 0.168 0.667 0.899 0.980 0.983 0.985 0.990 1.000 1.000
0.000 0.056 0.168 0.667 0.899 0.980 0.983 0.985 0.990 1.000 1.000
0.000 0.056 0.168 0.667 0.899 0.980 0.983 0.985 0.990 1.000 1.000
# HAD year: 2008 
0.00 0.02 0.20 0.68 0.94 0.97 0.91 0.99 0.98 1.00 1.00
0.00 0.02 0.20 0.68 0.94 0.97 0.91 0.99 0.98 1.00 1.00
0.00 0.02 0.20 0.68 0.94 0.97 0.91 0.99 0.98 1.00 1.00
0.00 0.02 0.20 0.68 0.94 0.97 0.91 0.99 0.98 1.00 1.00
# HAD year: 2009 
0.000 0.044 0.301 0.466 0.789 0.954 0.939 0.918 0.999 0.997 0.994
0.000 0.044 0.301 0.466 0.789 0.954 0.939 0.918 0.999 0.997 0.994
0.000 0.044 0.301 0.466 0.789 0.954 0.939 0.918 0.999 0.997 0.994
0.000 0.044 0.301 0.466 0.789 0.954 0.939 0.918 0.999 0.997 0.994
# HAD year: 2010 
0.00 0.01 0.30 0.71 0.90 0.94 0.97 1.00 0.91 1.00 1.00
0.00 0.01 0.30 0.71 0.90 0.94 0.97 1.00 0.91 1.00 1.00
0.00 0.01 0.30 0.71 0.90 0.94 0.97 1.00 0.91 1.00 1.00
0.00 0.01 0.30 0.71 0.90 0.94 0.97 1.00 0.91 1.00 1.00
# HAD year: 2011 
0.00014 0.03676 0.24874 0.89287 0.94224 0.99024 0.98982 0.99970 0.99988 0.99818 0.97848
0.00014 0.03676 0.24874 0.89287 0.94224 0.99024 0.98982 0.99970 0.99988 0.99818 0.97848
0.00014 0.03676 0.24874 0.89287 0.94224 0.99024 0.98982 0.99970 0.99988 0.99818 0.97848
0.00014 0.03676 0.24874 0.89287 0.94224 0.99024 0.98982 0.99970 0.99988 0.99818 0.97848
# HAD year: 2012 
0.000 0.077 0.625 0.788 0.907 0.997 0.997 0.998 1.000 1.000 1.000
0.000 0.077 0.625 0.788 0.907 0.997 0.997 0.998 1.000 1.000 1.000
0.000 0.077 0.625 0.788 0.907 0.997 0.997 0.998 1.000 1.000 1.000
0.000 0.077 0.625 0.788 0.907 0.997 0.997 0.998 1.000 1.000 1.000
# HAD year: 2013 
0.000 0.087 0.580 0.896 0.959 0.987 0.992 0.986 0.993 0.988 0.970
0.000 0.087 0.580 0.896 0.959 0.987 0.992 0.986 0.993 0.988 0.970
0.000 0.087 0.580 0.896 0.959 0.987 0.992 0.986 0.993 0.988 0.970
0.000 0.087 0.580 0.896 0.959 0.987 0.992 0.986 0.993 0.988 0.970
# POK year: 1974 
1 1 1 1 1 1 1 1 1 1 1
1 1 1 1 1 1 1 1 1 1 1
1 1 1 1 1 1 1 1 1 1 1
1 1 1 1 1 1 1 1 1 1 1
# POK year: 1975 
1 1 1 1 1 1 1 1 1 1 1
1 1 1 1 1 1 1 1 1 1 1
1 1 1 1 1 1 1 1 1 1 1
1 1 1 1 1 1 1 1 1 1 1
# POK year: 1976 
1 1 1 1 1 1 1 1 1 1 1
1 1 1 1 1 1 1 1 1 1 1
1 1 1 1 1 1 1 1 1 1 1
1 1 1 1 1 1 1 1 1 1 1
# POK year: 1977 
1 1 1 1 1 1 1 1 1 1 1
1 1 1 1 1 1 1 1 1 1 1
1 1 1 1 1 1 1 1 1 1 1
1 1 1 1 1 1 1 1 1 1 1
# POK year: 1978 
1 1 1 1 1 1 1 1 1 1 1
1 1 1 1 1 1 1 1 1 1 1
1 1 1 1 1 1 1 1 1 1 1
1 1 1 1 1 1 1 1 1 1 1
# POK year: 1979 
1 1 1 1 1 1 1 1 1 1 1
1 1 1 1 1 1 1 1 1 1 1
1 1 1 1 1 1 1 1 1 1 1
1 1 1 1 1 1 1 1 1 1 1
# POK year: 1980 
1 1 1 1 1 1 1 1 1 1 1
1 1 1 1 1 1 1 1 1 1 1
1 1 1 1 1 1 1 1 1 1 1
1 1 1 1 1 1 1 1 1 1 1
# POK year: 1981 
1 1 1 1 1 1 1 1 1 1 1
1 1 1 1 1 1 1 1 1 1 1
1 1 1 1 1 1 1 1 1 1 1
1 1 1 1 1 1 1 1 1 1 1
# POK year: 1982 
1 1 1 1 1 1 1 1 1 1 1
1 1 1 1 1 1 1 1 1 1 1
1 1 1 1 1 1 1 1 1 1 1
1 1 1 1 1 1 1 1 1 1 1
# POK year: 1983 
1 1 1 1 1 1 1 1 1 1 1
1 1 1 1 1 1 1 1 1 1 1
1 1 1 1 1 1 1 1 1 1 1
1 1 1 1 1 1 1 1 1 1 1
# POK year: 1984 
1 1 1 1 1 1 1 1 1 1 1
1 1 1 1 1 1 1 1 1 1 1
1 1 1 1 1 1 1 1 1 1 1
1 1 1 1 1 1 1 1 1 1 1
# POK year: 1985 
1 1 1 1 1 1 1 1 1 1 1
1 1 1 1 1 1 1 1 1 1 1
1 1 1 1 1 1 1 1 1 1 1
1 1 1 1 1 1 1 1 1 1 1
# POK year: 1986 
1 1 1 1 1 1 1 1 1 1 1
1 1 1 1 1 1 1 1 1 1 1
1 1 1 1 1 1 1 1 1 1 1
1 1 1 1 1 1 1 1 1 1 1
# POK year: 1987 
1 1 1 1 1 1 1 1 1 1 1
1 1 1 1 1 1 1 1 1 1 1
1 1 1 1 1 1 1 1 1 1 1
1 1 1 1 1 1 1 1 1 1 1
# POK year: 1988 
1 1 1 1 1 1 1 1 1 1 1
1 1 1 1 1 1 1 1 1 1 1
1 1 1 1 1 1 1 1 1 1 1
1 1 1 1 1 1 1 1 1 1 1
# POK year: 1989 
1 1 1 1 1 1 1 1 1 1 1
1 1 1 1 1 1 1 1 1 1 1
1 1 1 1 1 1 1 1 1 1 1
1 1 1 1 1 1 1 1 1 1 1
# POK year: 1990 
1 1 1 1 1 1 1 1 1 1 1
1 1 1 1 1 1 1 1 1 1 1
1 1 1 1 1 1 1 1 1 1 1
1 1 1 1 1 1 1 1 1 1 1
# POK year: 1991 
1 1 1 1 1 1 1 1 1 1 1
1 1 1 1 1 1 1 1 1 1 1
1 1 1 1 1 1 1 1 1 1 1
1 1 1 1 1 1 1 1 1 1 1
# POK year: 1992 
1 1 1 1 1 1 1 1 1 1 1
1 1 1 1 1 1 1 1 1 1 1
1 1 1 1 1 1 1 1 1 1 1
1 1 1 1 1 1 1 1 1 1 1
# POK year: 1993 
1 1 1 1 1 1 1 1 1 1 1
1 1 1 1 1 1 1 1 1 1 1
1 1 1 1 1 1 1 1 1 1 1
1 1 1 1 1 1 1 1 1 1 1
# POK year: 1994 
1 1 1 1 1 1 1 1 1 1 1
1 1 1 1 1 1 1 1 1 1 1
1 1 1 1 1 1 1 1 1 1 1
1 1 1 1 1 1 1 1 1 1 1
# POK year: 1995 
1 1 1 1 1 1 1 1 1 1 1
1 1 1 1 1 1 1 1 1 1 1
1 1 1 1 1 1 1 1 1 1 1
1 1 1 1 1 1 1 1 1 1 1
# POK year: 1996 
1 1 1 1 1 1 1 1 1 1 1
1 1 1 1 1 1 1 1 1 1 1
1 1 1 1 1 1 1 1 1 1 1
1 1 1 1 1 1 1 1 1 1 1
# POK year: 1997 
1 1 1 1 1 1 1 1 1 1 1
1 1 1 1 1 1 1 1 1 1 1
1 1 1 1 1 1 1 1 1 1 1
1 1 1 1 1 1 1 1 1 1 1
# POK year: 1998 
1 1 1 1 1 1 1 1 1 1 1
1 1 1 1 1 1 1 1 1 1 1
1 1 1 1 1 1 1 1 1 1 1
1 1 1 1 1 1 1 1 1 1 1
# POK year: 1999 
1 1 1 1 1 1 1 1 1 1 1
1 1 1 1 1 1 1 1 1 1 1
1 1 1 1 1 1 1 1 1 1 1
1 1 1 1 1 1 1 1 1 1 1
# POK year: 2000 
1 1 1 1 1 1 1 1 1 1 1
1 1 1 1 1 1 1 1 1 1 1
1 1 1 1 1 1 1 1 1 1 1
1 1 1 1 1 1 1 1 1 1 1
# POK year: 2001 
1 1 1 1 1 1 1 1 1 1 1
1 1 1 1 1 1 1 1 1 1 1
1 1 1 1 1 1 1 1 1 1 1
1 1 1 1 1 1 1 1 1 1 1
# POK year: 2002 
1 1 1 1 1 1 1 1 1 1 1
1 1 1 1 1 1 1 1 1 1 1
1 1 1 1 1 1 1 1 1 1 1
1 1 1 1 1 1 1 1 1 1 1
# POK year: 2003 
1 1 1 1 1 1 1 1 1 1 1
1 1 1 1 1 1 1 1 1 1 1
1 1 1 1 1 1 1 1 1 1 1
1 1 1 1 1 1 1 1 1 1 1
# POK year: 2004 
1 1 1 1 1 1 1 1 1 1 1
1 1 1 1 1 1 1 1 1 1 1
1 1 1 1 1 1 1 1 1 1 1
1 1 1 1 1 1 1 1 1 1 1
# POK year: 2005 
1 1 1 1 1 1 1 1 1 1 1
1 1 1 1 1 1 1 1 1 1 1
1 1 1 1 1 1 1 1 1 1 1
1 1 1 1 1 1 1 1 1 1 1
# POK year: 2006 
1 1 1 1 1 1 1 1 1 1 1
1 1 1 1 1 1 1 1 1 1 1
1 1 1 1 1 1 1 1 1 1 1
1 1 1 1 1 1 1 1 1 1 1
# POK year: 2007 
1 1 1 1 1 1 1 1 1 1 1
1 1 1 1 1 1 1 1 1 1 1
1 1 1 1 1 1 1 1 1 1 1
1 1 1 1 1 1 1 1 1 1 1
# POK year: 2008 
1 1 1 1 1 1 1 1 1 1 1
1 1 1 1 1 1 1 1 1 1 1
1 1 1 1 1 1 1 1 1 1 1
1 1 1 1 1 1 1 1 1 1 1
# POK year: 2009 
1 1 1 1 1 1 1 1 1 1 1
1 1 1 1 1 1 1 1 1 1 1
1 1 1 1 1 1 1 1 1 1 1
1 1 1 1 1 1 1 1 1 1 1
# POK year: 2010 
1 1 1 1 1 1 1 1 1 1 1
1 1 1 1 1 1 1 1 1 1 1
1 1 1 1 1 1 1 1 1 1 1
1 1 1 1 1 1 1 1 1 1 1
# POK year: 2011 
0 0 0 1 1 1 1 1 1 1 1
0 0 0 1 1 1 1 1 1 1 1
0 0 0 1 1 1 1 1 1 1 1
0 0 0 1 1 1 1 1 1 1 1
# POK year: 2012 
0 0 0 1 1 1 1 1 1 1 1
0 0 0 1 1 1 1 1 1 1 1
0 0 0 1 1 1 1 1 1 1 1
0 0 0 1 1 1 1 1 1 1 1
# POK year: 2013 
0 0 0 1 1 1 1 1 1 1 1
0 0 0 1 1 1 1 1 1 1 1
0 0 0 1 1 1 1 1 1 1 1
0 0 0 1 1 1 1 1 1 1 1
# HER year: 1974 
1 1 1 1 1 1 1 1 0 0 0
1 1 1 1 1 1 1 1 0 0 0
1 1 1 1 1 1 1 1 0 0 0
1 1 1 1 1 1 1 1 0 0 0
# HER year: 1975 
1 1 1 1 1 1 1 1 0 0 0
1 1 1 1 1 1 1 1 0 0 0
1 1 1 1 1 1 1 1 0 0 0
1 1 1 1 1 1 1 1 0 0 0
# HER year: 1976 
1 1 1 1 1 1 1 1 0 0 0
1 1 1 1 1 1 1 1 0 0 0
1 1 1 1 1 1 1 1 0 0 0
1 1 1 1 1 1 1 1 0 0 0
# HER year: 1977 
1 1 1 1 1 1 1 1 0 0 0
1 1 1 1 1 1 1 1 0 0 0
1 1 1 1 1 1 1 1 0 0 0
1 1 1 1 1 1 1 1 0 0 0
# HER year: 1978 
1 1 1 1 1 1 1 1 0 0 0
1 1 1 1 1 1 1 1 0 0 0
1 1 1 1 1 1 1 1 0 0 0
1 1 1 1 1 1 1 1 0 0 0
# HER year: 1979 
1 1 1 1 1 1 1 1 0 0 0
1 1 1 1 1 1 1 1 0 0 0
1 1 1 1 1 1 1 1 0 0 0
1 1 1 1 1 1 1 1 0 0 0
# HER year: 1980 
1 1 1 1 1 1 1 1 0 0 0
1 1 1 1 1 1 1 1 0 0 0
1 1 1 1 1 1 1 1 0 0 0
1 1 1 1 1 1 1 1 0 0 0
# HER year: 1981 
1 1 1 1 1 1 1 1 0 0 0
1 1 1 1 1 1 1 1 0 0 0
1 1 1 1 1 1 1 1 0 0 0
1 1 1 1 1 1 1 1 0 0 0
# HER year: 1982 
1 1 1 1 1 1 1 1 0 0 0
1 1 1 1 1 1 1 1 0 0 0
1 1 1 1 1 1 1 1 0 0 0
1 1 1 1 1 1 1 1 0 0 0
# HER year: 1983 
1 1 1 1 1 1 1 1 0 0 0
1 1 1 1 1 1 1 1 0 0 0
1 1 1 1 1 1 1 1 0 0 0
1 1 1 1 1 1 1 1 0 0 0
# HER year: 1984 
1 1 1 1 1 1 1 1 0 0 0
1 1 1 1 1 1 1 1 0 0 0
1 1 1 1 1 1 1 1 0 0 0
1 1 1 1 1 1 1 1 0 0 0
# HER year: 1985 
1 1 1 1 1 1 1 1 0 0 0
1 1 1 1 1 1 1 1 0 0 0
1 1 1 1 1 1 1 1 0 0 0
1 1 1 1 1 1 1 1 0 0 0
# HER year: 1986 
1 1 1 1 1 1 1 1 0 0 0
1 1 1 1 1 1 1 1 0 0 0
1 1 1 1 1 1 1 1 0 0 0
1 1 1 1 1 1 1 1 0 0 0
# HER year: 1987 
1 1 1 1 1 1 1 1 0 0 0
1 1 1 1 1 1 1 1 0 0 0
1 1 1 1 1 1 1 1 0 0 0
1 1 1 1 1 1 1 1 0 0 0
# HER year: 1988 
1 1 1 1 1 1 1 1 0 0 0
1 1 1 1 1 1 1 1 0 0 0
1 1 1 1 1 1 1 1 0 0 0
1 1 1 1 1 1 1 1 0 0 0
# HER year: 1989 
1 1 1 1 1 1 1 1 0 0 0
1 1 1 1 1 1 1 1 0 0 0
1 1 1 1 1 1 1 1 0 0 0
1 1 1 1 1 1 1 1 0 0 0
# HER year: 1990 
1 1 1 1 1 1 1 1 0 0 0
1 1 1 1 1 1 1 1 0 0 0
1 1 1 1 1 1 1 1 0 0 0
1 1 1 1 1 1 1 1 0 0 0
# HER year: 1991 
1 1 1 1 1 1 1 1 0 0 0
1 1 1 1 1 1 1 1 0 0 0
1 1 1 1 1 1 1 1 0 0 0
1 1 1 1 1 1 1 1 0 0 0
# HER year: 1992 
1 1 1 1 1 1 1 1 0 0 0
1 1 1 1 1 1 1 1 0 0 0
1 1 1 1 1 1 1 1 0 0 0
1 1 1 1 1 1 1 1 0 0 0
# HER year: 1993 
1 1 1 1 1 1 1 1 0 0 0
1 1 1 1 1 1 1 1 0 0 0
1 1 1 1 1 1 1 1 0 0 0
1 1 1 1 1 1 1 1 0 0 0
# HER year: 1994 
1 1 1 1 1 1 1 1 0 0 0
1 1 1 1 1 1 1 1 0 0 0
1 1 1 1 1 1 1 1 0 0 0
1 1 1 1 1 1 1 1 0 0 0
# HER year: 1995 
1 1 1 1 1 1 1 1 0 0 0
1 1 1 1 1 1 1 1 0 0 0
1 1 1 1 1 1 1 1 0 0 0
1 1 1 1 1 1 1 1 0 0 0
# HER year: 1996 
1 1 1 1 1 1 1 1 0 0 0
1 1 1 1 1 1 1 1 0 0 0
1 1 1 1 1 1 1 1 0 0 0
1 1 1 1 1 1 1 1 0 0 0
# HER year: 1997 
1 1 1 1 1 1 1 1 0 0 0
1 1 1 1 1 1 1 1 0 0 0
1 1 1 1 1 1 1 1 0 0 0
1 1 1 1 1 1 1 1 0 0 0
# HER year: 1998 
1 1 1 1 1 1 1 1 0 0 0
1 1 1 1 1 1 1 1 0 0 0
1 1 1 1 1 1 1 1 0 0 0
1 1 1 1 1 1 1 1 0 0 0
# HER year: 1999 
1 1 1 1 1 1 1 1 0 0 0
1 1 1 1 1 1 1 1 0 0 0
1 1 1 1 1 1 1 1 0 0 0
1 1 1 1 1 1 1 1 0 0 0
# HER year: 2000 
1 1 1 1 1 1 1 1 0 0 0
1 1 1 1 1 1 1 1 0 0 0
1 1 1 1 1 1 1 1 0 0 0
1 1 1 1 1 1 1 1 0 0 0
# HER year: 2001 
1 1 1 1 1 1 1 1 0 0 0
1 1 1 1 1 1 1 1 0 0 0
1 1 1 1 1 1 1 1 0 0 0
1 1 1 1 1 1 1 1 0 0 0
# HER year: 2002 
1 1 1 1 1 1 1 1 0 0 0
1 1 1 1 1 1 1 1 0 0 0
1 1 1 1 1 1 1 1 0 0 0
1 1 1 1 1 1 1 1 0 0 0
# HER year: 2003 
1 1 1 1 1 1 1 1 0 0 0
1 1 1 1 1 1 1 1 0 0 0
1 1 1 1 1 1 1 1 0 0 0
1 1 1 1 1 1 1 1 0 0 0
# HER year: 2004 
1 1 1 1 1 1 1 1 0 0 0
1 1 1 1 1 1 1 1 0 0 0
1 1 1 1 1 1 1 1 0 0 0
1 1 1 1 1 1 1 1 0 0 0
# HER year: 2005 
1 1 1 1 1 1 1 1 0 0 0
1 1 1 1 1 1 1 1 0 0 0
1 1 1 1 1 1 1 1 0 0 0
1 1 1 1 1 1 1 1 0 0 0
# HER year: 2006 
1 1 1 1 1 1 1 1 0 0 0
1 1 1 1 1 1 1 1 0 0 0
1 1 1 1 1 1 1 1 0 0 0
1 1 1 1 1 1 1 1 0 0 0
# HER year: 2007 
1 1 1 1 1 1 1 1 0 0 0
1 1 1 1 1 1 1 1 0 0 0
1 1 1 1 1 1 1 1 0 0 0
1 1 1 1 1 1 1 1 0 0 0
# HER year: 2008 
1 1 1 1 1 1 1 1 0 0 0
1 1 1 1 1 1 1 1 0 0 0
1 1 1 1 1 1 1 1 0 0 0
1 1 1 1 1 1 1 1 0 0 0
# HER year: 2009 
1 1 1 1 1 1 1 1 0 0 0
1 1 1 1 1 1 1 1 0 0 0
1 1 1 1 1 1 1 1 0 0 0
1 1 1 1 1 1 1 1 0 0 0
# HER year: 2010 
1 1 1 1 1 1 1 1 0 0 0
1 1 1 1 1 1 1 1 0 0 0
1 1 1 1 1 1 1 1 0 0 0
1 1 1 1 1 1 1 1 0 0 0
# HER year: 2011 
1 1 1 1 1 1 1 1 0 0 0
1 1 1 1 1 1 1 1 0 0 0
1 1 1 1 1 1 1 1 0 0 0
1 1 1 1 1 1 1 1 0 0 0
# HER year: 2012 
1 1 1 1 1 1 1 1 0 0 0
1 1 1 1 1 1 1 1 0 0 0
1 1 1 1 1 1 1 1 0 0 0
1 1 1 1 1 1 1 1 0 0 0
# HER year: 2013 
1 1 1 1 1 1 1 1 0 0 0
1 1 1 1 1 1 1 1 0 0 0
1 1 1 1 1 1 1 1 0 0 0
1 1 1 1 1 1 1 1 0 0 0
# NSA year: 1974 
0 0 0 0 0 0 0 0 0 0 0
1 1 1 1 1 0 0 0 0 0 0
1 1 1 1 1 0 0 0 0 0 0
0 0 0 0 0 0 0 0 0 0 0
# NSA year: 1975 
0 0 0 0 0 0 0 0 0 0 0
1 1 1 1 1 0 0 0 0 0 0
1 1 1 1 1 0 0 0 0 0 0
0 0 0 0 0 0 0 0 0 0 0
# NSA year: 1976 
0 0 0 0 0 0 0 0 0 0 0
1 1 1 1 1 0 0 0 0 0 0
1 1 1 1 1 0 0 0 0 0 0
0 0 0 0 0 0 0 0 0 0 0
# NSA year: 1977 
0 0 0 0 0 0 0 0 0 0 0
1 1 1 1 1 0 0 0 0 0 0
1 1 1 1 1 0 0 0 0 0 0
0 0 0 0 0 0 0 0 0 0 0
# NSA year: 1978 
0 0 0 0 0 0 0 0 0 0 0
1 1 1 1 1 0 0 0 0 0 0
1 1 1 1 1 0 0 0 0 0 0
0 0 0 0 0 0 0 0 0 0 0
# NSA year: 1979 
0 0 0 0 0 0 0 0 0 0 0
1 1 1 1 1 0 0 0 0 0 0
1 1 1 1 1 0 0 0 0 0 0
0 0 0 0 0 0 0 0 0 0 0
# NSA year: 1980 
0 0 0 0 0 0 0 0 0 0 0
1 1 1 1 1 0 0 0 0 0 0
1 1 1 1 1 0 0 0 0 0 0
0 0 0 0 0 0 0 0 0 0 0
# NSA year: 1981 
0 0 0 0 0 0 0 0 0 0 0
1 1 1 1 1 0 0 0 0 0 0
1 1 1 1 1 0 0 0 0 0 0
0 0 0 0 0 0 0 0 0 0 0
# NSA year: 1982 
0 0 0 0 0 0 0 0 0 0 0
1 1 1 1 1 0 0 0 0 0 0
1 1 1 1 1 0 0 0 0 0 0
0 0 0 0 0 0 0 0 0 0 0
# NSA year: 1983 
0 0 0 0 0 0 0 0 0 0 0
1 1 1 1 1 0 0 0 0 0 0
1 1 1 1 1 0 0 0 0 0 0
0 0 0 0 0 0 0 0 0 0 0
# NSA year: 1984 
0 0 0 0 0 0 0 0 0 0 0
1 1 1 1 1 0 0 0 0 0 0
1 1 1 1 1 0 0 0 0 0 0
0 0 0 0 0 0 0 0 0 0 0
# NSA year: 1985 
0 0 0 0 0 0 0 0 0 0 0
1 1 1 1 1 0 0 0 0 0 0
1 1 1 1 1 0 0 0 0 0 0
0 0 0 0 0 0 0 0 0 0 0
# NSA year: 1986 
0 0 0 0 0 0 0 0 0 0 0
1 1 1 1 1 0 0 0 0 0 0
1 1 1 1 1 0 0 0 0 0 0
0 0 0 0 0 0 0 0 0 0 0
# NSA year: 1987 
0 0 0 0 0 0 0 0 0 0 0
1 1 1 1 1 0 0 0 0 0 0
1 1 1 1 1 0 0 0 0 0 0
0 0 0 0 0 0 0 0 0 0 0
# NSA year: 1988 
0 0 0 0 0 0 0 0 0 0 0
1 1 1 1 1 0 0 0 0 0 0
1 1 1 1 1 0 0 0 0 0 0
0 0 0 0 0 0 0 0 0 0 0
# NSA year: 1989 
0 0 0 0 0 0 0 0 0 0 0
1 1 1 1 1 0 0 0 0 0 0
1 1 1 1 1 0 0 0 0 0 0
0 0 0 0 0 0 0 0 0 0 0
# NSA year: 1990 
0 0 0 0 0 0 0 0 0 0 0
1 1 1 1 1 0 0 0 0 0 0
1 1 1 1 1 0 0 0 0 0 0
0 0 0 0 0 0 0 0 0 0 0
# NSA year: 1991 
0 0 0 0 0 0 0 0 0 0 0
1 1 1 1 1 0 0 0 0 0 0
1 1 1 1 1 0 0 0 0 0 0
0 0 0 0 0 0 0 0 0 0 0
# NSA year: 1992 
0 0 0 0 0 0 0 0 0 0 0
1 1 1 1 1 0 0 0 0 0 0
1 1 1 1 1 0 0 0 0 0 0
0 0 0 0 0 0 0 0 0 0 0
# NSA year: 1993 
0 0 0 0 0 0 0 0 0 0 0
1 1 1 1 1 0 0 0 0 0 0
1 1 1 1 1 0 0 0 0 0 0
0 0 0 0 0 0 0 0 0 0 0
# NSA year: 1994 
0 0 0 0 0 0 0 0 0 0 0
1 1 1 1 1 0 0 0 0 0 0
1 1 1 1 1 0 0 0 0 0 0
0 0 0 0 0 0 0 0 0 0 0
# NSA year: 1995 
0 0 0 0 0 0 0 0 0 0 0
1 1 1 1 1 0 0 0 0 0 0
1 1 1 1 1 0 0 0 0 0 0
0 0 0 0 0 0 0 0 0 0 0
# NSA year: 1996 
0 0 0 0 0 0 0 0 0 0 0
1 1 1 1 1 0 0 0 0 0 0
1 1 1 1 1 0 0 0 0 0 0
0 0 0 0 0 0 0 0 0 0 0
# NSA year: 1997 
0 0 0 0 0 0 0 0 0 0 0
1 1 1 1 1 0 0 0 0 0 0
1 1 1 1 1 0 0 0 0 0 0
0 0 0 0 0 0 0 0 0 0 0
# NSA year: 1998 
0 0 0 0 0 0 0 0 0 0 0
1 1 1 1 1 0 0 0 0 0 0
1 1 1 1 1 0 0 0 0 0 0
0 0 0 0 0 0 0 0 0 0 0
# NSA year: 1999 
0 0 0 0 0 0 0 0 0 0 0
1 1 1 1 1 0 0 0 0 0 0
1 1 1 1 1 0 0 0 0 0 0
0 0 0 0 0 0 0 0 0 0 0
# NSA year: 2000 
0 0 0 0 0 0 0 0 0 0 0
1 1 1 1 1 0 0 0 0 0 0
1 1 1 1 1 0 0 0 0 0 0
0 0 0 0 0 0 0 0 0 0 0
# NSA year: 2001 
0 0 0 0 0 0 0 0 0 0 0
1 1 1 1 1 0 0 0 0 0 0
1 1 1 1 1 0 0 0 0 0 0
0 0 0 0 0 0 0 0 0 0 0
# NSA year: 2002 
0 0 0 0 0 0 0 0 0 0 0
1 1 1 1 1 0 0 0 0 0 0
1 1 1 1 1 0 0 0 0 0 0
0 0 0 0 0 0 0 0 0 0 0
# NSA year: 2003 
0 0 0 0 0 0 0 0 0 0 0
1 1 1 1 1 0 0 0 0 0 0
1 1 1 1 1 0 0 0 0 0 0
0 0 0 0 0 0 0 0 0 0 0
# NSA year: 2004 
0 0 0 0 0 0 0 0 0 0 0
1 1 1 1 1 0 0 0 0 0 0
1 1 1 1 1 0 0 0 0 0 0
0 0 0 0 0 0 0 0 0 0 0
# NSA year: 2005 
0 0 0 0 0 0 0 0 0 0 0
1 1 1 1 1 0 0 0 0 0 0
1 1 1 1 1 0 0 0 0 0 0
0 0 0 0 0 0 0 0 0 0 0
# NSA year: 2006 
0 0 0 0 0 0 0 0 0 0 0
1 1 1 1 1 0 0 0 0 0 0
1 1 1 1 1 0 0 0 0 0 0
0 0 0 0 0 0 0 0 0 0 0
# NSA year: 2007 
0 0 0 0 0 0 0 0 0 0 0
1 1 1 1 1 0 0 0 0 0 0
1 1 1 1 1 0 0 0 0 0 0
0 0 0 0 0 0 0 0 0 0 0
# NSA year: 2008 
0 0 0 0 0 0 0 0 0 0 0
1 1 1 1 1 0 0 0 0 0 0
1 1 1 1 1 0 0 0 0 0 0
0 0 0 0 0 0 0 0 0 0 0
# NSA year: 2009 
0 0 0 0 0 0 0 0 0 0 0
1 1 1 1 1 0 0 0 0 0 0
1 1 1 1 1 0 0 0 0 0 0
0 0 0 0 0 0 0 0 0 0 0
# NSA year: 2010 
0 0 0 0 0 0 0 0 0 0 0
1 1 1 1 1 0 0 0 0 0 0
1 1 1 1 1 0 0 0 0 0 0
0 0 0 0 0 0 0 0 0 0 0
# NSA year: 2011 
0 0 0 0 0 0 0 0 0 0 0
1 1 1 1 1 0 0 0 0 0 0
1 1 1 1 1 0 0 0 0 0 0
0 0 0 0 0 0 0 0 0 0 0
# NSA year: 2012 
0 0 0 0 0 0 0 0 0 0 0
1 1 1 1 1 0 0 0 0 0 0
1 1 1 1 1 0 0 0 0 0 0
0 0 0 0 0 0 0 0 0 0 0
# NSA year: 2013 
0 0 0 0 0 0 0 0 0 0 0
1 1 1 1 1 0 0 0 0 0 0
1 1 1 1 1 0 0 0 0 0 0
0 0 0 0 0 0 0 0 0 0 0
# SSA year: 1974 
0 0 0 0 0 0 0 0 0 0 0
1 1 1 1 1 0 0 0 0 0 0
1 1 1 1 1 0 0 0 0 0 0
0 0 0 0 0 0 0 0 0 0 0
# SSA year: 1975 
0 0 0 0 0 0 0 0 0 0 0
1 1 1 1 1 0 0 0 0 0 0
1 1 1 1 1 0 0 0 0 0 0
0 0 0 0 0 0 0 0 0 0 0
# SSA year: 1976 
0 0 0 0 0 0 0 0 0 0 0
1 1 1 1 1 0 0 0 0 0 0
1 1 1 1 1 0 0 0 0 0 0
0 0 0 0 0 0 0 0 0 0 0
# SSA year: 1977 
0 0 0 0 0 0 0 0 0 0 0
1 1 1 1 1 0 0 0 0 0 0
1 1 1 1 1 0 0 0 0 0 0
0 0 0 0 0 0 0 0 0 0 0
# SSA year: 1978 
0 0 0 0 0 0 0 0 0 0 0
1 1 1 1 1 0 0 0 0 0 0
1 1 1 1 1 0 0 0 0 0 0
0 0 0 0 0 0 0 0 0 0 0
# SSA year: 1979 
0 0 0 0 0 0 0 0 0 0 0
1 1 1 1 1 0 0 0 0 0 0
1 1 1 1 1 0 0 0 0 0 0
0 0 0 0 0 0 0 0 0 0 0
# SSA year: 1980 
0 0 0 0 0 0 0 0 0 0 0
1 1 1 1 1 0 0 0 0 0 0
1 1 1 1 1 0 0 0 0 0 0
0 0 0 0 0 0 0 0 0 0 0
# SSA year: 1981 
0 0 0 0 0 0 0 0 0 0 0
1 1 1 1 1 0 0 0 0 0 0
1 1 1 1 1 0 0 0 0 0 0
0 0 0 0 0 0 0 0 0 0 0
# SSA year: 1982 
0 0 0 0 0 0 0 0 0 0 0
1 1 1 1 1 0 0 0 0 0 0
1 1 1 1 1 0 0 0 0 0 0
0 0 0 0 0 0 0 0 0 0 0
# SSA year: 1983 
0 0 0 0 0 0 0 0 0 0 0
1 1 1 1 1 0 0 0 0 0 0
1 1 1 1 1 0 0 0 0 0 0
0 0 0 0 0 0 0 0 0 0 0
# SSA year: 1984 
0 0 0 0 0 0 0 0 0 0 0
1 1 1 1 1 0 0 0 0 0 0
1 1 1 1 1 0 0 0 0 0 0
0 0 0 0 0 0 0 0 0 0 0
# SSA year: 1985 
0 0 0 0 0 0 0 0 0 0 0
1 1 1 1 1 0 0 0 0 0 0
1 1 1 1 1 0 0 0 0 0 0
0 0 0 0 0 0 0 0 0 0 0
# SSA year: 1986 
0 0 0 0 0 0 0 0 0 0 0
1 1 1 1 1 0 0 0 0 0 0
1 1 1 1 1 0 0 0 0 0 0
0 0 0 0 0 0 0 0 0 0 0
# SSA year: 1987 
0 0 0 0 0 0 0 0 0 0 0
1 1 1 1 1 0 0 0 0 0 0
1 1 1 1 1 0 0 0 0 0 0
0 0 0 0 0 0 0 0 0 0 0
# SSA year: 1988 
0 0 0 0 0 0 0 0 0 0 0
1 1 1 1 1 0 0 0 0 0 0
1 1 1 1 1 0 0 0 0 0 0
0 0 0 0 0 0 0 0 0 0 0
# SSA year: 1989 
0 0 0 0 0 0 0 0 0 0 0
1 1 1 1 1 0 0 0 0 0 0
1 1 1 1 1 0 0 0 0 0 0
0 0 0 0 0 0 0 0 0 0 0
# SSA year: 1990 
0 0 0 0 0 0 0 0 0 0 0
1 1 1 1 1 0 0 0 0 0 0
1 1 1 1 1 0 0 0 0 0 0
0 0 0 0 0 0 0 0 0 0 0
# SSA year: 1991 
0 0 0 0 0 0 0 0 0 0 0
1 1 1 1 1 0 0 0 0 0 0
1 1 1 1 1 0 0 0 0 0 0
0 0 0 0 0 0 0 0 0 0 0
# SSA year: 1992 
0 0 0 0 0 0 0 0 0 0 0
1 1 1 1 1 0 0 0 0 0 0
1 1 1 1 1 0 0 0 0 0 0
0 0 0 0 0 0 0 0 0 0 0
# SSA year: 1993 
0 0 0 0 0 0 0 0 0 0 0
1 1 1 1 1 0 0 0 0 0 0
1 1 1 1 1 0 0 0 0 0 0
0 0 0 0 0 0 0 0 0 0 0
# SSA year: 1994 
0 0 0 0 0 0 0 0 0 0 0
1 1 1 1 1 0 0 0 0 0 0
1 1 1 1 1 0 0 0 0 0 0
0 0 0 0 0 0 0 0 0 0 0
# SSA year: 1995 
0 0 0 0 0 0 0 0 0 0 0
1 1 1 1 1 0 0 0 0 0 0
1 1 1 1 1 0 0 0 0 0 0
0 0 0 0 0 0 0 0 0 0 0
# SSA year: 1996 
0 0 0 0 0 0 0 0 0 0 0
1 1 1 1 1 0 0 0 0 0 0
1 1 1 1 1 0 0 0 0 0 0
0 0 0 0 0 0 0 0 0 0 0
# SSA year: 1997 
0 0 0 0 0 0 0 0 0 0 0
1 1 1 1 1 0 0 0 0 0 0
1 1 1 1 1 0 0 0 0 0 0
0 0 0 0 0 0 0 0 0 0 0
# SSA year: 1998 
0 0 0 0 0 0 0 0 0 0 0
1 1 1 1 1 0 0 0 0 0 0
1 1 1 1 1 0 0 0 0 0 0
0 0 0 0 0 0 0 0 0 0 0
# SSA year: 1999 
0 0 0 0 0 0 0 0 0 0 0
1 1 1 1 1 0 0 0 0 0 0
1 1 1 1 1 0 0 0 0 0 0
0 0 0 0 0 0 0 0 0 0 0
# SSA year: 2000 
0 0 0 0 0 0 0 0 0 0 0
1 1 1 1 1 0 0 0 0 0 0
1 1 1 1 1 0 0 0 0 0 0
0 0 0 0 0 0 0 0 0 0 0
# SSA year: 2001 
0 0 0 0 0 0 0 0 0 0 0
1 1 1 1 1 0 0 0 0 0 0
1 1 1 1 1 0 0 0 0 0 0
0 0 0 0 0 0 0 0 0 0 0
# SSA year: 2002 
0 0 0 0 0 0 0 0 0 0 0
1 1 1 1 1 0 0 0 0 0 0
1 1 1 1 1 0 0 0 0 0 0
0 0 0 0 0 0 0 0 0 0 0
# SSA year: 2003 
0 0 0 0 0 0 0 0 0 0 0
1 1 1 1 1 0 0 0 0 0 0
1 1 1 1 1 0 0 0 0 0 0
0 0 0 0 0 0 0 0 0 0 0
# SSA year: 2004 
0 0 0 0 0 0 0 0 0 0 0
1 1 1 1 1 0 0 0 0 0 0
1 1 1 1 1 0 0 0 0 0 0
0 0 0 0 0 0 0 0 0 0 0
# SSA year: 2005 
0 0 0 0 0 0 0 0 0 0 0
1 1 1 1 1 0 0 0 0 0 0
1 1 1 1 1 0 0 0 0 0 0
0 0 0 0 0 0 0 0 0 0 0
# SSA year: 2006 
0 0 0 0 0 0 0 0 0 0 0
1 1 1 1 1 0 0 0 0 0 0
1 1 1 1 1 0 0 0 0 0 0
0 0 0 0 0 0 0 0 0 0 0
# SSA year: 2007 
0 0 0 0 0 0 0 0 0 0 0
1 1 1 1 1 0 0 0 0 0 0
1 1 1 1 1 0 0 0 0 0 0
0 0 0 0 0 0 0 0 0 0 0
# SSA year: 2008 
0 0 0 0 0 0 0 0 0 0 0
1 1 1 1 1 0 0 0 0 0 0
1 1 1 1 1 0 0 0 0 0 0
0 0 0 0 0 0 0 0 0 0 0
# SSA year: 2009 
0 0 0 0 0 0 0 0 0 0 0
1 1 1 1 1 0 0 0 0 0 0
1 1 1 1 1 0 0 0 0 0 0
0 0 0 0 0 0 0 0 0 0 0
# SSA year: 2010 
0 0 0 0 0 0 0 0 0 0 0
1 1 1 1 1 0 0 0 0 0 0
1 1 1 1 1 0 0 0 0 0 0
0 0 0 0 0 0 0 0 0 0 0
# SSA year: 2011 
0 0 0 0 0 0 0 0 0 0 0
1 1 1 1 1 0 0 0 0 0 0
1 1 1 1 1 0 0 0 0 0 0
0 0 0 0 0 0 0 0 0 0 0
# SSA year: 2012 
0 0 0 0 0 0 0 0 0 0 0
1 1 1 1 1 0 0 0 0 0 0
1 1 1 1 1 0 0 0 0 0 0
0 0 0 0 0 0 0 0 0 0 0
# SSA year: 2013 
0 0 0 0 0 0 0 0 0 0 0
1 1 1 1 1 0 0 0 0 0 0
1 1 1 1 1 0 0 0 0 0 0
0 0 0 0 0 0 0 0 0 0 0
# NOP year: 1974 
1 1 1 1 1 1 1 1 1 1 1
1 1 1 1 1 1 1 1 1 1 1
1 1 1 1 1 1 1 1 1 1 1
1 1 1 1 1 1 1 1 1 1 1
# NOP year: 1975 
1 1 1 1 1 1 1 1 1 1 1
1 1 1 1 1 1 1 1 1 1 1
1 1 1 1 1 1 1 1 1 1 1
1 1 1 1 1 1 1 1 1 1 1
# NOP year: 1976 
1 1 1 1 1 1 1 1 1 1 1
1 1 1 1 1 1 1 1 1 1 1
1 1 1 1 1 1 1 1 1 1 1
1 1 1 1 1 1 1 1 1 1 1
# NOP year: 1977 
1 1 1 1 1 1 1 1 1 1 1
1 1 1 1 1 1 1 1 1 1 1
1 1 1 1 1 1 1 1 1 1 1
1 1 1 1 1 1 1 1 1 1 1
# NOP year: 1978 
1 1 1 1 1 1 1 1 1 1 1
1 1 1 1 1 1 1 1 1 1 1
1 1 1 1 1 1 1 1 1 1 1
1 1 1 1 1 1 1 1 1 1 1
# NOP year: 1979 
1 1 1 1 1 1 1 1 1 1 1
1 1 1 1 1 1 1 1 1 1 1
1 1 1 1 1 1 1 1 1 1 1
1 1 1 1 1 1 1 1 1 1 1
# NOP year: 1980 
1 1 1 1 1 1 1 1 1 1 1
1 1 1 1 1 1 1 1 1 1 1
1 1 1 1 1 1 1 1 1 1 1
1 1 1 1 1 1 1 1 1 1 1
# NOP year: 1981 
1 1 1 1 1 1 1 1 1 1 1
1 1 1 1 1 1 1 1 1 1 1
1 1 1 1 1 1 1 1 1 1 1
1 1 1 1 1 1 1 1 1 1 1
# NOP year: 1982 
1 1 1 1 1 1 1 1 1 1 1
1 1 1 1 1 1 1 1 1 1 1
1 1 1 1 1 1 1 1 1 1 1
1 1 1 1 1 1 1 1 1 1 1
# NOP year: 1983 
1 1 1 1 1 1 1 1 1 1 1
1 1 1 1 1 1 1 1 1 1 1
1 1 1 1 1 1 1 1 1 1 1
1 1 1 1 1 1 1 1 1 1 1
# NOP year: 1984 
1 1 1 1 1 1 1 1 1 1 1
1 1 1 1 1 1 1 1 1 1 1
1 1 1 1 1 1 1 1 1 1 1
1 1 1 1 1 1 1 1 1 1 1
# NOP year: 1985 
1 1 1 1 1 1 1 1 1 1 1
1 1 1 1 1 1 1 1 1 1 1
1 1 1 1 1 1 1 1 1 1 1
1 1 1 1 1 1 1 1 1 1 1
# NOP year: 1986 
1 1 1 1 1 1 1 1 1 1 1
1 1 1 1 1 1 1 1 1 1 1
1 1 1 1 1 1 1 1 1 1 1
1 1 1 1 1 1 1 1 1 1 1
# NOP year: 1987 
1 1 1 1 1 1 1 1 1 1 1
1 1 1 1 1 1 1 1 1 1 1
1 1 1 1 1 1 1 1 1 1 1
1 1 1 1 1 1 1 1 1 1 1
# NOP year: 1988 
1 1 1 1 1 1 1 1 1 1 1
1 1 1 1 1 1 1 1 1 1 1
1 1 1 1 1 1 1 1 1 1 1
1 1 1 1 1 1 1 1 1 1 1
# NOP year: 1989 
1 1 1 1 1 1 1 1 1 1 1
1 1 1 1 1 1 1 1 1 1 1
1 1 1 1 1 1 1 1 1 1 1
1 1 1 1 1 1 1 1 1 1 1
# NOP year: 1990 
1 1 1 1 1 1 1 1 1 1 1
1 1 1 1 1 1 1 1 1 1 1
1 1 1 1 1 1 1 1 1 1 1
1 1 1 1 1 1 1 1 1 1 1
# NOP year: 1991 
1 1 1 1 1 1 1 1 1 1 1
1 1 1 1 1 1 1 1 1 1 1
1 1 1 1 1 1 1 1 1 1 1
1 1 1 1 1 1 1 1 1 1 1
# NOP year: 1992 
1 1 1 1 1 1 1 1 1 1 1
1 1 1 1 1 1 1 1 1 1 1
1 1 1 1 1 1 1 1 1 1 1
1 1 1 1 1 1 1 1 1 1 1
# NOP year: 1993 
1 1 1 1 1 1 1 1 1 1 1
1 1 1 1 1 1 1 1 1 1 1
1 1 1 1 1 1 1 1 1 1 1
1 1 1 1 1 1 1 1 1 1 1
# NOP year: 1994 
1 1 1 1 1 1 1 1 1 1 1
1 1 1 1 1 1 1 1 1 1 1
1 1 1 1 1 1 1 1 1 1 1
1 1 1 1 1 1 1 1 1 1 1
# NOP year: 1995 
1 1 1 1 1 1 1 1 1 1 1
1 1 1 1 1 1 1 1 1 1 1
1 1 1 1 1 1 1 1 1 1 1
1 1 1 1 1 1 1 1 1 1 1
# NOP year: 1996 
1 1 1 1 1 1 1 1 1 1 1
1 1 1 1 1 1 1 1 1 1 1
1 1 1 1 1 1 1 1 1 1 1
1 1 1 1 1 1 1 1 1 1 1
# NOP year: 1997 
1 1 1 1 1 1 1 1 1 1 1
1 1 1 1 1 1 1 1 1 1 1
1 1 1 1 1 1 1 1 1 1 1
1 1 1 1 1 1 1 1 1 1 1
# NOP year: 1998 
1 1 1 1 1 1 1 1 1 1 1
1 1 1 1 1 1 1 1 1 1 1
1 1 1 1 1 1 1 1 1 1 1
1 1 1 1 1 1 1 1 1 1 1
# NOP year: 1999 
1 1 1 1 1 1 1 1 1 1 1
1 1 1 1 1 1 1 1 1 1 1
1 1 1 1 1 1 1 1 1 1 1
1 1 1 1 1 1 1 1 1 1 1
# NOP year: 2000 
1 1 1 1 1 1 1 1 1 1 1
1 1 1 1 1 1 1 1 1 1 1
1 1 1 1 1 1 1 1 1 1 1
1 1 1 1 1 1 1 1 1 1 1
# NOP year: 2001 
1 1 1 1 1 1 1 1 1 1 1
1 1 1 1 1 1 1 1 1 1 1
1 1 1 1 1 1 1 1 1 1 1
1 1 1 1 1 1 1 1 1 1 1
# NOP year: 2002 
1 1 1 1 1 1 1 1 1 1 1
1 1 1 1 1 1 1 1 1 1 1
1 1 1 1 1 1 1 1 1 1 1
1 1 1 1 1 1 1 1 1 1 1
# NOP year: 2003 
1 1 1 1 1 1 1 1 1 1 1
1 1 1 1 1 1 1 1 1 1 1
1 1 1 1 1 1 1 1 1 1 1
1 1 1 1 1 1 1 1 1 1 1
# NOP year: 2004 
1 1 1 1 1 1 1 1 1 1 1
1 1 1 1 1 1 1 1 1 1 1
1 1 1 1 1 1 1 1 1 1 1
1 1 1 1 1 1 1 1 1 1 1
# NOP year: 2005 
1 1 1 1 1 1 1 1 1 1 1
1 1 1 1 1 1 1 1 1 1 1
1 1 1 1 1 1 1 1 1 1 1
1 1 1 1 1 1 1 1 1 1 1
# NOP year: 2006 
1 1 1 1 1 1 1 1 1 1 1
1 1 1 1 1 1 1 1 1 1 1
1 1 1 1 1 1 1 1 1 1 1
1 1 1 1 1 1 1 1 1 1 1
# NOP year: 2007 
1 1 1 1 1 1 1 1 1 1 1
1 1 1 1 1 1 1 1 1 1 1
1 1 1 1 1 1 1 1 1 1 1
1 1 1 1 1 1 1 1 1 1 1
# NOP year: 2008 
1 1 1 1 1 1 1 1 1 1 1
1 1 1 1 1 1 1 1 1 1 1
1 1 1 1 1 1 1 1 1 1 1
1 1 1 1 1 1 1 1 1 1 1
# NOP year: 2009 
1 1 1 1 1 1 1 1 1 1 1
1 1 1 1 1 1 1 1 1 1 1
1 1 1 1 1 1 1 1 1 1 1
1 1 1 1 1 1 1 1 1 1 1
# NOP year: 2010 
1 1 1 1 1 1 1 1 1 1 1
1 1 1 1 1 1 1 1 1 1 1
1 1 1 1 1 1 1 1 1 1 1
1 1 1 1 1 1 1 1 1 1 1
# NOP year: 2011 
1 1 1 1 1 0 0 0 0 0 0
1 1 1 1 1 0 0 0 0 0 0
1 1 1 1 1 0 0 0 0 0 0
1 1 1 1 1 0 0 0 0 0 0
# NOP year: 2012 
1 1 1 1 1 0 0 0 0 0 0
1 1 1 1 1 0 0 0 0 0 0
1 1 1 1 1 0 0 0 0 0 0
1 1 1 1 1 0 0 0 0 0 0
# NOP year: 2013 
1 1 1 1 1 0 0 0 0 0 0
1 1 1 1 1 0 0 0 0 0 0
1 1 1 1 1 0 0 0 0 0 0
1 1 1 1 1 0 0 0 0 0 0
# SPR year: 1974 
1 1 1 1 0 0 0 0 0 0 0
1 1 1 1 0 0 0 0 0 0 0
1 1 1 1 0 0 0 0 0 0 0
1 1 1 1 0 0 0 0 0 0 0
# SPR year: 1975 
1 1 1 1 0 0 0 0 0 0 0
1 1 1 1 0 0 0 0 0 0 0
1 1 1 1 0 0 0 0 0 0 0
1 1 1 1 0 0 0 0 0 0 0
# SPR year: 1976 
1 1 1 1 0 0 0 0 0 0 0
1 1 1 1 0 0 0 0 0 0 0
1 1 1 1 0 0 0 0 0 0 0
1 1 1 1 0 0 0 0 0 0 0
# SPR year: 1977 
1 1 1 1 0 0 0 0 0 0 0
1 1 1 1 0 0 0 0 0 0 0
1 1 1 1 0 0 0 0 0 0 0
1 1 1 1 0 0 0 0 0 0 0
# SPR year: 1978 
1 1 1 1 0 0 0 0 0 0 0
1 1 1 1 0 0 0 0 0 0 0
1 1 1 1 0 0 0 0 0 0 0
1 1 1 1 0 0 0 0 0 0 0
# SPR year: 1979 
1 1 1 1 0 0 0 0 0 0 0
1 1 1 1 0 0 0 0 0 0 0
1 1 1 1 0 0 0 0 0 0 0
1 1 1 1 0 0 0 0 0 0 0
# SPR year: 1980 
1 1 1 1 0 0 0 0 0 0 0
1 1 1 1 0 0 0 0 0 0 0
1 1 1 1 0 0 0 0 0 0 0
1 1 1 1 0 0 0 0 0 0 0
# SPR year: 1981 
1 1 1 1 0 0 0 0 0 0 0
1 1 1 1 0 0 0 0 0 0 0
1 1 1 1 0 0 0 0 0 0 0
1 1 1 1 0 0 0 0 0 0 0
# SPR year: 1982 
1 1 1 1 0 0 0 0 0 0 0
1 1 1 1 0 0 0 0 0 0 0
1 1 1 1 0 0 0 0 0 0 0
1 1 1 1 0 0 0 0 0 0 0
# SPR year: 1983 
1 1 1 1 0 0 0 0 0 0 0
1 1 1 1 0 0 0 0 0 0 0
1 1 1 1 0 0 0 0 0 0 0
1 1 1 1 0 0 0 0 0 0 0
# SPR year: 1984 
1 1 1 1 0 0 0 0 0 0 0
1 1 1 1 0 0 0 0 0 0 0
1 1 1 1 0 0 0 0 0 0 0
1 1 1 1 0 0 0 0 0 0 0
# SPR year: 1985 
1 1 1 1 0 0 0 0 0 0 0
1 1 1 1 0 0 0 0 0 0 0
1 1 1 1 0 0 0 0 0 0 0
1 1 1 1 0 0 0 0 0 0 0
# SPR year: 1986 
1 1 1 1 0 0 0 0 0 0 0
1 1 1 1 0 0 0 0 0 0 0
1 1 1 1 0 0 0 0 0 0 0
1 1 1 1 0 0 0 0 0 0 0
# SPR year: 1987 
1 1 1 1 0 0 0 0 0 0 0
1 1 1 1 0 0 0 0 0 0 0
1 1 1 1 0 0 0 0 0 0 0
1 1 1 1 0 0 0 0 0 0 0
# SPR year: 1988 
1 1 1 1 0 0 0 0 0 0 0
1 1 1 1 0 0 0 0 0 0 0
1 1 1 1 0 0 0 0 0 0 0
1 1 1 1 0 0 0 0 0 0 0
# SPR year: 1989 
1 1 1 1 0 0 0 0 0 0 0
1 1 1 1 0 0 0 0 0 0 0
1 1 1 1 0 0 0 0 0 0 0
1 1 1 1 0 0 0 0 0 0 0
# SPR year: 1990 
1 1 1 1 0 0 0 0 0 0 0
1 1 1 1 0 0 0 0 0 0 0
1 1 1 1 0 0 0 0 0 0 0
1 1 1 1 0 0 0 0 0 0 0
# SPR year: 1991 
1 1 1 1 0 0 0 0 0 0 0
1 1 1 1 0 0 0 0 0 0 0
1 1 1 1 0 0 0 0 0 0 0
1 1 1 1 0 0 0 0 0 0 0
# SPR year: 1992 
1 1 1 1 0 0 0 0 0 0 0
1 1 1 1 0 0 0 0 0 0 0
1 1 1 1 0 0 0 0 0 0 0
1 1 1 1 0 0 0 0 0 0 0
# SPR year: 1993 
1 1 1 1 0 0 0 0 0 0 0
1 1 1 1 0 0 0 0 0 0 0
1 1 1 1 0 0 0 0 0 0 0
1 1 1 1 0 0 0 0 0 0 0
# SPR year: 1994 
1 1 1 1 0 0 0 0 0 0 0
1 1 1 1 0 0 0 0 0 0 0
1 1 1 1 0 0 0 0 0 0 0
1 1 1 1 0 0 0 0 0 0 0
# SPR year: 1995 
1 1 1 1 0 0 0 0 0 0 0
1 1 1 1 0 0 0 0 0 0 0
1 1 1 1 0 0 0 0 0 0 0
1 1 1 1 0 0 0 0 0 0 0
# SPR year: 1996 
1 1 1 1 0 0 0 0 0 0 0
1 1 1 1 0 0 0 0 0 0 0
1 1 1 1 0 0 0 0 0 0 0
1 1 1 1 0 0 0 0 0 0 0
# SPR year: 1997 
1 1 1 1 0 0 0 0 0 0 0
1 1 1 1 0 0 0 0 0 0 0
1 1 1 1 0 0 0 0 0 0 0
1 1 1 1 0 0 0 0 0 0 0
# SPR year: 1998 
1 1 1 1 0 0 0 0 0 0 0
1 1 1 1 0 0 0 0 0 0 0
1 1 1 1 0 0 0 0 0 0 0
1 1 1 1 0 0 0 0 0 0 0
# SPR year: 1999 
1 1 1 1 0 0 0 0 0 0 0
1 1 1 1 0 0 0 0 0 0 0
1 1 1 1 0 0 0 0 0 0 0
1 1 1 1 0 0 0 0 0 0 0
# SPR year: 2000 
1 1 1 1 0 0 0 0 0 0 0
1 1 1 1 0 0 0 0 0 0 0
1 1 1 1 0 0 0 0 0 0 0
1 1 1 1 0 0 0 0 0 0 0
# SPR year: 2001 
1 1 1 1 0 0 0 0 0 0 0
1 1 1 1 0 0 0 0 0 0 0
1 1 1 1 0 0 0 0 0 0 0
1 1 1 1 0 0 0 0 0 0 0
# SPR year: 2002 
1 1 1 1 0 0 0 0 0 0 0
1 1 1 1 0 0 0 0 0 0 0
1 1 1 1 0 0 0 0 0 0 0
1 1 1 1 0 0 0 0 0 0 0
# SPR year: 2003 
1 1 1 1 0 0 0 0 0 0 0
1 1 1 1 0 0 0 0 0 0 0
1 1 1 1 0 0 0 0 0 0 0
1 1 1 1 0 0 0 0 0 0 0
# SPR year: 2004 
1 1 1 1 0 0 0 0 0 0 0
1 1 1 1 0 0 0 0 0 0 0
1 1 1 1 0 0 0 0 0 0 0
1 1 1 1 0 0 0 0 0 0 0
# SPR year: 2005 
1 1 1 1 0 0 0 0 0 0 0
1 1 1 1 0 0 0 0 0 0 0
1 1 1 1 0 0 0 0 0 0 0
1 1 1 1 0 0 0 0 0 0 0
# SPR year: 2006 
1 1 1 1 0 0 0 0 0 0 0
1 1 1 1 0 0 0 0 0 0 0
1 1 1 1 0 0 0 0 0 0 0
1 1 1 1 0 0 0 0 0 0 0
# SPR year: 2007 
1 1 1 1 0 0 0 0 0 0 0
1 1 1 1 0 0 0 0 0 0 0
1 1 1 1 0 0 0 0 0 0 0
1 1 1 1 0 0 0 0 0 0 0
# SPR year: 2008 
1 1 1 1 0 0 0 0 0 0 0
1 1 1 1 0 0 0 0 0 0 0
1 1 1 1 0 0 0 0 0 0 0
1 1 1 1 0 0 0 0 0 0 0
# SPR year: 2009 
1 1 1 1 0 0 0 0 0 0 0
1 1 1 1 0 0 0 0 0 0 0
1 1 1 1 0 0 0 0 0 0 0
1 1 1 1 0 0 0 0 0 0 0
# SPR year: 2010 
1 1 1 1 0 0 0 0 0 0 0
1 1 1 1 0 0 0 0 0 0 0
1 1 1 1 0 0 0 0 0 0 0
1 1 1 1 0 0 0 0 0 0 0
# SPR year: 2011 
1 1 1 1 0 0 0 0 0 0 0
1 1 1 1 0 0 0 0 0 0 0
1 1 1 1 0 0 0 0 0 0 0
1 1 1 1 0 0 0 0 0 0 0
# SPR year: 2012 
1 1 1 1 0 0 0 0 0 0 0
1 1 1 1 0 0 0 0 0 0 0
1 1 1 1 0 0 0 0 0 0 0
1 1 1 1 0 0 0 0 0 0 0
# SPR year: 2013 
1 1 1 1 0 0 0 0 0 0 0
1 1 1 1 0 0 0 0 0 0 0
1 1 1 1 0 0 0 0 0 0 0
1 1 1 1 0 0 0 0 0 0 0
# PLE year: 1974 
1.000 0.011 0.072 0.940 0.994 0.986 0.995 1.000 1.000 1.000 1.000
1.000 0.011 0.072 0.940 0.994 0.986 0.995 1.000 1.000 1.000 1.000
1.000 0.011 0.072 0.940 0.994 0.986 0.995 1.000 1.000 1.000 1.000
1.000 0.011 0.072 0.940 0.994 0.986 0.995 1.000 1.000 1.000 1.000
# PLE year: 1975 
1.0000 0.0042 0.0964 0.2557 0.8736 0.9907 0.9946 1.0000 1.0000 1.0000 1.0000
1.0000 0.0042 0.0964 0.2557 0.8736 0.9907 0.9946 1.0000 1.0000 1.0000 1.0000
1.0000 0.0042 0.0964 0.2557 0.8736 0.9907 0.9946 1.0000 1.0000 1.0000 1.0000
1.0000 0.0042 0.0964 0.2557 0.8736 0.9907 0.9946 1.0000 1.0000 1.0000 1.0000
# PLE year: 1976 
1.000 0.015 0.197 0.528 0.846 0.988 0.996 1.000 1.000 1.000 1.000
1.000 0.015 0.197 0.528 0.846 0.988 0.996 1.000 1.000 1.000 1.000
1.000 0.015 0.197 0.528 0.846 0.988 0.996 1.000 1.000 1.000 1.000
1.000 0.015 0.197 0.528 0.846 0.988 0.996 1.000 1.000 1.000 1.000
# PLE year: 1977 
1.000 0.012 0.355 0.353 0.663 0.900 0.986 1.000 1.000 1.000 1.000
1.000 0.012 0.355 0.353 0.663 0.900 0.986 1.000 1.000 1.000 1.000
1.000 0.012 0.355 0.353 0.663 0.900 0.986 1.000 1.000 1.000 1.000
1.000 0.012 0.355 0.353 0.663 0.900 0.986 1.000 1.000 1.000 1.000
# PLE year: 1978 
1.0000 0.0048 0.2749 0.6880 0.8294 0.9749 0.9836 1.0000 1.0000 1.0000 1.0000
1.0000 0.0048 0.2749 0.6880 0.8294 0.9749 0.9836 1.0000 1.0000 1.0000 1.0000
1.0000 0.0048 0.2749 0.6880 0.8294 0.9749 0.9836 1.0000 1.0000 1.0000 1.0000
1.0000 0.0048 0.2749 0.6880 0.8294 0.9749 0.9836 1.0000 1.0000 1.0000 1.0000
# PLE year: 1979 
1.0000 0.0045 0.2122 0.6733 0.7267 0.9878 0.9923 1.0000 1.0000 1.0000 1.0000
1.0000 0.0045 0.2122 0.6733 0.7267 0.9878 0.9923 1.0000 1.0000 1.0000 1.0000
1.0000 0.0045 0.2122 0.6733 0.7267 0.9878 0.9923 1.0000 1.0000 1.0000 1.0000
1.0000 0.0045 0.2122 0.6733 0.7267 0.9878 0.9923 1.0000 1.0000 1.0000 1.0000
# PLE year: 1980 
1.0000 0.0044 0.3503 0.9932 0.9914 0.9925 0.9953 1.0000 1.0000 1.0000 1.0000
1.0000 0.0044 0.3503 0.9932 0.9914 0.9925 0.9953 1.0000 1.0000 1.0000 1.0000
1.0000 0.0044 0.3503 0.9932 0.9914 0.9925 0.9953 1.0000 1.0000 1.0000 1.0000
1.0000 0.0044 0.3503 0.9932 0.9914 0.9925 0.9953 1.0000 1.0000 1.0000 1.0000
# PLE year: 1981 
1.0000 0.0019 0.3474 0.9855 0.9937 0.9883 0.9957 1.0000 1.0000 1.0000 1.0000
1.0000 0.0019 0.3474 0.9855 0.9937 0.9883 0.9957 1.0000 1.0000 1.0000 1.0000
1.0000 0.0019 0.3474 0.9855 0.9937 0.9883 0.9957 1.0000 1.0000 1.0000 1.0000
1.0000 0.0019 0.3474 0.9855 0.9937 0.9883 0.9957 1.0000 1.0000 1.0000 1.0000
# PLE year: 1982 
1.0000 0.0081 0.1905 0.9786 0.9846 0.9926 0.9942 1.0000 1.0000 1.0000 1.0000
1.0000 0.0081 0.1905 0.9786 0.9846 0.9926 0.9942 1.0000 1.0000 1.0000 1.0000
1.0000 0.0081 0.1905 0.9786 0.9846 0.9926 0.9942 1.0000 1.0000 1.0000 1.0000
1.0000 0.0081 0.1905 0.9786 0.9846 0.9926 0.9942 1.0000 1.0000 1.0000 1.0000
# PLE year: 1983 
1.0000 0.0046 0.2144 0.7889 0.9781 0.9734 0.9944 1.0000 1.0000 1.0000 1.0000
1.0000 0.0046 0.2144 0.7889 0.9781 0.9734 0.9944 1.0000 1.0000 1.0000 1.0000
1.0000 0.0046 0.2144 0.7889 0.9781 0.9734 0.9944 1.0000 1.0000 1.0000 1.0000
1.0000 0.0046 0.2144 0.7889 0.9781 0.9734 0.9944 1.0000 1.0000 1.0000 1.0000
# PLE year: 1984 
1.00000 0.00034 0.16587 0.83730 0.68497 0.96155 0.99494 1.00000 1.00000 1.00000 1.00000
1.00000 0.00034 0.16587 0.83730 0.68497 0.96155 0.99494 1.00000 1.00000 1.00000 1.00000
1.00000 0.00034 0.16587 0.83730 0.68497 0.96155 0.99494 1.00000 1.00000 1.00000 1.00000
1.00000 0.00034 0.16587 0.83730 0.68497 0.96155 0.99494 1.00000 1.00000 1.00000 1.00000
# PLE year: 1985 
1.00000 0.00029 0.24040 0.80032 0.98798 0.99378 0.99495 1.00000 1.00000 1.00000 1.00000
1.00000 0.00029 0.24040 0.80032 0.98798 0.99378 0.99495 1.00000 1.00000 1.00000 1.00000
1.00000 0.00029 0.24040 0.80032 0.98798 0.99378 0.99495 1.00000 1.00000 1.00000 1.00000
1.00000 0.00029 0.24040 0.80032 0.98798 0.99378 0.99495 1.00000 1.00000 1.00000 1.00000
# PLE year: 1986 
1.0000 0.0015 0.1197 0.7708 0.7795 0.9830 0.9939 1.0000 1.0000 1.0000 1.0000
1.0000 0.0015 0.1197 0.7708 0.7795 0.9830 0.9939 1.0000 1.0000 1.0000 1.0000
1.0000 0.0015 0.1197 0.7708 0.7795 0.9830 0.9939 1.0000 1.0000 1.0000 1.0000
1.0000 0.0015 0.1197 0.7708 0.7795 0.9830 0.9939 1.0000 1.0000 1.0000 1.0000
# PLE year: 1987 
1.000 0.000 0.058 0.391 0.987 0.979 0.993 1.000 1.000 1.000 1.000
1.000 0.000 0.058 0.391 0.987 0.979 0.993 1.000 1.000 1.000 1.000
1.000 0.000 0.058 0.391 0.987 0.979 0.993 1.000 1.000 1.000 1.000
1.000 0.000 0.058 0.391 0.987 0.979 0.993 1.000 1.000 1.000 1.000
# PLE year: 1988 
1.000 0.000 0.025 0.353 0.549 0.982 0.993 1.000 1.000 1.000 1.000
1.000 0.000 0.025 0.353 0.549 0.982 0.993 1.000 1.000 1.000 1.000
1.000 0.000 0.025 0.353 0.549 0.982 0.993 1.000 1.000 1.000 1.000
1.000 0.000 0.025 0.353 0.549 0.982 0.993 1.000 1.000 1.000 1.000
# PLE year: 1989 
1.0000 0.0058 0.0870 0.3535 0.7284 0.8795 0.9940 1.0000 1.0000 1.0000 1.0000
1.0000 0.0058 0.0870 0.3535 0.7284 0.8795 0.9940 1.0000 1.0000 1.0000 1.0000
1.0000 0.0058 0.0870 0.3535 0.7284 0.8795 0.9940 1.0000 1.0000 1.0000 1.0000
1.0000 0.0058 0.0870 0.3535 0.7284 0.8795 0.9940 1.0000 1.0000 1.0000 1.0000
# PLE year: 1990 
1.00 0.01 0.10 0.37 0.80 0.97 0.99 1.00 1.00 1.00 1.00
1.00 0.01 0.10 0.37 0.80 0.97 0.99 1.00 1.00 1.00 1.00
1.00 0.01 0.10 0.37 0.80 0.97 0.99 1.00 1.00 1.00 1.00
1.00 0.01 0.10 0.37 0.80 0.97 0.99 1.00 1.00 1.00 1.00
# PLE year: 1991 
1.0000 0.0076 0.1228 0.3657 0.7351 0.9277 0.9877 1.0000 1.0000 1.0000 1.0000
1.0000 0.0076 0.1228 0.3657 0.7351 0.9277 0.9877 1.0000 1.0000 1.0000 1.0000
1.0000 0.0076 0.1228 0.3657 0.7351 0.9277 0.9877 1.0000 1.0000 1.0000 1.0000
1.0000 0.0076 0.1228 0.3657 0.7351 0.9277 0.9877 1.0000 1.0000 1.0000 1.0000
# PLE year: 1992 
1.000 0.024 0.166 0.472 0.676 0.943 0.974 1.000 1.000 1.000 1.000
1.000 0.024 0.166 0.472 0.676 0.943 0.974 1.000 1.000 1.000 1.000
1.000 0.024 0.166 0.472 0.676 0.943 0.974 1.000 1.000 1.000 1.000
1.000 0.024 0.166 0.472 0.676 0.943 0.974 1.000 1.000 1.000 1.000
# PLE year: 1993 
1.000 0.034 0.258 0.668 0.856 0.969 0.992 1.000 1.000 1.000 1.000
1.000 0.034 0.258 0.668 0.856 0.969 0.992 1.000 1.000 1.000 1.000
1.000 0.034 0.258 0.668 0.856 0.969 0.992 1.000 1.000 1.000 1.000
1.000 0.034 0.258 0.668 0.856 0.969 0.992 1.000 1.000 1.000 1.000
# PLE year: 1994 
1.000 0.021 0.316 0.737 0.987 0.979 0.993 1.000 1.000 1.000 1.000
1.000 0.021 0.316 0.737 0.987 0.979 0.993 1.000 1.000 1.000 1.000
1.000 0.021 0.316 0.737 0.987 0.979 0.993 1.000 1.000 1.000 1.000
1.000 0.021 0.316 0.737 0.987 0.979 0.993 1.000 1.000 1.000 1.000
# PLE year: 1995 
1.000 0.061 0.308 0.838 0.989 0.982 0.993 1.000 1.000 1.000 1.000
1.000 0.061 0.308 0.838 0.989 0.982 0.993 1.000 1.000 1.000 1.000
1.000 0.061 0.308 0.838 0.989 0.982 0.993 1.000 1.000 1.000 1.000
1.000 0.061 0.308 0.838 0.989 0.982 0.993 1.000 1.000 1.000 1.000
# PLE year: 1996 
1.0000 0.0097 0.1133 0.6992 0.9214 0.9861 0.9920 1.0000 1.0000 1.0000 1.0000
1.0000 0.0097 0.1133 0.6992 0.9214 0.9861 0.9920 1.0000 1.0000 1.0000 1.0000
1.0000 0.0097 0.1133 0.6992 0.9214 0.9861 0.9920 1.0000 1.0000 1.0000 1.0000
1.0000 0.0097 0.1133 0.6992 0.9214 0.9861 0.9920 1.0000 1.0000 1.0000 1.0000
# PLE year: 1997 
1.0000 0.0068 0.0773 0.3111 0.9868 0.9881 0.9921 1.0000 1.0000 1.0000 1.0000
1.0000 0.0068 0.0773 0.3111 0.9868 0.9881 0.9921 1.0000 1.0000 1.0000 1.0000
1.0000 0.0068 0.0773 0.3111 0.9868 0.9881 0.9921 1.0000 1.0000 1.0000 1.0000
1.0000 0.0068 0.0773 0.3111 0.9868 0.9881 0.9921 1.0000 1.0000 1.0000 1.0000
# PLE year: 1998 
1.0000 0.0018 0.0447 0.2658 0.5129 0.9824 0.9948 1.0000 1.0000 1.0000 1.0000
1.0000 0.0018 0.0447 0.2658 0.5129 0.9824 0.9948 1.0000 1.0000 1.0000 1.0000
1.0000 0.0018 0.0447 0.2658 0.5129 0.9824 0.9948 1.0000 1.0000 1.0000 1.0000
1.0000 0.0018 0.0447 0.2658 0.5129 0.9824 0.9948 1.0000 1.0000 1.0000 1.0000
# PLE year: 1999 
1.0000 0.0042 0.0398 0.4015 0.4254 0.9885 0.9915 1.0000 1.0000 1.0000 1.0000
1.0000 0.0042 0.0398 0.4015 0.4254 0.9885 0.9915 1.0000 1.0000 1.0000 1.0000
1.0000 0.0042 0.0398 0.4015 0.4254 0.9885 0.9915 1.0000 1.0000 1.0000 1.0000
1.0000 0.0042 0.0398 0.4015 0.4254 0.9885 0.9915 1.0000 1.0000 1.0000 1.0000
# PLE year: 2000 
1.000 0.024 0.083 0.436 0.713 0.925 0.974 0.888 0.858 1.000 1.000
1.000 0.024 0.083 0.436 0.713 0.925 0.974 0.888 0.858 1.000 1.000
1.000 0.024 0.083 0.436 0.713 0.925 0.974 0.888 0.858 1.000 1.000
1.000 0.024 0.083 0.436 0.713 0.925 0.974 0.888 0.858 1.000 1.000
# PLE year: 2001 
1.000 0.128 0.093 0.221 0.393 0.623 0.978 0.990 0.999 1.000 1.000
1.000 0.128 0.093 0.221 0.393 0.623 0.978 0.990 0.999 1.000 1.000
1.000 0.128 0.093 0.221 0.393 0.623 0.978 0.990 0.999 1.000 1.000
1.000 0.128 0.093 0.221 0.393 0.623 0.978 0.990 0.999 1.000 1.000
# PLE year: 2002 
1.0000 0.0039 0.0871 0.4321 0.7979 0.9584 0.9826 0.9773 0.9994 1.0000 1.0000
1.0000 0.0039 0.0871 0.4321 0.7979 0.9584 0.9826 0.9773 0.9994 1.0000 1.0000
1.0000 0.0039 0.0871 0.4321 0.7979 0.9584 0.9826 0.9773 0.9994 1.0000 1.0000
1.0000 0.0039 0.0871 0.4321 0.7979 0.9584 0.9826 0.9773 0.9994 1.0000 1.0000
# PLE year: 2003 
1.0000 0.0099 0.0753 0.4761 0.7165 0.8741 0.9761 0.7451 0.9994 1.0000 1.0000
1.0000 0.0099 0.0753 0.4761 0.7165 0.8741 0.9761 0.7451 0.9994 1.0000 1.0000
1.0000 0.0099 0.0753 0.4761 0.7165 0.8741 0.9761 0.7451 0.9994 1.0000 1.0000
1.0000 0.0099 0.0753 0.4761 0.7165 0.8741 0.9761 0.7451 0.9994 1.0000 1.0000
# PLE year: 2004 
1.0000 0.0023 0.0562 0.4697 0.8412 0.9513 0.9797 0.9923 0.9998 1.0000 1.0000
1.0000 0.0023 0.0562 0.4697 0.8412 0.9513 0.9797 0.9923 0.9998 1.0000 1.0000
1.0000 0.0023 0.0562 0.4697 0.8412 0.9513 0.9797 0.9923 0.9998 1.0000 1.0000
1.0000 0.0023 0.0562 0.4697 0.8412 0.9513 0.9797 0.9923 0.9998 1.0000 1.0000
# PLE year: 2005 
1.000 0.030 0.048 0.377 0.807 0.804 0.611 0.973 1.000 1.000 1.000
1.000 0.030 0.048 0.377 0.807 0.804 0.611 0.973 1.000 1.000 1.000
1.000 0.030 0.048 0.377 0.807 0.804 0.611 0.973 1.000 1.000 1.000
1.000 0.030 0.048 0.377 0.807 0.804 0.611 0.973 1.000 1.000 1.000
# PLE year: 2006 
1.0000 0.0016 0.0806 0.3917 0.7399 0.9491 0.9641 0.8736 0.9157 1.0000 1.0000
1.0000 0.0016 0.0806 0.3917 0.7399 0.9491 0.9641 0.8736 0.9157 1.0000 1.0000
1.0000 0.0016 0.0806 0.3917 0.7399 0.9491 0.9641 0.8736 0.9157 1.0000 1.0000
1.0000 0.0016 0.0806 0.3917 0.7399 0.9491 0.9641 0.8736 0.9157 1.0000 1.0000
# PLE year: 2007 
1.000 0.016 0.086 0.360 0.839 0.953 0.711 0.936 0.529 1.000 1.000
1.000 0.016 0.086 0.360 0.839 0.953 0.711 0.936 0.529 1.000 1.000
1.000 0.016 0.086 0.360 0.839 0.953 0.711 0.936 0.529 1.000 1.000
1.000 0.016 0.086 0.360 0.839 0.953 0.711 0.936 0.529 1.000 1.000
# PLE year: 2008 
1.0000 0.0028 0.0428 0.5518 0.8931 0.9471 0.9459 0.4343 0.5062 1.0000 1.0000
1.0000 0.0028 0.0428 0.5518 0.8931 0.9471 0.9459 0.4343 0.5062 1.0000 1.0000
1.0000 0.0028 0.0428 0.5518 0.8931 0.9471 0.9459 0.4343 0.5062 1.0000 1.0000
1.0000 0.0028 0.0428 0.5518 0.8931 0.9471 0.9459 0.4343 0.5062 1.0000 1.0000
# PLE year: 2009 
1.000 0.010 0.057 0.446 0.795 0.918 0.940 0.959 0.563 1.000 1.000
1.000 0.010 0.057 0.446 0.795 0.918 0.940 0.959 0.563 1.000 1.000
1.000 0.010 0.057 0.446 0.795 0.918 0.940 0.959 0.563 1.000 1.000
1.000 0.010 0.057 0.446 0.795 0.918 0.940 0.959 0.563 1.000 1.000
# PLE year: 2010 
1.000 0.012 0.093 0.407 0.721 0.891 0.872 0.819 0.863 1.000 1.000
1.000 0.012 0.093 0.407 0.721 0.891 0.872 0.819 0.863 1.000 1.000
1.000 0.012 0.093 0.407 0.721 0.891 0.872 0.819 0.863 1.000 1.000
1.000 0.012 0.093 0.407 0.721 0.891 0.872 0.819 0.863 1.000 1.000
# PLE year: 2011 
0.000 0.002 0.064 0.404 0.601 0.783 0.816 0.978 0.748 1.000 1.000
0.000 0.002 0.064 0.404 0.601 0.783 0.816 0.978 0.748 1.000 1.000
0.000 0.002 0.064 0.404 0.601 0.783 0.816 0.978 0.748 1.000 1.000
0.000 0.002 0.064 0.404 0.601 0.783 0.816 0.978 0.748 1.000 1.000
# PLE year: 2012 
0.0e+00 2.2e-05 1.4e-02 3.0e-01 6.4e-01 8.2e-01 9.5e-01 9.7e-01 1.0e+00 1.0e+00 1.0e+00
0.0e+00 2.2e-05 1.4e-02 3.0e-01 6.4e-01 8.2e-01 9.5e-01 9.7e-01 1.0e+00 1.0e+00 1.0e+00
0.0e+00 2.2e-05 1.4e-02 3.0e-01 6.4e-01 8.2e-01 9.5e-01 9.7e-01 1.0e+00 1.0e+00 1.0e+00
0.0e+00 2.2e-05 1.4e-02 3.0e-01 6.4e-01 8.2e-01 9.5e-01 9.7e-01 1.0e+00 1.0e+00 1.0e+00
# PLE year: 2013 
0.0000 0.0043 0.0493 0.3064 0.7533 0.8986 0.9655 0.9856 0.9961 1.0000 1.0000
0.0000 0.0043 0.0493 0.3064 0.7533 0.8986 0.9655 0.9856 0.9961 1.0000 1.0000
0.0000 0.0043 0.0493 0.3064 0.7533 0.8986 0.9655 0.9856 0.9961 1.0000 1.0000
0.0000 0.0043 0.0493 0.3064 0.7533 0.8986 0.9655 0.9856 0.9961 1.0000 1.0000
# SOL year: 1974 
1 1 1 1 1 1 1 1 1 1 1
1 1 1 1 1 1 1 1 1 1 1
1 1 1 1 1 1 1 1 1 1 1
1 1 1 1 1 1 1 1 1 1 1
# SOL year: 1975 
1 1 1 1 1 1 1 1 1 1 1
1 1 1 1 1 1 1 1 1 1 1
1 1 1 1 1 1 1 1 1 1 1
1 1 1 1 1 1 1 1 1 1 1
# SOL year: 1976 
1 1 1 1 1 1 1 1 1 1 1
1 1 1 1 1 1 1 1 1 1 1
1 1 1 1 1 1 1 1 1 1 1
1 1 1 1 1 1 1 1 1 1 1
# SOL year: 1977 
1 1 1 1 1 1 1 1 1 1 1
1 1 1 1 1 1 1 1 1 1 1
1 1 1 1 1 1 1 1 1 1 1
1 1 1 1 1 1 1 1 1 1 1
# SOL year: 1978 
1 1 1 1 1 1 1 1 1 1 1
1 1 1 1 1 1 1 1 1 1 1
1 1 1 1 1 1 1 1 1 1 1
1 1 1 1 1 1 1 1 1 1 1
# SOL year: 1979 
1 1 1 1 1 1 1 1 1 1 1
1 1 1 1 1 1 1 1 1 1 1
1 1 1 1 1 1 1 1 1 1 1
1 1 1 1 1 1 1 1 1 1 1
# SOL year: 1980 
1 1 1 1 1 1 1 1 1 1 1
1 1 1 1 1 1 1 1 1 1 1
1 1 1 1 1 1 1 1 1 1 1
1 1 1 1 1 1 1 1 1 1 1
# SOL year: 1981 
1 1 1 1 1 1 1 1 1 1 1
1 1 1 1 1 1 1 1 1 1 1
1 1 1 1 1 1 1 1 1 1 1
1 1 1 1 1 1 1 1 1 1 1
# SOL year: 1982 
1 1 1 1 1 1 1 1 1 1 1
1 1 1 1 1 1 1 1 1 1 1
1 1 1 1 1 1 1 1 1 1 1
1 1 1 1 1 1 1 1 1 1 1
# SOL year: 1983 
1 1 1 1 1 1 1 1 1 1 1
1 1 1 1 1 1 1 1 1 1 1
1 1 1 1 1 1 1 1 1 1 1
1 1 1 1 1 1 1 1 1 1 1
# SOL year: 1984 
1 1 1 1 1 1 1 1 1 1 1
1 1 1 1 1 1 1 1 1 1 1
1 1 1 1 1 1 1 1 1 1 1
1 1 1 1 1 1 1 1 1 1 1
# SOL year: 1985 
1 1 1 1 1 1 1 1 1 1 1
1 1 1 1 1 1 1 1 1 1 1
1 1 1 1 1 1 1 1 1 1 1
1 1 1 1 1 1 1 1 1 1 1
# SOL year: 1986 
1 1 1 1 1 1 1 1 1 1 1
1 1 1 1 1 1 1 1 1 1 1
1 1 1 1 1 1 1 1 1 1 1
1 1 1 1 1 1 1 1 1 1 1
# SOL year: 1987 
1 1 1 1 1 1 1 1 1 1 1
1 1 1 1 1 1 1 1 1 1 1
1 1 1 1 1 1 1 1 1 1 1
1 1 1 1 1 1 1 1 1 1 1
# SOL year: 1988 
1 1 1 1 1 1 1 1 1 1 1
1 1 1 1 1 1 1 1 1 1 1
1 1 1 1 1 1 1 1 1 1 1
1 1 1 1 1 1 1 1 1 1 1
# SOL year: 1989 
1 1 1 1 1 1 1 1 1 1 1
1 1 1 1 1 1 1 1 1 1 1
1 1 1 1 1 1 1 1 1 1 1
1 1 1 1 1 1 1 1 1 1 1
# SOL year: 1990 
1 1 1 1 1 1 1 1 1 1 1
1 1 1 1 1 1 1 1 1 1 1
1 1 1 1 1 1 1 1 1 1 1
1 1 1 1 1 1 1 1 1 1 1
# SOL year: 1991 
1 1 1 1 1 1 1 1 1 1 1
1 1 1 1 1 1 1 1 1 1 1
1 1 1 1 1 1 1 1 1 1 1
1 1 1 1 1 1 1 1 1 1 1
# SOL year: 1992 
1 1 1 1 1 1 1 1 1 1 1
1 1 1 1 1 1 1 1 1 1 1
1 1 1 1 1 1 1 1 1 1 1
1 1 1 1 1 1 1 1 1 1 1
# SOL year: 1993 
1 1 1 1 1 1 1 1 1 1 1
1 1 1 1 1 1 1 1 1 1 1
1 1 1 1 1 1 1 1 1 1 1
1 1 1 1 1 1 1 1 1 1 1
# SOL year: 1994 
1 1 1 1 1 1 1 1 1 1 1
1 1 1 1 1 1 1 1 1 1 1
1 1 1 1 1 1 1 1 1 1 1
1 1 1 1 1 1 1 1 1 1 1
# SOL year: 1995 
1 1 1 1 1 1 1 1 1 1 1
1 1 1 1 1 1 1 1 1 1 1
1 1 1 1 1 1 1 1 1 1 1
1 1 1 1 1 1 1 1 1 1 1
# SOL year: 1996 
1 1 1 1 1 1 1 1 1 1 1
1 1 1 1 1 1 1 1 1 1 1
1 1 1 1 1 1 1 1 1 1 1
1 1 1 1 1 1 1 1 1 1 1
# SOL year: 1997 
1 1 1 1 1 1 1 1 1 1 1
1 1 1 1 1 1 1 1 1 1 1
1 1 1 1 1 1 1 1 1 1 1
1 1 1 1 1 1 1 1 1 1 1
# SOL year: 1998 
1 1 1 1 1 1 1 1 1 1 1
1 1 1 1 1 1 1 1 1 1 1
1 1 1 1 1 1 1 1 1 1 1
1 1 1 1 1 1 1 1 1 1 1
# SOL year: 1999 
1 1 1 1 1 1 1 1 1 1 1
1 1 1 1 1 1 1 1 1 1 1
1 1 1 1 1 1 1 1 1 1 1
1 1 1 1 1 1 1 1 1 1 1
# SOL year: 2000 
1 1 1 1 1 1 1 1 1 1 1
1 1 1 1 1 1 1 1 1 1 1
1 1 1 1 1 1 1 1 1 1 1
1 1 1 1 1 1 1 1 1 1 1
# SOL year: 2001 
1 1 1 1 1 1 1 1 1 1 1
1 1 1 1 1 1 1 1 1 1 1
1 1 1 1 1 1 1 1 1 1 1
1 1 1 1 1 1 1 1 1 1 1
# SOL year: 2002 
1 1 1 1 1 1 1 1 1 1 1
1 1 1 1 1 1 1 1 1 1 1
1 1 1 1 1 1 1 1 1 1 1
1 1 1 1 1 1 1 1 1 1 1
# SOL year: 2003 
1 1 1 1 1 1 1 1 1 1 1
1 1 1 1 1 1 1 1 1 1 1
1 1 1 1 1 1 1 1 1 1 1
1 1 1 1 1 1 1 1 1 1 1
# SOL year: 2004 
1 1 1 1 1 1 1 1 1 1 1
1 1 1 1 1 1 1 1 1 1 1
1 1 1 1 1 1 1 1 1 1 1
1 1 1 1 1 1 1 1 1 1 1
# SOL year: 2005 
1 1 1 1 1 1 1 1 1 1 1
1 1 1 1 1 1 1 1 1 1 1
1 1 1 1 1 1 1 1 1 1 1
1 1 1 1 1 1 1 1 1 1 1
# SOL year: 2006 
1 1 1 1 1 1 1 1 1 1 1
1 1 1 1 1 1 1 1 1 1 1
1 1 1 1 1 1 1 1 1 1 1
1 1 1 1 1 1 1 1 1 1 1
# SOL year: 2007 
1 1 1 1 1 1 1 1 1 1 1
1 1 1 1 1 1 1 1 1 1 1
1 1 1 1 1 1 1 1 1 1 1
1 1 1 1 1 1 1 1 1 1 1
# SOL year: 2008 
1 1 1 1 1 1 1 1 1 1 1
1 1 1 1 1 1 1 1 1 1 1
1 1 1 1 1 1 1 1 1 1 1
1 1 1 1 1 1 1 1 1 1 1
# SOL year: 2009 
1 1 1 1 1 1 1 1 1 1 1
1 1 1 1 1 1 1 1 1 1 1
1 1 1 1 1 1 1 1 1 1 1
1 1 1 1 1 1 1 1 1 1 1
# SOL year: 2010 
1 1 1 1 1 1 1 1 1 1 1
1 1 1 1 1 1 1 1 1 1 1
1 1 1 1 1 1 1 1 1 1 1
1 1 1 1 1 1 1 1 1 1 1
# SOL year: 2011 
0 1 1 1 1 1 1 1 1 1 1
0 1 1 1 1 1 1 1 1 1 1
0 1 1 1 1 1 1 1 1 1 1
0 1 1 1 1 1 1 1 1 1 1
# SOL year: 2012 
0 1 1 1 1 1 1 1 1 1 1
0 1 1 1 1 1 1 1 1 1 1
0 1 1 1 1 1 1 1 1 1 1
0 1 1 1 1 1 1 1 1 1 1
# SOL year: 2013 
0 1 1 1 1 1 1 1 1 1 1
0 1 1 1 1 1 1 1 1 1 1
0 1 1 1 1 1 1 1 1 1 1
0 1 1 1 1 1 1 1 1 1 1
