##############################################################
#Data extracted from file  C:/mv/sms/NS_key-2014-ver8/stom_struc_at_length.in 
#Date  Wed Oct 22 22:52:26 2014 
#stom.first  1e-06   #  stomcon for inserted (first length class) values
#stom.mid  1e-06  # stomcon for inserted (mid length class) values
#stom.last  1e-06   # stomcon for inserted (last length class) values
#stom.exp  1e-06   # stomcon for inserted (expanded species and length class) values
#stom.min.abs 1e-06    # absolut minimum value for stom con for inserted values
#delete.tails TRUE    # artifictal data deleted or not
#inserted.haul.no.propor  1  # proportion of number hauls in case of invented values (first, mid and last values)
##############################################################
# File for stomach contents data by length groups of predators and preys
##############################################################
# n_stl_y:  number of years with stomach data
 10 
# n_stl_yq:  number of year, quarter combinations with stomach data
32 
# n_stl_yqd:  number of year, quarter, area combinations with stomach data
32 
# n_stl_yqdp:  number of year, quarter, area, predator combinations with stomach data
282 
# n_stl_yqdpl:  number of year, quarter, area, predator, predator length combinations with stomach data
712 
# n_stl_yqdplp:  number of year, quarter, area, predator, predator length, prey  combinations with stomach data
3461 
##############################################################
# stl_Y: year name, first and last year-quarter index
1981 1 4 
1985 5 8 
1986 9 12 
1987 13 16 
1990 17 20 
1991 21 24 
1995 25 25 
2002 26 29 
2005 30 30 
2013 31 32 
# stl_yq: quarter name, first and last quarter-area index
1 1 1 
2 2 2 
3 3 3 
4 4 4 
1 5 5 
2 6 6 
3 7 7 
4 8 8 
1 9 9 
2 10 10 
3 11 11 
4 12 12 
1 13 13 
2 14 14 
3 15 15 
4 16 16 
1 17 17 
2 18 18 
3 19 19 
4 20 20 
1 21 21 
2 22 22 
3 23 23 
4 24 24 
3 25 25 
1 26 26 
2 27 27 
3 28 28 
4 29 29 
3 30 30 
1 31 31 
3 32 32 
# stl_yqd: area name, and first and last year-quarter-species-age index
1 1 12 
1 13 26 
1 27 40 
1 41 54 
1 55 65 
1 66 74 
1 75 86 
1 87 95 
1 96 105 
1 106 113 
1 114 124 
1 125 132 
1 133 142 
1 143 150 
1 151 162 
1 163 170 
1 171 178 
1 179 186 
1 187 195 
1 196 203 
1 204 219 
1 220 236 
1 237 254 
1 255 272 
1 273 273 
1 274 274 
1 275 275 
1 276 276 
1 277 277 
1 278 278 
1 279 280 
1 281 282 
##############################################################
# stl_yqdp: predator name, and first and last area-pred index
1 1 1 
2 2 2 
3 3 3 
4 4 4 
5 5 5 
6 6 6 
7 7 7 
8 8 8 
18 9 16 
19 17 22 
20 23 28 
21 29 32 
1 33 33 
2 34 34 
3 35 35 
4 36 36 
5 37 37 
6 38 38 
7 39 39 
8 40 40 
11 41 44 
12 45 48 
18 49 56 
19 57 62 
20 63 68 
21 69 73 
1 74 74 
2 75 75 
3 76 76 
4 77 77 
5 78 78 
6 79 79 
7 80 80 
8 81 81 
11 82 85 
12 86 89 
18 90 96 
19 97 102 
20 103 108 
21 109 112 
1 113 113 
2 114 114 
3 115 115 
4 116 116 
5 117 117 
6 118 118 
7 119 119 
8 120 120 
11 121 123 
12 124 126 
18 127 134 
19 135 140 
20 141 146 
21 147 149 
1 150 150 
2 151 151 
3 152 152 
4 153 153 
5 154 154 
6 155 155 
7 156 156 
8 157 157 
15 158 158 
18 159 169 
19 170 176 
1 177 177 
2 178 178 
3 179 179 
4 180 180 
5 181 181 
6 182 182 
7 183 183 
8 184 184 
15 185 185 
1 186 186 
2 187 187 
3 188 188 
4 189 189 
5 190 190 
6 191 191 
7 192 192 
8 193 193 
15 194 194 
16 195 195 
18 196 206 
19 207 213 
1 214 214 
2 215 215 
3 216 216 
4 217 217 
5 218 218 
6 219 219 
7 220 220 
8 221 221 
15 222 222 
1 223 223 
2 224 224 
3 225 225 
4 226 226 
5 227 227 
6 228 228 
7 229 229 
8 230 230 
18 231 241 
19 242 248 
1 249 249 
2 250 250 
3 251 251 
4 252 252 
5 253 253 
6 254 254 
7 255 255 
8 256 256 
1 257 257 
2 258 258 
3 259 259 
4 260 260 
5 261 261 
6 262 262 
7 263 263 
8 264 264 
18 265 275 
19 276 282 
21 283 286 
1 287 287 
2 288 288 
3 289 289 
4 290 290 
5 291 291 
6 292 292 
7 293 293 
8 294 294 
1 295 295 
2 296 296 
3 297 297 
4 298 298 
5 299 299 
6 300 300 
7 301 301 
8 302 302 
18 303 313 
19 314 320 
1 321 321 
2 322 322 
3 323 323 
4 324 324 
5 325 325 
6 326 326 
7 327 327 
8 328 328 
1 329 329 
2 330 330 
3 331 331 
4 332 332 
5 333 333 
6 334 334 
7 335 335 
8 336 336 
14 337 340 
18 341 351 
19 352 358 
21 359 362 
1 363 363 
2 364 364 
3 365 365 
4 366 366 
5 367 367 
6 368 368 
7 369 369 
8 370 370 
1 371 371 
2 372 372 
3 373 373 
4 374 374 
5 375 375 
6 376 376 
7 377 377 
8 378 378 
1 379 379 
2 380 380 
3 381 381 
4 382 382 
5 383 383 
6 384 384 
7 385 385 
8 386 386 
1 387 387 
2 388 388 
3 389 389 
4 390 390 
5 391 391 
6 392 392 
7 393 393 
8 394 394 
18 395 400 
1 401 401 
2 402 402 
3 403 403 
4 404 404 
5 405 405 
6 406 406 
7 407 407 
8 408 408 
1 409 409 
2 410 410 
3 411 411 
4 412 412 
5 413 413 
6 414 414 
7 415 415 
8 416 416 
9 417 422 
10 423 428 
11 429 432 
12 433 436 
18 437 447 
19 448 455 
20 456 462 
21 463 469 
1 470 470 
2 471 471 
3 472 472 
4 473 473 
5 474 474 
6 475 475 
7 476 476 
8 477 477 
9 478 483 
10 484 489 
11 490 494 
12 495 499 
14 500 505 
18 506 516 
19 517 524 
20 525 531 
21 532 539 
1 540 540 
2 541 541 
3 542 542 
4 543 543 
5 544 544 
6 545 545 
7 546 546 
8 547 547 
9 548 553 
10 554 559 
11 560 564 
12 565 569 
13 570 572 
14 573 577 
18 578 587 
19 588 595 
20 596 602 
21 603 607 
1 608 608 
2 609 609 
3 610 610 
4 611 611 
5 612 612 
6 613 613 
7 614 614 
8 615 615 
9 616 619 
10 620 625 
11 626 631 
12 632 637 
13 638 640 
14 641 644 
18 645 655 
19 656 663 
20 664 670 
21 671 677 
16 678 678 
15 679 679 
15 680 680 
15 681 681 
15 682 682 
16 683 683 
10 684 690 
17 691 696 
10 697 703 
17 704 712 
##############################################################
# stl_yqdpl: predator length name, first and last predator-length-prey index, and predator length
15 1 6 500
15 7 13 500
15 14 19 500
15 20 27 500
15 28 36 500
15 37 38 500
15 39 42 500
15 43 49 500
10 50 52 150
11 53 56 200
12 57 62 250
13 63 71 300
14 72 80 400
15 81 89 500
16 90 97 700
17 98 104 1000
9 105 107 100
10 108 111 150
11 112 117 200
12 118 124 250
13 125 132 300
14 133 140 400
10 141 142 150
11 143 144 200
12 145 147 250
13 148 150 300
14 151 153 400
15 154 156 500
14 157 160 400
15 161 163 500
16 164 167 700
17 168 172 1000
15 173 181 500
15 182 187 500
15 188 194 500
15 195 197 500
15 198 206 500
15 207 212 500
15 213 216 500
15 217 220 500
11 221 223 200
12 224 226 250
13 227 227 300
14 228 228 400
11 229 231 200
12 232 234 250
13 235 238 300
14 239 243 400
10 244 244 150
11 245 248 200
12 249 253 250
13 254 261 300
14 262 270 400
15 271 279 500
16 280 287 700
17 288 294 1000
9 295 295 100
10 296 298 150
11 299 304 200
12 305 311 250
13 312 318 300
14 319 322 400
10 323 323 150
11 324 325 200
12 326 327 250
13 328 330 300
14 331 333 400
15 334 336 500
13 337 337 300
14 338 338 400
15 339 342 500
16 343 344 700
17 345 345 1000
15 346 348 500
15 349 353 500
15 354 362 500
15 363 365 500
15 366 374 500
15 375 380 500
15 381 384 500
15 385 388 500
11 389 389 200
12 390 395 250
13 396 399 300
14 400 401 400
11 402 402 200
12 403 408 250
13 409 414 300
14 415 419 400
11 420 422 200
12 423 428 250
13 429 437 300
14 438 444 400
15 445 451 500
16 452 458 700
17 459 462 1000
9 463 463 100
10 464 467 150
11 468 474 200
12 475 481 250
13 482 489 300
14 490 496 400
10 497 498 150
11 499 500 200
12 501 503 250
13 504 506 300
14 507 509 400
15 510 512 500
13 513 516 300
14 517 521 400
15 522 526 500
16 527 530 700
15 531 536 500
15 537 542 500
15 543 548 500
15 549 556 500
15 557 563 500
15 564 565 500
15 566 569 500
15 570 576 500
12 577 577 250
13 578 579 300
14 580 581 400
12 582 582 250
13 583 586 300
14 587 588 400
10 589 590 150
11 591 592 200
12 593 597 250
13 598 603 300
14 604 611 400
15 612 618 500
16 619 626 700
17 627 631 1000
9 632 634 100
10 635 638 150
11 639 647 200
12 648 655 250
13 656 664 300
14 665 668 400
10 669 670 150
11 671 672 200
12 673 675 250
13 676 678 300
14 679 681 400
15 682 684 500
14 685 687 400
15 688 691 500
16 692 695 700
18 696 701 500
18 702 708 500
18 709 714 500
18 715 722 500
18 723 731 500
18 732 733 500
18 734 737 500
18 738 744 500
22 745 751 1000
12 752 754 150
13 755 757 200
14 758 765 250
15 766 772 300
16 773 781 350
17 782 789 400
18 790 796 500
19 797 805 600
20 806 813 700
21 814 821 800
22 822 827 1000
11 828 830 100
12 831 835 150
13 836 842 200
14 843 850 250
15 851 858 300
16 859 866 350
17 867 873 400
18 874 882 500
18 883 888 500
18 889 895 500
18 896 898 500
18 899 907 500
18 908 913 500
18 914 917 500
18 918 921 500
22 922 928 1000
18 929 931 500
18 932 936 500
18 937 945 500
18 946 948 500
18 949 957 500
18 958 963 500
18 964 967 500
18 968 971 500
22 972 978 1000
22 979 984 1000
12 985 985 150
13 986 986 200
14 987 993 250
15 994 1000 300
16 1001 1006 350
17 1007 1015 400
18 1016 1022 500
19 1023 1028 600
20 1029 1035 700
21 1036 1042 800
22 1043 1046 1000
11 1047 1051 100
12 1052 1057 150
13 1058 1066 200
14 1067 1075 250
15 1076 1083 300
16 1084 1091 350
17 1092 1096 400
18 1097 1102 500
18 1103 1108 500
18 1109 1114 500
18 1115 1122 500
18 1123 1129 500
18 1130 1131 500
18 1132 1135 500
18 1136 1142 500
22 1143 1149 1000
18 1150 1155 500
18 1156 1162 500
18 1163 1168 500
18 1169 1176 500
18 1177 1185 500
18 1186 1187 500
18 1188 1191 500
18 1192 1198 500
12 1199 1201 150
13 1202 1204 200
14 1205 1210 250
15 1211 1216 300
16 1217 1221 350
17 1222 1228 400
18 1229 1236 500
19 1237 1243 600
20 1244 1251 700
21 1252 1260 800
22 1261 1267 1000
11 1268 1269 100
12 1270 1275 150
13 1276 1282 200
14 1283 1290 250
15 1291 1298 300
16 1299 1305 350
17 1306 1310 400
18 1311 1319 500
18 1320 1325 500
18 1326 1332 500
18 1333 1335 500
18 1336 1344 500
18 1345 1350 500
18 1351 1354 500
18 1355 1358 500
18 1359 1361 500
18 1362 1366 500
18 1367 1375 500
18 1376 1378 500
18 1379 1387 500
18 1388 1393 500
18 1394 1397 500
18 1398 1401 500
12 1402 1402 150
13 1403 1405 200
14 1406 1412 250
15 1413 1417 300
16 1418 1423 350
17 1424 1431 400
18 1432 1438 500
19 1439 1444 600
20 1445 1449 700
21 1450 1456 800
22 1457 1461 1000
11 1462 1465 100
12 1466 1470 150
13 1471 1478 200
14 1479 1486 250
15 1487 1494 300
16 1495 1502 350
17 1503 1506 400
15 1507 1510 300
17 1511 1515 400
18 1516 1519 500
20 1520 1523 700
18 1524 1529 500
18 1530 1535 500
18 1536 1541 500
18 1542 1549 500
18 1550 1556 500
18 1557 1558 500
18 1559 1562 500
18 1563 1569 500
18 1570 1575 500
18 1576 1582 500
18 1583 1588 500
18 1589 1596 500
18 1597 1605 500
18 1606 1607 500
18 1608 1611 500
18 1612 1618 500
12 1619 1619 150
13 1620 1626 200
14 1627 1634 250
15 1635 1642 300
16 1643 1649 350
17 1650 1658 400
18 1659 1666 500
19 1667 1673 600
20 1674 1679 700
21 1680 1685 800
22 1686 1690 1000
11 1691 1694 100
12 1695 1700 150
13 1701 1707 200
14 1708 1715 250
15 1716 1723 300
16 1724 1729 350
17 1730 1731 400
18 1732 1740 500
18 1741 1746 500
18 1747 1753 500
18 1754 1756 500
18 1757 1765 500
18 1766 1771 500
18 1772 1775 500
18 1776 1779 500
18 1780 1782 500
18 1783 1787 500
18 1788 1796 500
18 1797 1799 500
18 1800 1808 500
18 1809 1814 500
18 1815 1818 500
18 1819 1822 500
13 1823 1824 200
14 1825 1827 250
15 1828 1829 300
16 1830 1833 350
12 1834 1834 150
13 1835 1838 200
14 1839 1845 250
15 1846 1852 300
16 1853 1859 350
17 1860 1867 400
18 1868 1874 500
19 1875 1882 600
20 1883 1889 700
21 1890 1897 800
22 1898 1902 1000
11 1903 1904 100
12 1905 1909 150
13 1910 1916 200
14 1917 1924 250
15 1925 1932 300
16 1933 1940 350
17 1941 1944 400
15 1945 1945 300
17 1946 1950 400
18 1951 1955 500
20 1956 1959 700
18 1960 1965 500
18 1966 1971 500
18 1972 1977 500
18 1978 1985 500
18 1986 1992 500
18 1993 1994 500
18 1995 1998 500
18 1999 2005 500
21 2006 2011 500
21 2012 2018 500
21 2019 2024 500
21 2025 2032 500
21 2033 2041 500
21 2042 2043 500
21 2044 2047 500
21 2048 2054 500
21 2055 2063 500
21 2064 2069 500
21 2070 2076 500
21 2077 2079 500
21 2080 2088 500
21 2089 2094 500
21 2095 2098 500
21 2099 2102 500
21 2103 2105 500
21 2106 2110 500
21 2111 2119 500
21 2120 2122 500
21 2123 2131 500
21 2132 2137 500
21 2138 2141 500
21 2142 2145 500
16 2146 2148 200
17 2149 2152 250
18 2153 2156 300
19 2157 2162 350
20 2163 2167 400
21 2168 2173 500
21 2174 2179 500
21 2180 2185 500
21 2186 2191 500
21 2192 2199 500
21 2200 2206 500
21 2207 2208 500
21 2209 2212 500
21 2213 2219 500
21 2220 2225 500
21 2226 2232 500
21 2233 2238 500
21 2239 2246 500
21 2247 2255 500
21 2256 2257 500
21 2258 2261 500
21 2262 2268 500
16 2269 2269 200
17 2270 2272 250
18 2273 2274 300
19 2275 2276 350
20 2277 2279 400
21 2280 2281 500
15 2282 2283 150
16 2284 2286 200
17 2287 2292 250
18 2293 2297 300
19 2298 2301 350
20 2302 2304 400
15 2305 2305 150
16 2306 2306 200
17 2307 2307 250
18 2308 2308 300
15 2309 2309 150
16 2310 2310 200
17 2311 2311 250
18 2312 2312 300
15 2313 2316 150
16 2317 2319 200
17 2320 2322 250
18 2323 2327 300
19 2328 2334 350
20 2335 2342 400
21 2343 2349 500
22 2350 2356 600
23 2357 2363 700
24 2364 2371 800
25 2372 2377 1000
13 2378 2378 100
14 2379 2380 120
15 2381 2386 150
16 2387 2393 200
17 2394 2401 250
18 2402 2409 300
19 2410 2417 350
20 2418 2423 400
15 2424 2424 150
16 2425 2426 200
17 2427 2427 250
18 2428 2430 300
19 2431 2433 350
20 2434 2435 400
21 2436 2437 500
18 2438 2440 300
19 2441 2442 350
20 2443 2446 400
21 2447 2450 500
22 2451 2453 600
23 2454 2456 700
24 2457 2459 800
21 2460 2468 500
21 2469 2474 500
21 2475 2481 500
21 2482 2484 500
21 2485 2493 500
21 2494 2499 500
21 2500 2503 500
21 2504 2507 500
16 2508 2508 200
17 2509 2510 250
18 2511 2512 300
19 2513 2515 350
20 2516 2520 400
21 2521 2522 500
15 2523 2525 150
16 2526 2528 200
17 2529 2531 250
18 2532 2537 300
19 2538 2542 350
20 2543 2546 400
16 2547 2548 200
17 2549 2549 250
18 2550 2552 300
19 2553 2555 350
20 2556 2557 400
16 2558 2559 200
17 2560 2561 250
18 2562 2566 300
19 2567 2572 350
20 2573 2577 400
13 2578 2578 100
15 2579 2579 150
16 2580 2580 200
17 2581 2581 250
18 2582 2583 300
19 2584 2584 350
15 2585 2586 150
16 2587 2589 200
17 2590 2593 250
18 2594 2599 300
19 2600 2606 350
20 2607 2614 400
21 2615 2623 500
22 2624 2631 600
23 2632 2639 700
24 2640 2647 800
25 2648 2655 1000
13 2656 2656 100
14 2657 2657 120
15 2658 2661 150
16 2662 2666 200
17 2667 2673 250
18 2674 2680 300
19 2681 2687 350
20 2688 2694 400
15 2695 2696 150
16 2697 2698 200
17 2699 2700 250
18 2701 2702 300
19 2703 2704 350
20 2705 2707 400
21 2708 2709 500
18 2710 2710 300
19 2711 2712 350
20 2713 2715 400
21 2716 2719 500
22 2720 2723 600
23 2724 2727 700
24 2728 2733 800
25 2734 2736 1000
21 2737 2739 500
21 2740 2744 500
21 2745 2753 500
21 2754 2756 500
21 2757 2765 500
21 2766 2771 500
21 2772 2775 500
21 2776 2779 500
16 2780 2781 200
17 2782 2785 250
18 2786 2789 300
19 2790 2794 350
20 2795 2798 400
21 2799 2803 500
15 2804 2808 150
16 2809 2814 200
17 2815 2822 250
18 2823 2829 300
19 2830 2837 350
20 2838 2839 400
16 2840 2840 200
17 2841 2844 250
18 2845 2848 300
19 2849 2851 350
20 2852 2855 400
16 2856 2856 200
17 2857 2860 250
18 2861 2863 300
19 2864 2869 350
20 2870 2872 400
17 2873 2875 250
18 2876 2878 300
19 2879 2881 350
15 2882 2882 150
16 2883 2883 200
17 2884 2884 250
18 2885 2888 300
19 2889 2892 350
16 2893 2896 200
17 2897 2903 250
18 2904 2912 300
19 2913 2919 350
20 2920 2928 400
21 2929 2935 500
22 2936 2943 600
23 2944 2950 700
24 2951 2957 800
25 2958 2962 1000
13 2963 2966 100
14 2967 2969 120
15 2970 2975 150
16 2976 2983 200
17 2984 2992 250
18 2993 3001 300
19 3002 3009 350
20 3010 3015 400
15 3016 3018 150
16 3019 3021 200
17 3022 3024 250
18 3025 3027 300
19 3028 3030 350
20 3031 3033 400
21 3034 3036 500
20 3037 3041 400
21 3042 3047 500
22 3048 3051 600
23 3052 3056 700
24 3057 3061 800
21 3062 3067 500
21 3068 3073 500
21 3074 3079 500
21 3080 3087 500
21 3088 3094 500
21 3095 3096 500
21 3097 3100 500
21 3101 3107 500
16 3108 3108 200
17 3109 3111 250
18 3112 3115 300
19 3116 3119 350
15 3120 3121 150
16 3122 3127 200
17 3128 3131 250
18 3132 3138 300
19 3139 3143 350
20 3144 3145 400
15 3146 3147 150
16 3148 3150 200
17 3151 3152 250
18 3153 3154 300
19 3155 3156 350
20 3157 3157 400
15 3158 3158 150
16 3159 3161 200
17 3162 3162 250
18 3163 3165 300
19 3166 3169 350
20 3170 3173 400
17 3174 3174 250
18 3175 3176 300
19 3177 3178 350
16 3179 3179 200
17 3180 3180 250
18 3181 3182 300
19 3183 3183 350
15 3184 3184 150
16 3185 3186 200
17 3187 3192 250
18 3193 3199 300
19 3200 3207 350
20 3208 3216 400
21 3217 3224 500
22 3225 3233 600
23 3234 3239 700
24 3240 3245 800
25 3246 3251 1000
13 3252 3253 100
14 3254 3257 120
15 3258 3262 150
16 3263 3270 200
17 3271 3279 250
18 3280 3287 300
19 3288 3295 350
20 3296 3300 400
15 3301 3303 150
16 3304 3304 200
17 3305 3307 250
18 3308 3310 300
19 3311 3313 350
20 3314 3316 400
21 3317 3319 500
19 3320 3321 350
20 3322 3325 400
21 3326 3329 500
22 3330 3333 600
23 3334 3338 700
24 3339 3343 800
25 3344 3347 1000
25 3348 3353 1000
25 3354 3360 1000
25 3361 3367 1000
25 3368 3374 1000
25 3375 3381 1000
25 3382 3388 1000
14 3389 3389 120
15 3390 3390 150
16 3391 3391 200
17 3392 3394 250
18 3395 3397 300
19 3398 3399 350
20 3400 3400 400
16 3401 3401 200
17 3402 3403 250
18 3404 3405 300
19 3406 3407 350
20 3408 3409 400
21 3410 3411 500
13 3412 3412 100
14 3413 3414 120
15 3415 3418 150
16 3419 3425 200
17 3426 3430 250
18 3431 3436 300
19 3437 3439 350
17 3440 3441 250
18 3442 3443 300
19 3444 3445 350
20 3446 3447 400
21 3448 3450 500
22 3451 3453 600
23 3454 3456 700
24 3457 3459 800
25 3460 3461 1000
##############################################################
# stl_yqdplp: prey name, first and last year-quarter-predator-length-prey-length
0 0 0
18 9 9
19 9 9
22 8 10
25 8 9
26 7 9
0 0 0
19 9 11
20 9 10
22 8 10
23 8 10
24 8 10
26 7 9
0 0 0
19 9 9
20 9 9
22 10 12
25 8 9
26 7 9
0 0 0
18 9 9
19 9 9
20 9 9
22 9 11
23 8 9
24 8 9
26 7 9
0 0 0
18 9 9
19 9 9
20 9 9
22 10 12
23 8 9
24 8 9
25 8 9
26 7 9
0 0 0
22 10 13
0 0 0
22 8 9
23 8 10
24 8 10
0 0 0
19 9 11
22 8 9
23 8 8
24 8 8
25 8 9
26 7 8
0 0 0
24 8 8
26 8 8
0 0 0
24 8 9
25 8 8
26 7 8
0 0 0
22 9 9
23 8 8
24 8 8
25 8 8
26 7 9
0 0 0
18 9 9
19 9 10
20 9 9
22 9 9
23 8 11
24 8 10
25 8 9
26 7 9
0 0 0
18 9 10
19 9 11
20 9 10
22 8 12
23 8 11
24 8 10
25 8 10
26 7 9
0 0 0
18 9 13
19 9 13
20 9 12
22 9 12
23 8 11
24 8 11
25 8 10
26 7 9
0 0 0
18 9 13
19 9 13
20 9 12
22 9 12
23 8 9
25 8 10
26 7 9
0 0 0
18 10 13
19 9 13
20 9 10
22 9 12
25 9 10
26 7 9
0 0 0
23 8 8
26 7 7
0 0 0
23 8 9
25 8 8
26 7 9
0 0 0
18 9 9
23 8 10
24 8 9
25 8 9
26 7 9
0 0 0
19 9 9
22 9 9
23 8 10
24 9 9
25 8 10
26 7 9
0 0 0
19 9 10
20 9 10
22 8 10
23 8 10
24 8 11
25 8 10
26 7 9
0 0 0
19 9 10
20 9 11
22 9 9
23 9 11
24 9 11
25 8 10
26 7 8
0 0 0
23 8 8
0 0 0
23 8 10
0 0 0
23 8 8
25 8 8
0 0 0
23 8 11
25 8 8
0 0 0
23 8 10
25 8 9
0 0 0
23 10 10
25 8 9
0 0 0
20 9 10
23 8 10
25 8 10
0 0 0
20 9 10
25 8 10
0 0 0
19 9 11
20 9 11
25 8 10
0 0 0
19 12 12
20 9 9
23 9 9
25 9 11
0 0 0
18 9 9
19 9 9
20 9 9
22 9 10
23 8 10
24 8 10
25 8 9
26 7 9
0 0 0
19 9 11
22 9 10
23 8 10
24 8 10
26 7 9
0 0 0
18 9 9
19 9 9
20 9 9
22 10 12
25 8 9
26 7 9
0 0 0
23 8 10
24 8 10
0 0 0
18 9 9
19 9 9
20 9 9
22 10 12
23 8 10
24 8 10
25 8 9
26 7 9
0 0 0
18 11 13
22 10 13
23 8 10
24 8 10
26 8 10
0 0 0
23 8 10
24 8 10
26 7 9
0 0 0
23 8 9
24 8 9
26 7 9
0 0 0
24 9 10
26 7 7
0 0 0
24 9 10
26 7 8
0 0 0
0 0 0
0 0 0
24 9 10
26 7 7
0 0 0
24 9 10
26 7 8
0 0 0
22 9 9
24 9 10
26 7 8
0 0 0
22 9 9
23 9 9
24 9 10
26 8 9
0 0 0
0 0 0
24 9 9
25 8 8
26 7 8
0 0 0
18 10 10
20 9 9
24 9 10
26 7 8
0 0 0
19 9 9
20 9 10
22 9 10
23 9 10
24 9 10
25 9 9
26 7 9
0 0 0
18 9 9
19 9 11
20 9 10
22 10 10
23 9 10
24 9 11
25 9 10
26 7 9
0 0 0
18 10 11
19 9 11
20 9 11
22 10 11
23 9 11
24 9 11
25 9 10
26 9 10
0 0 0
18 10 14
19 10 12
20 9 12
22 10 12
23 9 11
25 9 10
26 9 9
0 0 0
19 11 12
20 10 10
22 11 11
24 9 9
25 9 9
26 8 8
0 0 0
0 0 0
23 9 9
26 7 7
0 0 0
19 9 9
23 9 10
24 9 9
25 8 8
26 7 9
0 0 0
19 9 9
20 9 10
23 9 10
24 9 10
25 8 10
26 7 9
0 0 0
19 9 9
20 9 10
23 9 10
24 9 10
25 8 10
26 8 9
0 0 0
23 9 9
24 9 10
25 9 10
0 0 0
0 0 0
23 9 9
0 0 0
23 9 9
0 0 0
23 9 10
25 8 8
0 0 0
23 9 10
25 9 9
0 0 0
23 9 9
25 9 9
0 0 0
0 0 0
0 0 0
20 9 9
23 9 9
25 9 10
0 0 0
25 9 10
0 0 0
0 0 0
23 7 10
24 7 10
0 0 0
19 9 11
23 8 10
24 8 10
26 8 9
0 0 0
18 7 9
19 7 9
20 8 9
22 10 12
23 8 10
24 8 10
25 7 9
26 8 9
0 0 0
23 7 10
24 7 10
0 0 0
18 7 9
19 7 9
20 8 9
22 10 12
23 8 10
24 8 10
25 7 9
26 8 9
0 0 0
18 11 13
22 10 13
23 7 10
24 7 10
26 8 10
0 0 0
23 7 10
24 7 10
26 8 9
0 0 0
23 7 9
24 7 9
26 8 9
0 0 0
0 0 0
22 8 8
23 7 9
24 7 11
25 7 8
26 9 9
0 0 0
22 8 8
23 7 8
25 7 8
0 0 0
25 7 8
0 0 0
0 0 0
22 8 8
23 7 9
24 7 11
25 7 8
26 9 9
0 0 0
22 8 9
23 7 8
24 7 11
25 7 8
26 8 9
0 0 0
22 8 10
24 9 9
25 7 8
26 8 9
0 0 0
19 8 8
23 7 9
0 0 0
19 8 8
20 9 9
23 8 8
24 7 9
25 7 8
0 0 0
18 7 9
19 7 9
20 8 9
22 8 11
23 7 10
24 8 8
25 7 8
26 8 9
0 0 0
19 8 10
20 8 10
22 8 12
23 7 10
25 7 10
26 9 10
0 0 0
18 10 11
19 8 12
20 8 12
22 8 13
23 7 10
25 7 10
0 0 0
18 8 13
19 11 13
20 8 13
22 10 13
23 7 9
25 7 10
0 0 0
19 12 12
20 8 14
25 7 10
0 0 0
0 0 0
18 7 8
20 8 8
23 7 8
0 0 0
19 7 8
22 8 8
23 7 8
24 7 8
25 7 8
26 8 9
0 0 0
19 7 9
20 8 9
22 8 9
23 7 10
25 7 8
26 7 8
0 0 0
19 7 9
20 8 9
22 8 9
23 7 10
24 7 8
25 7 9
26 8 9
0 0 0
19 8 9
20 8 9
23 8 10
24 9 9
25 7 9
26 9 9
0 0 0
23 7 8
0 0 0
23 7 9
0 0 0
23 7 9
25 7 8
0 0 0
23 7 9
25 7 9
0 0 0
23 7 9
25 7 10
0 0 0
23 7 8
25 8 9
0 0 0
20 8 8
23 7 8
25 7 7
0 0 0
19 9 9
20 8 8
23 7 8
25 7 9
0 0 0
19 10 10
20 8 9
23 7 8
25 7 10
0 0 0
20 8 10
22 9 9
25 7 10
0 0 0
18 8 9
19 8 9
22 8 10
25 8 9
26 7 9
0 0 0
19 9 11
22 8 10
23 8 10
24 8 10
26 7 9
0 0 0
19 8 9
20 8 9
22 10 12
25 8 9
26 7 9
0 0 0
18 8 9
19 8 9
20 8 9
22 9 11
23 8 9
24 8 9
26 7 9
0 0 0
18 8 9
19 8 9
20 8 9
22 10 12
25 8 9
26 7 9
0 0 0
22 10 13
0 0 0
22 8 9
23 8 10
24 8 10
0 0 0
19 8 11
22 8 9
23 7 8
24 7 8
25 8 9
26 7 8
0 0 0
0 0 0
25 8 9
0 0 0
25 8 10
0 0 0
0 0 0
22 8 9
24 9 9
26 9 9
0 0 0
22 8 9
0 0 0
23 7 7
0 0 0
23 8 9
0 0 0
18 9 9
20 8 9
23 7 9
25 8 9
0 0 0
19 8 8
20 8 9
23 7 9
24 7 10
25 7 10
0 0 0
19 8 11
20 8 10
22 9 10
23 7 11
24 7 9
25 7 9
26 7 9
0 0 0
18 8 10
19 8 11
20 8 10
22 9 12
23 7 9
25 8 10
0 0 0
18 9 13
19 8 13
20 8 13
22 10 13
23 8 11
25 7 10
26 9 9
0 0 0
19 12 12
20 9 13
23 8 11
25 8 8
0 0 0
23 8 8
25 7 7
0 0 0
23 8 9
24 7 7
25 7 8
0 0 0
18 8 8
19 8 9
20 8 9
22 8 8
23 7 9
24 7 9
25 7 9
26 7 9
0 0 0
18 8 9
19 8 9
20 8 10
22 8 8
23 7 10
25 7 9
26 8 9
0 0 0
18 8 9
19 8 10
20 8 9
22 8 9
23 7 10
24 8 10
25 7 9
26 7 9
0 0 0
19 9 9
20 8 10
25 8 9
0 0 0
23 7 7
0 0 0
25 8 8
0 0 0
23 8 8
25 7 9
0 0 0
23 7 9
25 8 9
0 0 0
23 7 9
25 7 9
0 0 0
23 7 7
25 7 9
0 0 0
20 9 9
25 8 9
0 0 0
20 8 9
22 9 9
25 7 10
0 0 0
20 9 9
22 8 9
25 7 10
0 0 0
18 11 11
19 11 11
22 10 12
25 10 11
26 9 11
0 0 0
19 11 13
20 11 12
22 10 12
23 10 12
24 10 12
26 9 11
0 0 0
19 11 11
20 11 11
22 12 14
25 10 11
26 9 11
0 0 0
18 11 11
19 11 11
20 11 11
22 11 13
23 10 11
24 10 11
26 9 11
0 0 0
18 11 11
19 11 11
20 11 11
22 12 14
23 10 11
24 10 11
25 10 11
26 9 11
0 0 0
22 12 15
0 0 0
22 10 11
23 10 12
24 10 12
0 0 0
19 11 13
22 10 11
23 10 10
24 10 10
25 10 11
26 9 10
0 0 0
18 11 20
19 11 17
20 11 18
22 12 15
23 10 13
25 10 13
0 0 0
23 10 10
26 9 9
0 0 0
25 10 11
26 10 10
0 0 0
19 11 11
20 11 11
22 10 11
23 10 10
24 11 11
25 10 12
26 9 10
0 0 0
19 11 11
20 11 12
22 10 12
23 10 12
24 11 12
25 10 12
0 0 0
18 12 12
19 11 12
20 11 12
22 10 13
23 10 12
24 11 13
25 10 12
26 9 11
0 0 0
19 11 12
20 11 12
22 10 13
23 10 12
24 10 12
25 10 12
26 9 11
0 0 0
19 12 14
20 11 14
22 10 14
23 10 11
24 11 13
25 10 12
0 0 0
18 11 15
19 11 15
20 11 14
22 10 14
23 11 12
24 11 13
25 11 12
26 10 11
0 0 0
18 12 14
19 11 14
20 11 14
22 10 14
23 11 12
25 11 12
26 9 10
0 0 0
18 13 14
19 11 14
20 11 15
22 11 15
24 11 11
25 10 12
26 11 11
0 0 0
18 13 14
19 11 15
22 11 13
25 11 11
26 11 11
0 0 0
23 10 10
26 9 10
0 0 0
23 10 11
24 10 11
25 10 10
26 9 10
0 0 0
19 11 11
22 10 10
23 10 12
24 10 12
25 10 12
26 9 11
0 0 0
19 11 11
20 11 12
22 10 12
23 10 11
24 10 12
25 10 12
26 9 11
0 0 0
19 11 11
20 11 11
22 10 12
23 10 11
24 10 13
25 10 11
26 9 11
0 0 0
19 11 12
20 11 11
22 10 12
23 11 12
24 11 12
25 10 12
26 9 11
0 0 0
18 11 11
19 13 13
20 11 11
22 11 12
25 10 11
26 10 11
0 0 0
18 11 11
19 11 11
20 11 11
22 11 12
23 10 12
24 10 12
25 10 11
26 9 11
0 0 0
19 11 13
22 11 12
23 10 12
24 10 12
26 9 11
0 0 0
18 11 11
19 11 11
20 11 11
22 12 14
25 10 11
26 9 11
0 0 0
23 10 12
24 10 12
0 0 0
18 11 11
19 11 11
20 11 11
22 12 14
23 10 12
24 10 12
25 10 11
26 9 11
0 0 0
18 13 16
22 12 15
23 10 12
24 10 12
26 10 12
0 0 0
23 10 12
24 10 12
26 9 11
0 0 0
23 10 11
24 10 11
26 9 11
0 0 0
18 11 20
19 11 17
20 11 18
22 12 15
23 10 13
25 10 13
0 0 0
23 9 12
24 9 12
0 0 0
19 11 13
23 10 12
24 10 12
26 10 11
0 0 0
18 9 11
19 9 11
20 10 11
22 12 14
23 10 12
24 10 12
25 9 11
26 10 11
0 0 0
23 9 12
24 9 12
0 0 0
18 9 11
19 9 11
20 10 11
22 12 14
23 10 12
24 10 12
25 9 11
26 10 11
0 0 0
18 13 16
22 12 15
23 9 12
24 9 12
26 10 12
0 0 0
23 9 12
24 9 12
26 10 11
0 0 0
23 9 11
24 9 11
26 10 11
0 0 0
18 10 20
19 9 17
20 10 18
22 12 15
23 10 13
25 9 13
0 0 0
18 9 15
19 9 15
22 12 14
23 10 12
24 10 12
0 0 0
0 0 0
0 0 0
18 10 10
19 9 11
20 10 10
22 10 11
23 10 11
24 10 10
0 0 0
19 10 11
20 10 10
22 11 12
23 10 11
24 10 12
25 10 11
0 0 0
19 10 11
20 10 11
22 12 12
23 9 11
25 9 12
0 0 0
18 10 10
19 9 14
20 10 12
22 11 13
23 10 13
24 9 11
25 9 12
26 11 11
0 0 0
19 10 14
20 10 12
22 11 14
23 10 11
24 9 12
25 9 12
0 0 0
19 13 14
20 10 14
22 12 13
23 10 11
25 9 12
0 0 0
18 11 15
19 12 15
20 10 15
22 11 13
23 11 11
25 11 11
0 0 0
18 14 15
19 10 14
20 10 14
22 12 14
23 10 11
25 10 12
0 0 0
19 13 13
22 12 13
25 11 11
0 0 0
19 9 10
20 10 10
23 9 10
26 9 9
0 0 0
19 9 10
23 9 11
24 9 11
25 9 9
26 10 10
0 0 0
18 9 10
19 9 10
20 10 10
22 10 11
23 9 12
24 9 11
25 9 9
26 9 11
0 0 0
18 10 10
19 9 10
20 10 11
22 10 12
23 9 12
24 9 12
25 9 10
26 9 11
0 0 0
19 9 11
20 10 11
22 10 13
23 9 12
24 9 12
25 9 12
26 9 11
0 0 0
19 9 10
20 10 11
22 10 12
23 9 12
24 10 12
25 9 11
26 11 11
0 0 0
20 10 10
22 11 13
25 10 11
26 10 11
0 0 0
18 9 11
19 10 11
22 10 12
25 10 11
26 9 11
0 0 0
19 11 13
22 10 12
23 10 12
24 10 12
26 9 11
0 0 0
19 9 11
20 10 11
22 12 14
25 10 11
26 9 11
0 0 0
18 10 11
19 10 11
20 10 11
22 11 13
23 10 11
24 10 11
26 9 11
0 0 0
18 9 11
19 10 11
20 10 11
22 12 14
25 10 11
26 9 11
0 0 0
22 12 15
0 0 0
22 10 11
23 10 12
24 10 12
0 0 0
19 10 13
22 10 11
23 9 10
24 9 10
25 10 11
26 9 10
0 0 0
18 10 20
19 10 17
20 10 18
22 12 15
23 10 13
25 9 13
0 0 0
18 11 11
19 11 11
22 10 12
25 10 11
26 9 11
0 0 0
19 11 13
20 11 12
22 10 12
23 10 12
24 10 12
26 9 11
0 0 0
19 11 11
20 11 11
22 12 14
25 10 11
26 9 11
0 0 0
18 11 11
19 11 11
20 11 11
22 11 13
23 10 11
24 10 11
26 9 11
0 0 0
18 11 11
19 11 11
20 11 11
22 12 14
23 10 11
24 10 11
25 10 11
26 9 11
0 0 0
22 12 15
0 0 0
22 10 11
23 10 12
24 10 12
0 0 0
19 11 13
22 10 11
23 10 10
24 10 10
25 10 11
26 9 10
0 0 0
23 10 11
24 10 10
0 0 0
22 10 11
23 10 11
0 0 0
20 11 11
22 10 11
23 10 12
24 11 11
26 11 11
0 0 0
20 11 11
22 11 12
23 10 11
25 11 11
26 10 11
0 0 0
19 12 12
20 11 12
23 10 12
25 11 12
0 0 0
19 11 13
20 11 12
22 10 14
23 10 11
25 11 12
26 10 11
0 0 0
18 11 13
19 11 14
20 11 14
22 11 14
23 10 12
25 10 12
26 10 11
0 0 0
18 12 14
19 11 14
20 11 12
22 11 13
25 11 12
26 10 11
0 0 0
18 11 14
19 11 15
20 11 15
22 11 14
23 11 11
25 11 12
26 10 11
0 0 0
18 11 16
19 11 14
20 11 14
22 11 14
23 11 12
24 11 11
25 11 12
26 10 11
0 0 0
18 15 15
19 11 14
20 11 12
22 11 14
24 12 12
25 11 11
0 0 0
23 10 11
0 0 0
19 11 11
22 10 10
23 10 11
24 10 11
26 9 9
0 0 0
19 11 11
22 10 11
23 10 11
24 11 11
25 10 11
26 10 11
0 0 0
19 11 11
20 11 11
22 10 11
23 10 12
24 10 11
25 10 11
26 9 11
0 0 0
19 11 11
20 11 11
22 10 12
23 10 12
24 11 12
25 10 12
26 10 11
0 0 0
19 11 12
20 11 11
22 10 12
23 11 11
25 10 12
26 10 11
0 0 0
22 10 10
24 11 11
25 10 11
26 10 11
0 0 0
18 11 11
19 11 11
20 11 11
22 11 12
23 10 12
24 10 12
25 10 11
26 9 11
0 0 0
19 11 13
22 11 12
23 10 12
24 10 12
26 9 11
0 0 0
18 11 11
19 11 11
20 11 11
22 12 14
25 10 11
26 9 11
0 0 0
23 10 12
24 10 12
0 0 0
18 11 11
19 11 11
20 11 11
22 12 14
23 10 12
24 10 12
25 10 11
26 9 11
0 0 0
18 13 16
22 12 15
23 10 12
24 10 12
26 10 12
0 0 0
23 10 12
24 10 12
26 9 11
0 0 0
23 10 11
24 10 11
26 9 11
0 0 0
23 9 12
24 9 12
0 0 0
19 11 13
23 10 12
24 10 12
26 10 11
0 0 0
18 9 11
19 9 11
20 10 11
22 12 14
23 10 12
24 10 12
25 9 11
26 10 11
0 0 0
23 9 12
24 9 12
0 0 0
18 9 11
19 9 11
20 10 11
22 12 14
23 10 12
24 10 12
25 9 11
26 10 11
0 0 0
18 13 16
22 12 15
23 9 12
24 9 12
26 10 12
0 0 0
23 9 12
24 9 12
26 10 11
0 0 0
23 9 11
24 9 11
26 10 11
0 0 0
0 0 0
22 10 11
23 9 11
0 0 0
19 9 10
20 10 11
22 11 11
23 9 12
24 10 12
25 9 10
0 0 0
19 11 11
22 10 11
23 9 11
24 10 12
0 0 0
20 10 11
22 11 11
23 9 12
24 11 12
25 10 12
0 0 0
18 10 10
19 11 12
20 10 13
22 11 13
23 10 12
24 9 11
25 11 12
0 0 0
19 10 12
20 10 13
22 11 14
23 10 11
24 11 12
25 9 12
0 0 0
19 10 12
20 10 12
22 10 13
23 10 11
25 9 13
0 0 0
19 10 14
20 10 12
22 10 13
25 10 12
0 0 0
18 14 14
19 11 14
20 12 13
22 12 15
23 10 12
25 10 13
0 0 0
19 11 15
20 13 15
22 12 14
25 11 12
0 0 0
19 9 9
23 9 10
25 9 9
0 0 0
19 9 10
22 10 10
23 9 11
24 9 10
0 0 0
19 9 10
20 10 10
22 10 11
23 9 12
24 9 11
25 9 10
26 9 11
0 0 0
19 9 11
20 10 11
22 10 11
23 9 12
24 9 12
25 9 11
26 9 11
0 0 0
19 9 11
20 10 11
22 10 12
23 9 13
24 10 12
25 9 13
26 9 11
0 0 0
19 9 11
20 10 11
22 10 12
23 9 11
24 11 12
25 9 12
26 10 11
0 0 0
20 10 10
22 10 12
25 9 12
0 0 0
20 10 11
23 9 11
25 9 11
0 0 0
19 9 10
20 10 11
23 9 11
25 9 12
0 0 0
19 9 10
20 10 11
25 9 12
0 0 0
20 10 11
22 13 15
25 9 12
0 0 0
18 9 11
19 10 11
22 10 12
25 10 11
26 9 11
0 0 0
19 11 13
22 10 12
23 10 12
24 10 12
26 9 11
0 0 0
19 9 11
20 10 11
22 12 14
25 10 11
26 9 11
0 0 0
18 10 11
19 10 11
20 10 11
22 11 13
23 10 11
24 10 11
26 9 11
0 0 0
18 9 11
19 10 11
20 10 11
22 12 14
25 10 11
26 9 11
0 0 0
22 12 15
0 0 0
22 10 11
23 10 12
24 10 12
0 0 0
19 10 13
22 10 11
23 9 10
24 9 10
25 10 11
26 9 10
0 0 0
18 11 11
19 11 11
22 10 12
25 10 11
26 9 11
0 0 0
19 11 13
20 11 12
22 10 12
23 10 12
24 10 12
26 9 11
0 0 0
19 11 11
20 11 11
22 12 14
25 10 11
26 9 11
0 0 0
18 11 11
19 11 11
20 11 11
22 11 13
23 10 11
24 10 11
26 9 11
0 0 0
18 11 11
19 11 11
20 11 11
22 12 14
23 10 11
24 10 11
25 10 11
26 9 11
0 0 0
22 12 15
0 0 0
22 10 11
23 10 12
24 10 12
0 0 0
19 11 13
22 10 11
23 10 10
24 10 10
25 10 11
26 9 10
0 0 0
0 0 0
19 11 11
22 10 11
23 10 11
24 10 10
25 11 11
26 9 9
0 0 0
18 11 11
19 11 12
20 11 11
22 10 11
23 10 11
24 10 11
25 11 11
0 0 0
18 11 11
19 11 11
20 11 11
22 10 11
23 10 12
24 11 11
25 10 12
0 0 0
19 11 12
20 11 12
22 10 12
23 11 12
24 10 12
25 11 12
0 0 0
18 11 11
19 11 12
20 11 13
22 10 13
23 10 12
24 11 11
25 11 11
26 11 11
0 0 0
18 12 12
19 11 14
20 11 11
22 10 12
24 11 12
25 11 12
26 9 11
0 0 0
18 12 12
19 11 14
20 11 12
22 11 12
24 13 13
25 11 11
0 0 0
18 14 14
19 11 14
20 11 14
22 10 14
25 11 11
0 0 0
18 13 15
19 11 12
20 11 14
22 11 13
25 13 13
0 0 0
18 13 15
19 12 14
20 13 13
22 11 13
0 0 0
23 10 10
24 10 11
26 9 9
0 0 0
22 10 11
23 10 11
24 10 11
25 11 11
26 9 10
0 0 0
19 11 11
22 10 11
23 10 12
24 10 11
25 10 11
26 9 11
0 0 0
19 11 11
20 11 11
22 10 11
23 10 12
24 10 12
25 10 11
26 9 11
0 0 0
19 11 12
20 11 11
22 10 12
23 10 11
24 10 12
25 10 12
26 9 11
0 0 0
20 11 11
22 11 12
24 11 11
25 11 11
26 10 11
0 0 0
22 11 11
0 0 0
18 11 11
19 11 11
20 11 11
22 11 12
23 10 12
24 10 12
25 10 11
26 9 11
0 0 0
19 11 13
22 11 12
23 10 12
24 10 12
26 9 11
0 0 0
18 11 11
19 11 11
20 11 11
22 12 14
25 10 11
26 9 11
0 0 0
23 10 12
24 10 12
0 0 0
18 11 11
19 11 11
20 11 11
22 12 14
23 10 12
24 10 12
25 10 11
26 9 11
0 0 0
18 13 16
22 12 15
23 10 12
24 10 12
26 10 12
0 0 0
23 10 12
24 10 12
26 9 11
0 0 0
23 10 11
24 10 11
26 9 11
0 0 0
23 9 12
24 9 12
0 0 0
19 11 13
23 10 12
24 10 12
26 10 11
0 0 0
18 9 11
19 9 11
20 10 11
22 12 14
23 10 12
24 10 12
25 9 11
26 10 11
0 0 0
23 9 12
24 9 12
0 0 0
18 9 11
19 9 11
20 10 11
22 12 14
23 10 12
24 10 12
25 9 11
26 10 11
0 0 0
18 13 16
22 12 15
23 9 12
24 9 12
26 10 12
0 0 0
23 9 12
24 9 12
26 10 11
0 0 0
23 9 11
24 9 11
26 10 11
0 0 0
19 9 9
0 0 0
19 9 9
22 10 10
0 0 0
22 10 11
0 0 0
19 9 9
22 10 10
26 10 10
0 0 0
0 0 0
19 9 10
22 10 11
23 9 11
0 0 0
19 10 11
20 10 10
22 10 11
23 9 12
24 11 11
25 10 10
0 0 0
19 10 12
20 10 11
22 10 13
23 9 12
24 9 13
25 9 12
0 0 0
19 10 12
20 10 12
22 10 12
23 10 13
24 11 12
25 9 12
0 0 0
18 11 11
19 10 13
20 10 12
22 10 13
23 9 13
24 10 13
25 10 12
0 0 0
19 9 13
20 10 13
22 10 14
23 10 11
24 11 12
25 10 12
0 0 0
19 9 13
20 10 13
22 11 13
23 11 12
24 12 12
25 11 12
26 11 11
0 0 0
18 14 15
19 10 15
20 12 15
22 12 13
23 11 11
25 11 12
0 0 0
18 14 14
19 11 15
20 10 13
22 11 14
23 10 12
24 11 11
25 10 12
0 0 0
18 15 16
20 15 15
22 12 13
23 11 12
0 0 0
23 9 9
0 0 0
19 9 10
23 9 11
24 9 12
25 9 9
0 0 0
19 9 10
22 10 10
23 9 12
24 9 12
25 9 11
26 9 11
0 0 0
19 9 10
20 10 10
22 10 12
23 10 12
24 10 12
25 9 12
26 9 12
0 0 0
19 9 11
20 10 10
22 10 12
23 9 12
24 9 12
25 9 12
26 9 11
0 0 0
19 9 11
20 10 12
22 10 12
23 10 11
24 9 11
25 9 12
26 9 11
0 0 0
22 11 11
25 9 11
26 10 11
0 0 0
0 0 0
19 10 10
20 10 10
22 12 12
25 11 12
0 0 0
19 10 10
20 10 11
22 13 13
25 10 13
0 0 0
20 12 12
22 11 15
25 11 12
0 0 0
18 9 11
19 10 11
22 10 12
25 10 11
26 9 11
0 0 0
19 11 13
22 10 12
23 10 12
24 10 12
26 9 11
0 0 0
19 9 11
20 10 11
22 12 14
25 10 11
26 9 11
0 0 0
18 10 11
19 10 11
20 10 11
22 11 13
23 10 11
24 10 11
26 9 11
0 0 0
18 9 11
19 10 11
20 10 11
22 12 14
25 10 11
26 9 11
0 0 0
22 12 15
0 0 0
22 10 11
23 10 12
24 10 12
0 0 0
19 10 13
22 10 11
23 9 10
24 9 10
25 10 11
26 9 10
0 0 0
18 13 14
19 13 14
22 12 15
25 12 14
26 9 13
0 0 0
19 13 16
20 13 15
22 11 15
23 11 15
24 11 15
26 9 14
0 0 0
19 13 14
20 13 14
22 15 17
25 12 14
26 9 13
0 0 0
18 13 14
19 13 14
20 13 14
22 13 16
23 12 14
24 12 14
26 9 13
0 0 0
18 13 14
19 13 14
20 13 14
22 15 17
23 11 14
24 11 14
25 12 14
26 9 13
0 0 0
22 15 18
0 0 0
22 11 13
23 11 15
24 11 15
0 0 0
19 13 16
22 11 13
23 11 11
24 11 11
25 12 14
26 9 11
0 0 0
18 13 14
19 13 14
20 13 14
22 13 15
23 11 15
24 11 15
25 12 14
26 10 14
0 0 0
19 13 16
22 13 15
23 12 15
24 12 15
26 10 14
0 0 0
18 13 14
19 13 14
20 13 14
22 15 17
25 12 14
26 10 14
0 0 0
23 11 15
24 11 15
0 0 0
18 13 14
19 13 14
20 13 14
22 15 17
23 11 15
24 11 15
25 12 14
26 10 14
0 0 0
18 16 19
22 15 18
23 11 15
24 11 15
26 12 15
0 0 0
23 11 15
24 11 15
26 9 13
0 0 0
23 11 14
24 11 14
26 9 13
0 0 0
23 10 15
24 10 15
0 0 0
19 13 16
23 12 15
24 12 15
26 12 14
0 0 0
18 10 14
19 10 14
20 11 14
22 15 17
23 11 15
24 11 15
25 10 14
26 12 14
0 0 0
23 10 15
24 10 15
0 0 0
18 10 14
19 10 14
20 11 14
22 15 17
23 11 15
24 11 15
25 10 14
26 12 14
0 0 0
18 16 19
22 15 18
23 10 15
24 10 15
26 12 15
0 0 0
23 10 15
24 10 15
26 11 13
0 0 0
23 10 14
24 10 14
26 12 13
0 0 0
23 9 9
25 12 12
0 0 0
19 12 14
20 14 14
23 9 13
0 0 0
19 11 15
23 9 13
25 9 11
0 0 0
18 12 12
19 12 15
20 12 14
23 9 14
25 10 11
0 0 0
18 9 12
19 10 15
23 9 15
25 11 12
0 0 0
18 12 12
19 12 13
20 13 14
23 10 13
25 9 12
0 0 0
18 10 14
19 11 14
22 12 15
25 11 14
26 10 13
0 0 0
19 13 16
22 11 15
23 11 15
24 11 15
26 9 14
0 0 0
19 10 14
20 12 14
22 15 17
25 11 14
26 10 13
0 0 0
18 11 14
19 11 14
20 12 14
22 13 16
23 12 14
24 12 14
26 9 13
0 0 0
18 10 14
19 11 14
20 12 14
22 15 17
25 11 14
26 10 13
0 0 0
22 15 18
0 0 0
22 11 13
23 11 15
24 11 15
0 0 0
19 12 16
22 11 13
23 10 11
24 10 11
25 12 14
26 9 11
0 0 0
18 13 14
19 13 14
22 12 15
25 12 14
26 9 13
0 0 0
19 13 16
20 13 15
22 11 15
23 11 15
24 11 15
26 9 14
0 0 0
19 13 14
20 13 14
22 15 17
25 12 14
26 9 13
0 0 0
18 13 14
19 13 14
20 13 14
22 13 16
23 12 14
24 12 14
26 9 13
0 0 0
18 13 14
19 13 14
20 13 14
22 15 17
23 11 14
24 11 14
25 12 14
26 9 13
0 0 0
22 15 18
0 0 0
22 11 13
23 11 15
24 11 15
0 0 0
19 13 16
22 11 13
23 11 11
24 11 11
25 12 14
26 9 11
0 0 0
0 0 0
23 11 13
25 11 11
0 0 0
23 11 13
0 0 0
23 11 13
0 0 0
23 11 15
25 15 15
0 0 0
23 12 13
0 0 0
23 13 13
0 0 0
23 11 12
25 13 13
0 0 0
18 14 14
19 13 13
23 11 13
24 14 14
25 12 14
0 0 0
19 13 14
23 11 14
24 13 13
25 12 14
0 0 0
19 13 14
23 11 15
25 12 15
0 0 0
19 13 14
25 12 15
0 0 0
0 0 0
0 0 0
0 0 0
0 0 0
0 0 0
0 0 0
0 0 0
0 0 0
23 12 12
24 15 15
26 9 11
0 0 0
24 13 14
26 12 12
0 0 0
23 12 12
25 13 13
0 0 0
19 14 14
23 11 13
24 15 15
25 13 14
0 0 0
19 13 15
22 12 16
23 11 14
24 11 14
25 13 14
26 12 12
0 0 0
19 13 16
20 14 15
22 14 16
23 11 14
24 13 15
25 12 14
26 12 14
0 0 0
18 15 15
19 14 17
20 13 15
22 13 17
24 14 16
25 12 15
0 0 0
18 15 19
19 13 18
20 14 16
22 13 17
25 12 15
26 12 14
0 0 0
19 13 18
20 14 16
22 12 17
23 15 15
25 12 14
26 11 14
0 0 0
18 17 17
19 13 18
20 15 20
22 11 17
23 11 15
24 12 13
25 12 15
0 0 0
18 15 15
19 13 18
20 16 17
22 13 16
26 11 12
0 0 0
0 0 0
23 11 13
0 0 0
22 12 12
23 11 14
24 11 13
25 11 14
26 9 12
0 0 0
19 13 14
22 13 14
23 11 15
24 11 13
25 11 14
26 9 13
0 0 0
19 13 14
20 14 15
22 12 13
23 11 15
24 11 14
25 11 15
26 9 13
0 0 0
19 13 15
20 13 15
22 12 14
23 11 14
24 12 15
25 11 15
26 10 14
0 0 0
19 13 15
20 15 15
22 13 14
23 15 15
24 14 14
25 11 15
26 10 12
0 0 0
19 13 13
20 14 14
22 14 15
24 15 15
25 13 15
0 0 0
0 0 0
23 11 13
0 0 0
0 0 0
23 11 13
25 12 12
0 0 0
23 12 12
25 14 14
0 0 0
25 12 13
0 0 0
25 13 13
0 0 0
23 11 11
25 11 15
0 0 0
25 12 15
0 0 0
22 14 14
23 14 14
25 11 15
0 0 0
22 16 16
23 11 11
25 13 15
0 0 0
22 14 16
25 13 16
0 0 0
22 16 16
25 14 17
0 0 0
22 17 17
25 12 15
0 0 0
18 13 14
19 13 14
20 13 14
22 13 15
23 11 15
24 11 15
25 12 14
26 10 14
0 0 0
19 13 16
22 13 15
23 12 15
24 12 15
26 10 14
0 0 0
18 13 14
19 13 14
20 13 14
22 15 17
25 12 14
26 10 14
0 0 0
23 11 15
24 11 15
0 0 0
18 13 14
19 13 14
20 13 14
22 15 17
23 11 15
24 11 15
25 12 14
26 10 14
0 0 0
18 16 19
22 15 18
23 11 15
24 11 15
26 12 15
0 0 0
23 11 15
24 11 15
26 9 13
0 0 0
23 11 14
24 11 14
26 9 13
0 0 0
0 0 0
23 14 14
0 0 0
23 12 13
0 0 0
23 12 15
24 11 15
0 0 0
19 15 15
23 13 15
24 12 15
25 12 15
0 0 0
19 15 15
0 0 0
23 11 12
24 11 12
0 0 0
23 11 13
24 11 14
0 0 0
23 11 15
24 11 15
0 0 0
19 13 14
20 14 14
23 11 14
24 11 15
26 9 13
0 0 0
19 13 14
23 11 15
24 12 15
25 14 14
0 0 0
19 13 14
23 11 11
25 13 15
0 0 0
24 12 12
0 0 0
0 0 0
23 11 13
26 11 12
0 0 0
23 11 14
26 11 12
0 0 0
23 11 13
0 0 0
24 12 12
0 0 0
23 11 13
0 0 0
22 13 13
23 11 13
24 11 16
26 11 13
0 0 0
22 13 14
23 11 14
24 11 16
25 12 12
26 11 14
0 0 0
23 12 14
24 14 15
25 11 11
26 13 13
0 0 0
0 0 0
0 0 0
0 0 0
0 0 0
26 11 12
0 0 0
0 0 0
23 12 14
0 0 0
23 11 15
24 12 15
0 0 0
23 11 15
24 12 15
26 10 10
0 0 0
18 13 13
23 11 15
24 12 15
25 13 15
26 12 12
0 0 0
19 14 14
20 14 14
22 16 16
23 11 16
24 11 16
25 11 15
0 0 0
18 15 16
19 14 16
20 13 15
22 15 15
23 11 15
24 14 15
25 11 16
0 0 0
18 14 16
19 14 17
20 13 16
22 14 16
23 11 16
24 13 16
25 13 16
26 12 14
0 0 0
19 14 18
20 15 17
22 13 17
23 11 16
24 13 15
25 12 15
26 11 13
0 0 0
18 13 20
19 13 18
20 15 16
22 13 17
23 11 16
24 14 16
25 12 15
0 0 0
18 16 20
19 14 18
20 14 19
22 15 17
23 11 16
25 14 15
26 12 14
0 0 0
19 15 17
20 15 16
22 15 17
23 14 15
24 14 15
25 13 14
26 12 13
0 0 0
0 0 0
0 0 0
23 11 13
24 11 13
26 9 10
0 0 0
23 11 15
24 11 15
25 11 15
26 10 14
0 0 0
19 14 15
22 14 15
23 11 15
24 11 16
25 11 15
26 10 13
0 0 0
19 13 15
22 14 14
23 11 15
24 11 15
25 11 15
26 10 15
0 0 0
19 13 14
22 14 14
23 11 13
24 11 16
25 11 15
26 11 14
0 0 0
19 13 13
22 13 14
23 11 12
24 15 15
25 12 15
26 14 14
0 0 0
23 11 12
0 0 0
23 11 12
0 0 0
23 12 13
0 0 0
23 11 12
0 0 0
23 11 15
0 0 0
23 11 14
25 14 14
0 0 0
23 15 15
0 0 0
0 0 0
25 13 14
0 0 0
23 11 15
25 12 15
0 0 0
20 15 15
23 11 12
25 13 15
0 0 0
22 16 17
23 11 15
25 12 15
0 0 0
19 17 17
22 16 17
25 12 15
0 0 0
19 16 18
20 16 17
22 15 18
23 11 12
25 12 15
0 0 0
22 16 17
25 13 14
0 0 0
23 10 15
24 10 15
0 0 0
19 13 16
23 12 15
24 12 15
26 12 14
0 0 0
18 10 14
19 10 14
20 11 14
22 15 17
23 11 15
24 11 15
25 10 14
26 12 14
0 0 0
23 10 15
24 10 15
0 0 0
18 10 14
19 10 14
20 11 14
22 15 17
23 11 15
24 11 15
25 10 14
26 12 14
0 0 0
18 16 19
22 15 18
23 10 15
24 10 15
26 12 15
0 0 0
23 10 15
24 10 15
26 11 13
0 0 0
23 10 14
24 10 14
26 12 13
0 0 0
23 10 11
0 0 0
18 9 9
23 10 14
25 12 12
0 0 0
23 9 14
24 14 14
25 10 14
0 0 0
18 11 14
19 14 14
23 9 14
25 10 14
0 0 0
18 9 12
23 9 14
25 9 15
0 0 0
18 15 15
19 14 14
23 14 14
25 12 12
0 0 0
19 10 11
23 9 13
24 10 10
25 9 10
0 0 0
18 10 11
19 9 12
23 9 14
24 9 13
25 9 12
0 0 0
18 9 12
19 9 14
20 13 13
23 9 14
24 10 14
25 9 13
26 9 12
0 0 0
18 9 12
19 9 13
20 12 12
23 9 14
24 10 14
25 9 15
0 0 0
18 9 12
19 9 15
20 12 13
23 9 14
24 10 15
25 9 14
26 10 10
0 0 0
23 12 14
0 0 0
0 0 0
23 9 12
24 12 12
25 9 9
0 0 0
22 11 12
23 9 13
25 9 12
0 0 0
23 9 14
25 9 14
0 0 0
22 14 14
23 10 15
25 11 12
0 0 0
0 0 0
23 9 12
24 12 12
25 9 9
0 0 0
23 9 13
25 9 12
0 0 0
22 13 13
23 9 14
24 15 15
25 9 14
26 12 12
0 0 0
23 10 15
25 11 12
0 0 0
23 9 12
25 10 10
0 0 0
23 9 10
25 10 10
0 0 0
23 12 13
25 9 9
0 0 0
0 0 0
0 0 0
0 0 0
19 9 11
22 13 13
23 10 10
0 0 0
19 10 10
22 13 13
23 13 13
0 0 0
18 10 12
23 9 14
25 10 13
0 0 0
18 10 13
19 10 13
20 12 12
23 9 15
24 16 16
25 9 13
0 0 0
18 9 13
19 13 15
20 12 14
22 14 14
23 9 13
24 15 15
25 10 15
26 11 13
0 0 0
18 10 13
19 11 15
20 12 14
23 10 14
24 15 15
25 10 15
0 0 0
18 10 14
19 11 14
20 11 14
22 15 16
23 9 16
24 12 15
25 10 15
26 13 13
0 0 0
18 9 16
19 12 14
20 12 15
22 15 17
23 10 16
25 9 15
0 0 0
18 11 13
19 12 18
20 11 16
22 16 17
23 11 16
25 9 15
26 14 14
0 0 0
18 14 14
19 14 17
22 14 17
23 10 15
25 10 15
26 14 14
0 0 0
18 12 12
19 14 16
20 13 14
22 13 17
23 12 13
25 11 15
0 0 0
18 20 20
20 17 17
22 17 17
25 14 14
0 0 0
19 9 10
23 9 11
25 9 11
0 0 0
23 9 12
25 9 11
0 0 0
20 11 11
22 12 12
23 9 13
24 12 12
25 9 11
0 0 0
19 9 13
20 11 12
22 13 13
23 9 13
24 9 14
25 9 12
26 9 12
0 0 0
18 9 12
19 9 13
20 11 13
22 12 15
23 9 15
24 9 16
25 9 15
26 9 14
0 0 0
18 11 12
19 9 15
20 11 14
22 12 15
23 9 14
24 9 15
25 9 15
26 10 14
0 0 0
19 12 14
20 11 14
22 11 15
23 9 15
24 13 15
25 9 15
26 12 14
0 0 0
19 12 16
20 12 12
22 14 14
23 11 12
25 11 15
0 0 0
23 9 11
25 10 10
0 0 0
23 9 13
25 10 12
0 0 0
23 9 13
25 11 11
0 0 0
23 9 13
25 12 13
0 0 0
23 9 14
25 10 12
0 0 0
23 9 14
25 10 12
0 0 0
23 9 14
25 9 9
0 0 0
19 9 13
20 11 14
23 10 12
25 9 15
0 0 0
19 11 14
20 12 13
22 17 17
23 12 12
25 9 15
0 0 0
19 9 12
20 13 14
25 10 15
0 0 0
19 13 13
20 12 13
22 16 17
25 11 15
0 0 0
19 13 13
20 11 14
22 15 18
25 10 15
0 0 0
18 10 14
19 11 14
22 12 15
25 11 14
26 10 13
0 0 0
19 13 16
22 11 15
23 11 15
24 11 15
26 9 14
0 0 0
19 10 14
20 12 14
22 15 17
25 11 14
26 10 13
0 0 0
18 11 14
19 11 14
20 12 14
22 13 16
23 12 14
24 12 14
26 9 13
0 0 0
18 10 14
19 11 14
20 12 14
22 15 17
25 11 14
26 10 13
0 0 0
22 15 18
0 0 0
22 11 13
23 11 15
24 11 15
0 0 0
19 12 16
22 11 13
23 10 11
24 10 11
25 12 14
26 9 11
0 0 0
0 0 0
24 13 13
25 12 12
0 0 0
23 11 13
24 12 12
25 12 12
0 0 0
23 12 15
24 12 12
25 12 14
0 0 0
24 10 12
0 0 0
19 10 12
20 12 12
23 11 14
24 12 12
26 10 10
0 0 0
18 10 13
19 12 15
23 12 13
0 0 0
18 12 13
19 13 14
20 12 12
23 12 14
25 11 11
26 9 9
0 0 0
19 14 14
23 10 16
24 10 14
25 11 11
0 0 0
19 12 12
0 0 0
26 9 10
0 0 0
24 9 9
26 11 11
0 0 0
25 12 12
0 0 0
25 9 13
0 0 0
25 12 13
0 0 0
0 0 0
0 0 0
24 9 9
26 11 11
0 0 0
0 0 0
22 12 12
26 12 13
0 0 0
22 11 11
24 12 13
26 12 14
0 0 0
22 13 13
24 16 16
26 12 14
0 0 0
0 0 0
25 11 11
0 0 0
25 10 12
0 0 0
0 0 0
0 0 0
22 12 12
0 0 0
0 0 0
0 0 0
26 11 11
0 0 0
18 12 13
19 13 13
20 12 13
23 13 13
25 10 12
0 0 0
18 12 14
19 15 15
20 11 14
23 9 12
25 11 14
26 11 12
0 0 0
18 10 12
19 13 13
20 12 15
23 9 14
24 14 14
25 9 14
26 12 14
0 0 0
18 10 14
19 14 16
20 12 15
22 16 16
23 11 15
24 15 15
25 11 15
26 11 14
0 0 0
18 13 13
19 13 17
20 12 15
22 15 16
23 11 11
24 14 14
25 12 15
0 0 0
18 14 14
19 14 16
20 11 15
22 15 17
23 9 15
24 14 15
25 12 15
26 10 12
0 0 0
19 14 17
20 12 17
22 16 16
25 12 15
26 11 12
0 0 0
18 14 14
19 15 17
20 13 16
22 16 16
25 12 15
0 0 0
19 15 16
20 12 15
22 14 16
25 12 13
26 11 12
0 0 0
25 12 12
0 0 0
23 9 9
25 9 12
26 9 11
0 0 0
20 12 12
23 10 14
25 9 13
26 10 12
0 0 0
19 13 13
20 12 13
22 12 12
23 10 14
24 9 15
25 9 14
26 9 13
0 0 0
18 12 12
19 12 13
20 12 14
22 12 15
23 10 16
24 9 15
25 9 14
26 9 14
0 0 0
19 11 14
20 11 14
22 12 14
23 9 14
24 10 15
25 9 15
26 9 14
0 0 0
19 12 14
20 11 15
22 12 14
23 11 13
24 12 16
25 9 15
26 10 13
0 0 0
19 13 13
20 13 14
25 12 15
26 9 11
0 0 0
23 10 10
25 11 11
0 0 0
0 0 0
23 10 13
25 9 13
0 0 0
23 9 14
25 9 13
0 0 0
23 11 13
25 11 14
0 0 0
23 11 12
25 9 13
0 0 0
23 13 13
25 11 14
0 0 0
25 10 13
0 0 0
19 12 14
20 12 14
25 9 15
0 0 0
19 13 13
20 13 14
25 11 15
0 0 0
20 13 15
22 15 17
25 12 15
0 0 0
19 11 14
20 14 14
22 16 17
25 12 15
0 0 0
19 12 12
20 12 14
22 16 17
25 12 13
0 0 0
20 13 14
22 16 17
25 12 14
0 0 0
18 9 22
19 9 20
22 13 18
23 11 16
24 11 16
0 0 0
18 13 23
19 13 19
20 14 20
22 13 18
23 11 15
25 11 16
0 0 0
18 13 23
19 13 19
20 14 20
22 13 18
23 11 15
25 11 16
0 0 0
18 11 23
19 9 19
20 12 20
22 13 18
23 9 15
25 9 16
0 0 0
18 11 23
19 10 19
20 12 20
22 13 18
23 9 15
25 9 16
0 0 0
18 11 22
19 9 20
22 12 14
23 12 16
24 12 16
25 9 12
0 0 0
0 0 0
0 0 0
0 0 0
24 12 12
25 13 13
0 0 0
24 11 11
25 12 12
0 0 0
25 12 15
0 0 0
0 0 0
0 0 0
25 12 13
0 0 0
25 12 15
0 0 0
25 13 15
0 0 0
25 12 14
0 0 0
25 13 13
0 0 0
0 0 0
24 9 10
0 0 0
19 9 9
23 10 10
24 9 11
0 0 0
19 10 10
22 13 13
23 9 12
24 9 12
25 10 10
26 9 9
0 0 0
19 10 11
23 9 11
24 9 12
25 9 11
0 0 0
18 10 10
19 10 12
22 13 13
24 9 12
25 9 9
0 0 0
19 12 12
24 9 10
0 0 0
25 15 15
0 0 0
25 14 14
0 0 0
25 14 14
0 0 0
25 14 14
0 0 0
19 11 11
25 14 14
0 0 0
22 16 18
25 14 14
0 0 0
22 15 17
25 14 15
0 0 0
22 17 17
25 13 15
0 0 0
25 12 14
####
-999 # check value
