
Table  1    Cod :  Stock numbers (thousands) 

          Age 01  Age 02  Age 03  Age 04  Age 05  Age 06  Age 07  Age 08  Age 09  Age 10
                                                                                        
1974 Q1   606454  187044   27915   36019   10664    2220     999     942     572     484
1975 Q1  1002800  166040   40639   10025   15222    4827    1005     433     424     443
1976 Q1   679151  296947   37735   13946    4091    6675    2116     420     188     352
1977 Q1  1564030  175001   63557   11821    5300    1683    2745     827     172     204
1978 Q1  1115650  409381   38426   20027    4597    2225     706    1096     344     145
1979 Q1  1058150  248929   78819   10474    6843    1719     832     249     406     166
1980 Q1  1498250  268410   58896   26797    4219    2968     746     344     107     229
1981 Q1   845023  380398   54687   17470    9763    1670    1175     279     135     122
1982 Q1  1359110  173605   74701   16066    6355    3860     660     440     110      93
1983 Q1   822660  286809   30344   20351    5550    2401    1458     235     165      69
1984 Q1  1274610  176014   49533    8252    6931    2084     901     516      88      80
1985 Q1   469159  319361   34326   14653    2992    2732     821     336     202      60
1986 Q1  1249950  105383   60915   10051    5296    1176    1074     306     131      94
1987 Q1   669368  313823   19280   16373    3357    1956     435     374     112      75
1988 Q1   511688  163130   59144    5365    5624    1272     741     155     141      64
1989 Q1   727112  117831   29909   16351    1804    2121     480     264      58      70
1990 Q1   402149  181987   20356    7899    5431     665     782     167      96      43
1991 Q1   454727   97450   32590    5672    2730    2082     255     283      63      49
1992 Q1   701809  110986   17572    9103    2006    1052     803      93     108      39
1993 Q1   340918  189468   21152    5229    3304     791     415     300      36      53
1994 Q1   606674  107666   41543    5659    1580    1095     286     140     106      29
1995 Q1   481792  194188   24596   11468    1791     546     411     100      51      45
1996 Q1   408565  156162   45730    7087    3803     646     213     150      38      34
1997 Q1   862618  119381   33884   12269    2206    1294     239      74      54      24
1998 Q1   197697  281731   27769    9599    3921     775     494      85      27      27
1999 Q1   268446   54514   49442    5477    2243    1043     230     134      25      14
2000 Q1   377006   76970    8909    9527    1260     592     307      62      38      10
2001 Q1   172705  125282   13215    1737    2162     331     174      82      18      12
2002 Q1   186850   58932   29418    3729     572     792     131      65      32      11
2003 Q1   163252   55980   10044    5735     918     162     248      38      20      12
2004 Q1   253050   49005   12340    2965    2132     385      72     105      17      13
2005 Q1   240511   69164    9735    3362    1003     858     166      29      45      12
2006 Q1   408294   61560   13102    2608    1184     405     371      68      13      22
2007 Q1   221597  105849   11600    3557     908     470     172     149      28      13
2008 Q1   229005   58096   26116    3732    1418     343     192      80      83      29
2009 Q1   238066   56943   13275    7721    1317     498     131      85      43      76
2010 Q1   323790   63344   13156    4032    2889     465     191      58      46      81
2011 Q1   198547   96713   17724    4593    1691    1152     199      93      33      89
2012 Q1   268339   54374   27643    6526    1954     693     499      95      50      77
2013 Q1   375396   68977   14865    9185    2874     831     310     243      52      80
2014 Q1   346719   96604   19090    5260    4164    1263     383     155     135      83
2015 Q1   207213   98078   28883    7059    2426    1863     592     194      87     139
2016 Q1   135913   56500   28536   10196    3205    1067     861     296     108     144
2017 Q1   243883   36501   16280   10344    4292    1404     491     429     164     160
2018 Q1   101499   71798   11039    6008    4336    1789     618     236     232     204
2019 Q1   153231   25546   17876    3117    2002    1443     642     252     114     261
2020 Q1   180589   42360    7107    5710    1145     745     572     284     129     230
2021 Q1   139654   57207   14033    2683    2489     502     342     285     157     227
2022 Q1   199302   41832   20142    5931    1429    1301     270     194     173     254
2023 Q1   346488   52732   13247    7717    2850     716     675     148     115     279

Table  1    Whiting :  Stock numbers (thousands) 

           Age 1   Age 2   Age 3   Age 4   Age 5   Age 6
                                                        
1974 Q1  5023760 2791370  534673   67274   21136    2156
1975 Q1  9987330 1207510  795005  121317   14019    4549
1976 Q1  9244730 2724680  379363  187603   24388    3751
1977 Q1  9069350 1922440  850317   99266   42394    6260
1978 Q1  9411240 2045250  653461  246721   25204   12369
1979 Q1  7029780 2087910  697956  228645   81057   12823
1980 Q1  7843090 2299500  700877  219404   65544   25771
1981 Q1  4156730 2034470  845005  244466   70203   29209
1982 Q1  3143970  718927  623970  263998   74674   30666
1983 Q1  2332530  622355  267163  220808   88082   36810
1984 Q1  4156440  659262  204032   88586   64414   35999
1985 Q1  2832840 1216240  236466   65155   24030   27155
1986 Q1  5237650  817268  438016   86063   21014   17162
1987 Q1  5107800 1720370  293452  127316   21204    9511
1988 Q1  4633800 1457470  640691   99076   38789    9221
1989 Q1  7598920 1163200  552365  223212   31365   15170
1990 Q1  4038520 2040350  506473  221467   81235   16310
1991 Q1  3161840 1070130  839265  195366   77966   33826
1992 Q1  3604410 1037750  459533  345083   79963   50463
1993 Q1  4204260 1027490  436327  181091  131808   56546
1994 Q1  3661350 1040700  378295  159987   65607   77933
1995 Q1  3675550 1014640  403663  147980   61144   62265
1996 Q1  2558390  944672  428899  178731   65501   61260
1997 Q1  1916650  620168  386124  187773   78962   63228
1998 Q1  2709590  543341  282883  178633   87054   71908
1999 Q1  4270300  637555  230183  134831   87124   84194
2000 Q1  3026710  939476  274544   99439   57243   81132
2001 Q1  3361130 1143480  452297  129225   47103   70269
2002 Q1  3807590  954347  586756  238708   69176   66628
2003 Q1  1981610  736238  443141  303533  124441   76253
2004 Q1  1257940  325260  336520  213335  147058  105729
2005 Q1  1437490  344726  130963  160606  102673  128878
2006 Q1  1383800  433815  157245   64038   78689  120795
2007 Q1  1337110  453265  177055   69443   29336   97336
2008 Q1  2067640  356066  199562   82059   32846   60246
2009 Q1  1801740  592746  161003   93575   37734   44566
2010 Q1  1668080  554096  270820   77208   44311   39829
2011 Q1  2264860  576988  266471  140078   38729   43527
2012 Q1  1489060  705339  274949  137362   72396   43064
2013 Q1  1090900  407956  312797  135842   68886   58635
2014 Q1  1557590  317674  189093  157461   68124   71571
2015 Q1  1652580  597634  149966   96556   77980   75077
2016 Q1  1898560  612464  279587   73556   46327   76785
2017 Q1  2840530  581521  285446  138536   35840   71199
2018 Q1  1705750  727341  281919  149041   71992   63194
2019 Q1  2152240  491274  335314  144180   76687   79894
2020 Q1  4706260  666034  226577  173114   73854   83976
2021 Q1  3788320 1723750  351303  126072   96282   93228
2022 Q1  1224240 1392780  843670  201776   72091  112260
2023 Q1  3415680  462077  677867  473689  116032  121121

Table  1    Haddock :  Stock numbers (thousands) 

           Age 01   Age 02   Age 03   Age 04   Age 05   Age 06   Age 07   Age 08   Age 09   Age 10
                                                                                                  
1974 Q1   7912050   549692   880582   129529     4868     3291    37810      998      134      188
1975 Q1  17777100  1528690   148392   204874    36078     1632     1130    14446      396      129
1976 Q1   1428920  4226840   366735    30808    48396     9433      471      372     4751      179
1977 Q1   1377440   335063  1146850    86698     7891    13566     2889      174      137     1773
1978 Q1   2782050   310192    88593   256750    25608     2334     4270     1057       66      720
1979 Q1   4972970   503151    81510    19195    58274     7460      700     1472      376      281
1980 Q1   8797760   909357   136785    18841     4994    16503     2248      246      518      232
1981 Q1   3492270  2070980   272849    34670     5807     1579     5326      821       92      281
1982 Q1   5156240   424464   646637    85989    13267     2333      657     2413      380      173
1983 Q1   2470010   768088   143355   213156    33950     5481     1010      310     1135      263
1984 Q1   5166960   459635   260341    38925    65898    11251     1909      391      123      553
1985 Q1   1551400  1515090   148469    64245    10537    18287     3363      653      136      236
1986 Q1   1709070   405337   467351    41009    18257     3095     6299     1288      252      144
1987 Q1   3742020   604064   124873   128934    11304     5270     1068     2326      484      148
1988 Q1    495784  1154890   173347    29525    31662     2920     1641      362      790      215
1989 Q1    406745   159610   313933    42779     7235     8020      923      566      125      344
1990 Q1    769104   136833    48590    77014    10904     1907     2523      323      199      163
1991 Q1   1579850   256735    43093    13143    20214     3010      643      928      119      134
1992 Q1   2612890   582441    79278    11590     3431     5433      979      228      334       92
1993 Q1   3722900   863973   204059    24426     3592     1081     1965      389       91      170
1994 Q1   1474580   990565   265111    51211     5984      893      329      653      131       88
1995 Q1   6116890   428905   315277    73593    13863     1686      302      120      239       80
1996 Q1   2306750  1498290   153069    96606    22160     4366      622      121       48      128
1997 Q1   1969540   500843   459430    40125    24229     5813     1351      209       42       62
1998 Q1   1025920   537734   180092   152717    13602     8228     2299      575       90       45
1999 Q1    556139   273842   202724    56373    46720     4334     3037      931      234       55
2000 Q1   7015580   178215    89987    51558    13974    11681     1314     1011      310       99
2001 Q1   1825820  2665840    77435    26230    12442     3490     3327      333      256      104
2002 Q1    326853   657542  1247360    26772     7937     3832     1194     1044      106      114
2003 Q1    388142   111294   304747   440469     8883     2651     1411      397      362       77
2004 Q1    379378   142017    62429   150897   204330     4326     1361      724      204      226
2005 Q1    306020   101198    70786    28058    62694    85584     2116      655      357      213
2006 Q1   2566080    82922    53418    31932    12362    27649    40196      975      312      272
2007 Q1    629421   669225    37443    18531     9864     4039     9954    13099      340      205
2008 Q1    414426   155613   303191    14922     6492     3478     1571     3538     4656      201
2009 Q1    256259   107740    75031   141534     6785     2978     1689      721     1661     2240
2010 Q1   1910120    82468    53061    33733    64563     3272     1512      812      368     1976
2011 Q1    213883   611472    40304    25194    15296    29302     1601      718      401     1159
2012 Q1     97015    67118   307492    20204    11579     7036    14202      752      361      789
2013 Q1    220321    30546    32409   159713     9826     5771     3669     6992      405      611
2014 Q1    183174    66157    15742    17658    79506     5132     3171     1924     3644      577
2015 Q1   1573480    54788    31056     7306     7474    32605     2350     1358      858     1829
2016 Q1    363373   506211    22355    10848     2308     2365    11236      739      458      846
2017 Q1    580666   115650   223431     9466     4038      889     1023     4170      278      527
2018 Q1    289021   176921    52606    92486     3884     1728      418      442     1803      342
2019 Q1    642119    83786    82797    22771    36986     1720      826      187      199      918
2020 Q1   2769780   203583    41307    36568     9541    15515      820      362       85      505
2021 Q1   2896700  1049870   110205    20584    17595     4626     7871      419      185      302
2022 Q1    854564   979865   591607    61900    11060     9777     2695     4393      250      293
2023 Q1   1091710   215079   537756   351602    38880     7004     6356     1718     2801      348

Table  1    Saithe :  Stock numbers (thousands) 

         Age 01 Age 02 Age 03 Age 04 Age 05 Age 06 Age 07 Age 08 Age 09 Age 10
                                                                              
1974 Q1  460286 206957 112673  80978  53168  68087  45596  22884   5358   8137
1975 Q1  242272 376850 169442  62722  39585  26773  36752  25407  13243   7810
1976 Q1  136442 198356 308539  88059  27969  18280  13418  19122  13822  11453
1977 Q1  170268 111709 162400 154500  37365  12326   8801   6727  10061  13299
1978 Q1  145418 139404  91460  70917  54594  13858   5119   3849   3130  10867
1979 Q1  309077 119058 114134  51585  35280  27949   7587   2890   2254   8196
1980 Q1  232405 253051  97476  62805  24830  17509  14899   4179   1655   5985
1981 Q1  227870 190277 207181  50207  27674  11338   8690   7683   2255   4123
1982 Q1  198338 186564 155786 110806  23264  13250   5861   4653   4289   3561
1983 Q1  238962 162385 152746  83890  51815  11235   6900   3159   2614   4409
1984 Q1  448313 195645 132950  67730  30256  19591   4744   3064   1490   3312
1985 Q1  241713 367048 160181  65690  28230  13110   9297   2347   1593   2497
1986 Q1  243258 197897 300513  78637  27145  12134   6179   4570   1213   2114
1987 Q1  141860 199163 162025 131290  27804  10073   5042   2704   2127   1548
1988 Q1  136775 116145 163061  77628  52516  11590   4624   2419   1367   1858
1989 Q1  186740 111982  95091  71962  27821  19737   4868   2044   1136   1515
1990 Q1  173714 152890  91683  44004  27478  11100   8726   2256   1002   1299
1991 Q1  190703 142225 125176  45847  18637  12088   5336   4369   1186   1209
1992 Q1  155555 156134 116444  64929  20392   8586   6046   2771   2373   1301
1993 Q1  456263 127358 127832  80666  34374   9649   4051   2978   1446   1917
1994 Q1  187644 373556 104272  82307  35284  12794   3576   1597   1276   1442
1995 Q1  277081 153630 305842  72077  43328  16577   5993   1750    829   1410
1996 Q1  129237 226854 125781 201777  33596  17468   6657   2545    801   1025
1997 Q1  238719 105810 185733  85466 101570  14920   7732   3092   1261    905
1998 Q1  134809 195447  86630 133060  49391  53660   7863   4218   1767   1237
1999 Q1  299103 110372 160018  61826  76133  25769  27927   4241   2386   1699
2000 Q1  306245 244885  90365 108539  30980  33617  11340  12904   2091   2014
2001 Q1  221199 250732 200495  64722  62685  16354  17703   6182   7368   2344
2002 Q1  167131 181102 205282 148170  40563  36673   9550  10616   3841   6034
2003 Q1  264343 136835 148274 145975  83981  20913  18860   5094   5945   5530
2004 Q1  115426 216426 112031 104321  80472  41812  10384   9739   2772   6245
2005 Q1  141613  94503 177195  82210  64186  46000  23854   6094   5937   5497
2006 Q1   99999 115943  77372 128041  48589  34882  24943  13360   3564   6686
2007 Q1  100586  81872  94926  56208  76736  26872  19250  14198   7926   6081
2008 Q1  173109  82353  67032  70373  35516  45357  15855  11654   8896   8776
2009 Q1   95759 141730  67425  47360  39222  17928  22835   8293   6414   9726
2010 Q1  139569  78401 116039  47406  26061  19484   8882  11768   4505   8768
2011 Q1  131725 114270  64189  81178  25748  12735   9494   4508   6307   7113
2012 Q1   99216 107847  93556  45309  45133  12957   6392   4952   2475   7368
2013 Q1  117369  81231  88298  66802  25958  23586   6755   3452   2804   5574
2014 Q1  174682  96094  66507  63819  39506  14118  12799   3786   2020   4902
2015 Q1  165656 143017  78675  47998  37596  21381   7624   7141   2206   4035
2016 Q1   97964 135628 117093  56427  27820  19936  11311   4174   4093   3577
2017 Q1   86389  80206 111043  84055  32781  14795  10577   6209   2398   4406
2018 Q1   77639  70729  65667  77777  45798  16082   7238   5388   3338   3658
2019 Q1   93585  63565  57908  46070  42557  22589   7910   3705   2910   3778
2020 Q1  133375  76621  52043  40464  24947  20717  10965   4001   1980   3573
2021 Q1  162362 109198  62732  37839  24304  13835  11465   6257   2379   3302
2022 Q1  161330 132931  89404  47219  24878  15101   8583   7269   4085   3708
2023 Q1  160985 132086 108835  67513  31308  15623   9470   5496   4787   5132

Table  1    Mackerel :  Stock numbers (thousands) 

           Age 01   Age 02   Age 03   Age 04   Age 05   Age 06   Age 07   Age 08   Age 09   Age 10
                                                                                                  
1974 Q1   3356060  1345890  4054360  1150460  1744060  3569910  1780870   888458   440339   387923
1975 Q1   4426180  2819900  1111470  3260320   881194  1335340  2714730  1347450   672226   626681
1976 Q1   4155620  3689890  2297450   874145  2403800   649352   975153  1969250   977428   942218
1977 Q1   2775970  3449810  2984610  1785560   631493  1735500   464046   691614  1396660  1361480
1978 Q1    708307  2322730  2828500  2371860  1340170   473751  1291610   343317   511679  2040570
1979 Q1   2347520   588282  1880290  2201230  1717390   969806   339382   918379   244111  1814740
1980 Q1   4378570  1933510   469437  1429190  1530620  1193320   665513   230756   624434  1399880
1981 Q1   4886870  3645550  1539690   355003  1021400  1061190   814160   433760   150399  1319380
1982 Q1   5958050  4063550  2894330  1158570   251896   702262   717553   524980   279694   947731
1983 Q1   1618390  4954460  3226490  2178220   822256   173236   474986   462842   338627   791723
1984 Q1   1172480  1352450  3979670  2475410  1589290   583983   121293   319322   311158   759908
1985 Q1   5666220   978882  1083940  3041960  1796540  1121780   406169    80895   212970   714342
1986 Q1   2639960  4746680   790782   839542  2249970  1296340   798919   278683    55504   636252
1987 Q1   3130750  2215270  3849740   616523   626856  1641460   934197   555956   193931   481383
1988 Q1   4475560  2621060  1787010  2974590   454439   450513  1164000   637681   379494   460968
1989 Q1   2893900  3737500  2101910  1367280  2161850   321282   313887   777952   426189   561716
1990 Q1   3785460  2427400  3028470  1636220  1018650  1573130   230894   217712   539586   685210
1991 Q1   2823820  3168720  1957460  2338690  1205070   731396  1114410   157415   148428   835022
1992 Q1   3090640  2350970  2523020  1480010  1670920   835218   498831   726033   102555   640712
1993 Q1   3755160  2559040  1848030  1867290  1025450  1117470   548206   310405   451784   462508
1994 Q1   4221270  3093040  1987100  1340130  1256440   662822   707101   326506   184874   544543
1995 Q1   3554950  3464240  2381230  1420550   883417   792975   408799   408418   188588   421308
1996 Q1   3201780  2924390  2681950  1718220   949034   566288   497311   240889   240664   359387
1997 Q1   3169660  2664880  2326920  2025530  1225660   656541   385454   323224   156564   389999
1998 Q1   2598800  2640340  2124570  1763110  1451620   852518   449498   252275   211546   357719
1999 Q1   2657800  2155150  2083080  1581980  1232310   980708   565693   283378   159043   358883
2000 Q1   3029620  2201960  1696470  1545280  1099770   827339   646389   353770   177218   323898
2001 Q1   1822020  2491550  1703610  1222790  1030760   703697   517854   380005   207978   294601
2002 Q1   3951610  1489770  1901730  1200570   789651   635154   422991   290045   212837   281489
2003 Q1   5365280  3198080  1110130  1287700   732054   455157   355367   217425   149088   254093
2004 Q1   3396340  4352670  2396620   758798   795865   428643   258996   186394   114042   211473
2005 Q1   4674350  2869130  3482410  1739440   503506   475739   235547   124107    89318   155983
2006 Q1   7561810  3969880  2343850  2653510  1243160   333976   297141   133404    70289   138927
2007 Q1   8979510  6438190  3274800  1827000  1963340   865639   221450   181947    81686   128109
2008 Q1   7785770  7634640  5282250  2520600  1325980  1330660   555204   129839   106678   123005
2009 Q1   7696390  6628320  6295870  4114340  1862850   921820   880578   339088    79298   140278
2010 Q1   6973610  6558560  5486710  4947290  3081900  1319710   624348   554349   213466   138230
2011 Q1  10116400  5947150  5445120  4341430  3745220  2215910   910289   402514   357386   226736
2012 Q1  10000900  8632810  4949680  4333350  3315510  2726130  1551750   598557   264671   384087
2013 Q1   6289150  8543230  7214540  3977100  3358220  2463450  1957940  1054590   406787   440905
2014 Q1   4920630  5372680  7140770  5798990  3083810  2497080  1770930  1332260   717585   576804
2015 Q1   5812640  4195350  4456380  5637870  4375350  2206930  1712510  1133160   852472   828238
2016 Q1   2619770  4959390  3489490  3541270  4295930  3174790  1539480  1120370   741346  1099570
2017 Q1   4831650  2236400  4133580  2786420  2718420  3149690  2243100  1024110   745301  1224630
2018 Q1   3349810  4121240  1858080  3276290  2114850  1961670  2182260  1454560   664092  1277420
2019 Q1   2943200  2859080  3432550  1481260  2508680  1545090  1379970  1443470   962132  1284230
2020 Q1   5016010  2514390  2390020  2759840  1149050  1866510  1111560   939898   983153  1530000
2021 Q1   5766430  4276580  2085380  1886610  2081650   821957  1279370   710752   600985  1606950
2022 Q1   2748050  4906440  3518970  1616050  1383510  1431480   536693   767811   426557  1325090
2023 Q1   3866190  2336490  4025590  2708650  1172950   937762   918225   314715   450241  1027160

Table  1    Herring :  Stock numbers (thousands) 

            Age 1    Age 2    Age 3    Age 4    Age 5    Age 6    Age 7    Age 8
                                                                                
1974 Q1   2222720  1234650   701754   202216    68247    26060     9395    11766
1975 Q1   2912130   747039   383602   223270    75097    25224     9756     7970
1976 Q1    866107   681743   138827    74312    54592    18225     6232     4421
1977 Q1    696693   296183   214475    46784    28981    21187     7340     4341
1978 Q1    739400   351552   172621   129956    30026    18776    14237     7973
1979 Q1    712312   434839   247969   125727    96478    22696    14668    17668
1980 Q1   2362700   430683   313869   186299    94709    73386    17781    25597
1981 Q1   6447350  1330040   277796   215135   130455    67378    53241    31734
1982 Q1   8305550  2910460   738696   160798   128927    79138    44280    56524
1983 Q1  12401600  4155100  1675170   453975   101787    82058    52457    67684
1984 Q1  11612000  6192050  2249730   909585   236043    54835    45992    68810
1985 Q1  10637100  5439420  3030520  1082720   417097   112981    26659    56886
1986 Q1  15993000  4522800  2424220  1349020   451470   182892    51187    38568
1987 Q1  17694600  7194510  2171830  1205130   643771   227472    92635    45964
1988 Q1  13181400  8620860  3703420  1089950   597010   333943   118963    74793
1989 Q1   8516120  6222050  4525040  1890880   547179   313014   176598   103796
1990 Q1   7088520  4361560  3532320  2535030  1009500   303822   177849   161851
1991 Q1   7738480  3579780  2512420  2009860  1376320   583993   178458   200953
1992 Q1   7099800  3728970  2001760  1384340  1071800   771944   329119   216582
1993 Q1  10950100  3334390  1820110   965829   617979   500384   371431   268060
1994 Q1  10905700  4612440  1398540   728829   349360   241463   201924   263033
1995 Q1   9061890  4740390  2019570   597366   284436   149714   105664   205976
1996 Q1   8348170  3774550  1950590   797559   214775   107526    60510   131581
1997 Q1  11625000  4145910  2150370  1113350   442022   121361    66596   122102
1998 Q1   6737650  6272630  2408420  1261140   659008   267102    75136   120010
1999 Q1   5724550  3769010  3711340  1327740   667414   304003   124701    91386
2000 Q1  18212700  3321960  2408660  2250530   780424   356856   164297   116888
2001 Q1  11222600 11090500  2217690  1524830  1318780   408897   191513   150619
2002 Q1  31793100  6257860  7249550  1397530   908760   748611   237934   201714
2003 Q1  11195800 18168000  4000090  4493250   839740   513256   425220   260543
2004 Q1   6781700  6019110 11702100  2497580  2765350   475088   294905   403203
2005 Q1   8040790  3560190  3682910  7010800  1412930  1422220   250325   377443
2006 Q1   5255890  4224740  2095040  2059870  3804040   666370   685364   315531
2007 Q1   6133640  2881570  2618410  1236200  1152140  1960750   350142   532275
2008 Q1   8209770  3422920  1795150  1585310   706003   607602  1049630   480867
2009 Q1   7992090  4818500  2276870  1177540   998442   415589   363414   922433
2010 Q1  10477300  5025010  3432370  1637270   835323   682037   285336   886457
2011 Q1   9857570  6745000  3518010  2449620  1160930   567442   464318   804871
2012 Q1   6933470  5985510  4687420  2499720  1730510   787177   390029   879719
2013 Q1   7181230  4002720  3959320  3064600  1607890  1023830   469298   756337
2014 Q1  14071000  4098410  2588580  2500100  1875190   888125   578235   698634
2015 Q1  16530600  8444750  2709980  1657780  1534630  1043500   496779   717257
2016 Q1   4883610 10300600  5624910  1726100  1011850   838483   574636   670003
2017 Q1   6397760  2777420  6766660  3545550  1028950   557570   463037   686784
2018 Q1   3422110  3907410  1835170  4391530  2235700   614046   335127   690702
2019 Q1   6851250  1967780  2542710  1148720  2649320  1253000   345044   579025
2020 Q1   6269230  4100440  1338470  1672460   730027  1574160   749064   555850
2021 Q1   7373120  3868190  2835680   886016  1064760   429774   928377   777860
2022 Q1   5610550  4176600  2621190  1879500   571308   639966   261016  1045010
2023 Q1   8162450  2760640  2569970  1591840  1109750   301414   340397   706956

Table  1    N.sandeel :  Stock numbers (thousands) 

             Age 1     Age 2     Age 3     Age 4
                                                
1974 Q1  170753000  13518100   8126150   1914270
1975 Q1   75874200  34874000   3763020   4658940
1976 Q1   65897400   7569550   4192740   3722120
1977 Q1   83123100  11416300   1565700   2472820
1978 Q1   51324700  14037800   2229160   1328350
1979 Q1   85401500  13207000   4156800   1630540
1980 Q1  119528000  27248200   4783550   3182670
1981 Q1   58447500  22525400   5823360   3497610
1982 Q1   66420400  11406500   5417760   3241770
1983 Q1   78542800  15679900   3219560   3626200
1984 Q1   68779900  25759500   6277060   3478430
1985 Q1   47175400  19830400   8860490   5184430
1986 Q1  100555000  14080300   7137120   6409910
1987 Q1   89248000  24661000   4086600   5638720
1988 Q1   34326100  19246500   7409970   4521850
1989 Q1  106062000   7911140   5455290   4606480
1990 Q1   51247200  15017900   1331770   2892550
1991 Q1   84716200   8762490   3023880   1391660
1992 Q1   87555100  16831500   2057420   1620370
1993 Q1   99552100  20580900   5047340   1624010
1994 Q1  140702000  23794300   6292540   2802690
1995 Q1  158946000  19704100   3804770   2411990
1996 Q1   58092600  29724500   4722400   2181020
1997 Q1  359711000  11776400   7451060   2354470
1998 Q1   38509100  84699800   3576970   3750780
1999 Q1   69278100   7536840  21841000   2593080
2000 Q1  158526000  13363200   2237600   9676860
2001 Q1   59493100  22011900   2541130   4052540
2002 Q1   55490600   8735660   4339800   1737050
2003 Q1   11211100   6506130   1284540   1283240
2004 Q1   29615900   1660430   1332620    717035
2005 Q1   16068800   2828800    200736    414584
2006 Q1   23825500   3037840    699625    176788
2007 Q1   30887500   5004640    905879    306468
2008 Q1   22942400   5724010   1142500    321214
2009 Q1   27062500   2774750    417910    126764
2010 Q1   47689200   7286090   1048750    224085
2011 Q1    6003060  11723100   1931850    373875
2012 Q1    5259770   1194060   3040580    641288
2013 Q1   28976200   1101010    402774   1330960
2014 Q1   45345600   6733710    354941    599919
2015 Q1   51849000   7436540    852479    133635
2016 Q1    4446840  10309600   1602270    238851
2017 Q1  165481000    972608   3058750    587641
2018 Q1    9260120  42764200    303263   1223260
2019 Q1   50373200   2194180  12636300    485209
2020 Q1  108433000  13003600    626595   4164350
2021 Q1   35862700  23613800   2942930   1306430
2022 Q1   28249700   5778610   4352930    897501
2023 Q1   20508900   4027200    739117    783107

Table  1    S.sandeel :  Stock numbers (thousands) 

             Age 1     Age 2     Age 3     Age 4
                                                
1974 Q1   66059200  39814700   5125770  10686600
1975 Q1  150515000  21586600  12236200   5628370
1976 Q1   62030100  50649800   6609340   5903070
1977 Q1  106479000  16597600  10850500   2835570
1978 Q1  203159000  32066300   3960390   3266880
1979 Q1   87057300  52990700   5819560   1419350
1980 Q1  124705000  24604600   9691780   1179600
1981 Q1   74269100  40083400   5786680   2427490
1982 Q1  207130000  15304800   6712170   1546580
1983 Q1   22738200  52850600   2721040   1454570
1984 Q1  181287000   7506000  14608900   1220260
1985 Q1   59154000  52796800   1888520   4031520
1986 Q1  216812000  13740300   7658080    794537
1987 Q1   50446600  74088500   4230440   2630170
1988 Q1   43253200  17985800  25812800   2537310
1989 Q1  133791000  12798200   4361280   7001800
1990 Q1   69022500  36130800   2815230   2432580
1991 Q1   89720500  15560200   6014820    808302
1992 Q1  166400000  25161700   3620820   1538340
1993 Q1   38168100  49549100   6677610   1337440
1994 Q1  130306000  11764100  14044900   2257870
1995 Q1  189696000  42133800   3578970   4905430
1996 Q1   53797900  63841900  13712100   2819710
1997 Q1  310555000  15480200  14932400   3848700
1998 Q1   50689500 113510000   5474040   6732260
1999 Q1   81048700  14861500  29387500   3281740
2000 Q1  117502000  15675100   2241760   4841720
2001 Q1  155338000  32511400   3487980   1734980
2002 Q1  199876000  31614500   4260680    662535
2003 Q1   23034100  52184900   6487190   1100650
2004 Q1   85436600   4231320   6131490   1019920
2005 Q1   49224200  18444000    628682   1224000
2006 Q1  109516000  10541900   2917200    307397
2007 Q1   81910100  22599800   1574860    450706
2008 Q1  141172000  19300600   4609330    523856
2009 Q1   73936500  32970100   3663210   1079790
2010 Q1  366560000  14983800   4536450    543004
2011 Q1   45816500 123882000   4575230   1742550
2012 Q1   50278500  11827300  29126700   1906790
2013 Q1   93113900  11903500   2732860  10481200
2014 Q1   75937000  16536500   1475000   1654630
2015 Q1  147149000  19206300   3533770    836142
2016 Q1   34448500  38962900   4318610   1153470
2017 Q1  157704000  10173300  11339500   2182020
2018 Q1   16762400  40439700   2101710   2974160
2019 Q1   27199200   3791090   6667360    806701
2020 Q1   65807000   7750180    884312   1728590
2021 Q1   35319300  19434300   1900220    690306
2022 Q1   56267200  11297200   5849210    935251
2023 Q1   57629700  22317200   4473830   3209350

Table  1    Nor.pout :  Stock numbers (thousands) 

             Age 1     Age 2     Age 3
                                      
1974 Q1  112913000   2873840    309943
1975 Q1   74864600   6134980     15204
1976 Q1  112489000   6349920    135059
1977 Q1   90479900   7784680    130514
1978 Q1   47519000   8631460    337935
1979 Q1   79419400   4270430    303923
1980 Q1   89659600   8920710    158626
1981 Q1   18305700   9125050    308206
1982 Q1   45580200   1171110    273724
1983 Q1   62725300   4354220     41225
1984 Q1   75750500   7130450    124856
1985 Q1   25645900   8665710    197108
1986 Q1   34628500   1403340     40548
1987 Q1   29465600   3835830     63764
1988 Q1   15232800   2563880     77611
1989 Q1   25672800   1847440    147026
1990 Q1   25925200   3101280     89638
1991 Q1   27594000   3547570    160350
1992 Q1   61339200   3079880     85174
1993 Q1   23432600  10824800    258499
1994 Q1   19340100   2214080    201778
1995 Q1   62764900   2426570    101990
1996 Q1   22123400   9177430    206157
1997 Q1   49133400   2901670    645422
1998 Q1   11052700   7703440    249565
1999 Q1   22425700   1641480    731688
2000 Q1   40869500   3058400    128094
2001 Q1   14220700   6985050    286370
2002 Q1   16037300   1781800    859086
2003 Q1    9153280   1606250    110373
2004 Q1    4427580   1068820     71847
2005 Q1    5761600    485952     60289
2006 Q1   16889900    824215     82688
2007 Q1   12250000   1933720     39710
2008 Q1   19872700   1729190    340916
2009 Q1   35282500   2282380    158518
2010 Q1   49293600   4916500    252067
2011 Q1    9582340   6240550    250552
2012 Q1   14714700    985316    742771
2013 Q1   37094100   1430750    105009
2014 Q1   12081500   3413800     67060
2015 Q1   40802100    993947    132179
2016 Q1   19078700   5227010     67301
2017 Q1   29775400   1623040    161007
2018 Q1   11425300   3092700    131381
2019 Q1   34342600   1075740    124846
2020 Q1   41087100   4758490     52302
2021 Q1   28884200   5341390    166399
2022 Q1   19890500   3001870    212978
2023 Q1   34162300   1383390    116574

Table  1    Sprat :  Stock numbers (thousands) 

             Age 1     Age 2     Age 3
                                      
1974 Q1  241873000  11649200   1481440
1975 Q1  165501000  47752000   1711980
1976 Q1  332798000  16379900   1475250
1977 Q1   88475200  35632700    715861
1978 Q1  169889000   9845790   1311670
1979 Q1  311143000  27301200    908771
1980 Q1  156480000  66984900   4041810
1981 Q1   51705000  14840500   2520370
1982 Q1   22808100   5783930    744995
1983 Q1   20055200   4072340    687694
1984 Q1   35003000   2520020    199228
1985 Q1   20851900   7313760    353884
1986 Q1   15319700   3978060    876529
1987 Q1   28520600   1390180    168901
1988 Q1   16958800   6103460    305609
1989 Q1   19161700   2279980    473527
1990 Q1   41373900   3606770    495029
1991 Q1   47096500   4981230    256467
1992 Q1   27691600   5986060    343910
1993 Q1   42867400   6071280   1065670
1994 Q1   91872900   7061060    586664
1995 Q1   68264200  20583600   1223300
1996 Q1   14596100   9196640   1272280
1997 Q1   24333300   2544480    975259
1998 Q1   25611700   5430980    519116
1999 Q1   49690600   4119930    436561
2000 Q1   37141400  10086500    540769
2001 Q1   31014600   6818720    988007
2002 Q1   31693000   4441120    462536
2003 Q1   33195500   5767870    409035
2004 Q1   39063500   5087320    430717
2005 Q1  100048000   6801030    470786
2006 Q1   29133600  18188300    804816
2007 Q1   36540100   3895790    999179
2008 Q1   28099500   7184970    632517
2009 Q1   79902600   5558960    992533
2010 Q1   62684900  20996200   1436300
2011 Q1   62578400  15435400   4269940
2012 Q1   40646600  10986500   2514870
2013 Q1   33036000   6762730   1714020
2014 Q1  101777000   6309970   1080750
2015 Q1   97714900  33016900   2421020
2016 Q1   62151500  20105400   4465500
2017 Q1   64230300   5381080    719175
2018 Q1  102614000  13552300   1038410
2019 Q1   89349800  19475900   1920020
2020 Q1   68818100  19560100   3837340
2021 Q1   54670200  11949000   2898110
2022 Q1   75510400   9493850   2194770
2023 Q1  155740000  17468300   2793150

Table  1    Plaice :  Stock numbers (thousands) 

          Age 01  Age 02  Age 03  Age 04  Age 05  Age 06  Age 07  Age 08  Age 09  Age 10
                                                                                        
1974 Q1  2761510 2079950  295958  191426  156630  101834   47907   35012   31926  123527
1975 Q1  1831820 1513340 1101940  158026  102628   85842   58561   29237   21530   96846
1976 Q1  1480310  984257  766723  558221   79971   53115   46916   34275   17243   70738
1977 Q1  2142240  815670  527945  415403  304099   44529   30978   28966   21323   55454
1978 Q1  1753440 1169370  428308  278958  220163  164773   25349   18749   17664   47411
1979 Q1  1842210  966476  627696  232253  152110  122706   96181   15661   11672   41024
1980 Q1  2477280  963898  461066  296223  108745   72881   62621   53211    8730   29757
1981 Q1  2146970 1337030  493323  236369  151880   57016   40294   37000   31680   23211
1982 Q1  4641230 1153080  676723  249614  119463   78505   31126   23562   21801   32683
1983 Q1  3140440 2458970  565891  330193  121228   59355   41378   17683   13488   31555
1984 Q1  2935690 1673860 1223310  280575  163206   61292   31773   23808   10252   26439
1985 Q1  3754060 1555780  821980  597323  136374   81153   32328   18060   13636   21280
1986 Q1  9132400 2012300  783994  413764  300184   70095   44082   18826   10598   20730
1987 Q1  4286960 4743290  944107  362785  189601  140786   35099   24010   10332   17403
1988 Q1  4322750 2219790 2209990  433316  164755   88134   69940   18993   13092   15303
1989 Q1  3146760 2218600 1013710  990637  191753   74641   42795   37143   10164   15367
1990 Q1  2707580 1646360 1058230  478298  463733   91856   38085   23672   20702   14397
1991 Q1  2568290 1531260  802107  512282  229500  222037   45204   21787   13645   20444
1992 Q1  2192870 1433940  705662  363710  228656  101840  101507   24605   11949   18916
1993 Q1  1395820 1218060  646272  311714  157712   98426   45205   54163   13229   16791
1994 Q1  1286300  777943  557043  290420  137754   69255   44542   24438   29503   16540
1995 Q1  1983900  716684  355296  249931  128122   60381   31286   24051   13296   25304
1996 Q1  1945620 1110140  333485  162949  112968   57610   27960   17177   13305   21613
1997 Q1  5511910 1076220  491375  144215   69018   47441   24968   14680    9087   18693
1998 Q1  2108340 3013800  453056  200323   57226   27063   19239   12534    7426   14225
1999 Q1  1918920 1170900 1357240  199945   86776   24607   12001   10258    6734   11774
2000 Q1  2160010 1064160  524011  594590   85910   36995   10821    6363    5481   10007
2001 Q1  1321200 1228890  532024  261491  295042   42612   18839    6335    3754    9246
2002 Q1  3741120  740137  574600  245395  118940  133547   19859   10388    3520    7313
2003 Q1  1216650 2106890  354084  272263  114990   55548   64153   11177    5891    6219
2004 Q1  2559650  691284 1047410  175527  134113   56598   28077   37368    6560    7187
2005 Q1  1767810 1485570  376755  578491   97438   74848   32311   17754   23810    8857
2006 Q1  1922680 1026730  812138  208837  322418   54609   42905   20488   11344   21070
2007 Q1  3024700 1118320  564875  453548  117359  182275   31568   27361   13165   21080
2008 Q1  2615110 1730430  618451  311797  247223   65663  109267   21107   18434   23346
2009 Q1  2490740 1520470 1006480  363870  183200  148855   41769   75605   14716   29463
2010 Q1  3136920 1440100  869086  579260  208327  107547   92767   28561   52092   30811
2011 Q1  3664590 1825650  840184  513317  341905  125996   68658   64322   19954   58511
2012 Q1  3043540 2109710 1029600  475403  288078  196830   77291   46521   43916   54256
2013 Q1  3262630 1755510 1196890  586977  269169  167282  121590   52583   31891   68067
2014 Q1  3390050 1895190 1018120  701629  343407  161390  106048   83966   36589   70411
2015 Q1  1887490 1962970 1088290  589397  404478  202956  101127   72743   58035   74854
2016 Q1  2046380 1087930 1111190  618707  332616  234120  125048   68696   49791   92007
2017 Q1  2839630 1169910  600328  611652  336153  185510  139985   83487   46214   96545
2018 Q1  1874360 1643560  670925  346956  351918  198288  116061   95936   57652   99793
2019 Q1  4141980 1077900  923760  378000  193731  201593  121152   78460   65349  108534
2020 Q1  2529940 2411460  629584  546398  223491  117363  128870   84067   54859  123028
2021 Q1  2082660 1473710 1410820  373172  323848  135716   75170   89523   58845  126059
2022 Q1  6744090 1224500  887605  867537  230943  205146   89946   53259   63912  133632
2023 Q1  3005270 3976350  744010  551896  543943  148174  137371   64109   38250  143616

Table  1    Sole :  Stock numbers (thousands) 

         Age 01 Age 02 Age 03 Age 04 Age 05 Age 06 Age 07 Age 08 Age 09 Age 10
                                                                              
1974 Q1  101997 102551  49014  11785  19526   5064   4857   2578   1417  19028
1975 Q1   46939  92106  75868  25095   5883  10879   2923   3096   1643  13034
1976 Q1  106208  42386  67916  38484  12406   3252   6235   1853   1963   9304
1977 Q1  132988  95919  31701  35861  19839   7096   1924   4051   1204   7320
1978 Q1   48773 120125  72987  17576  19454  11828   4362   1288   2712   5707
1979 Q1   14336  44038  87890  36216   8491  10553   6662   2728    805   5265
1980 Q1  142282  12945  32333  44042  17677   4645   5990   4191   1716   3819
1981 Q1  149271 128473   9496  16162  21441   9649   2631   3763   2633   3477
1982 Q1  139152 134786  94376   4766   7901  11744   5484   1657   2370   3848
1983 Q1  141472 125616  96450  43979   2156   4063   6295   3299    997   3741
1984 Q1   73864 127727  91101  46682  20701   1145   2244   3877   2032   2918
1985 Q1   88749  66666  89709  40270  19988  10177    589   1307   2258   2883
1986 Q1  142289  80114  47578  41490  18077  10212   5422    353    783   3079
1987 Q1   65707 128417  55942  20690  17463   8764   5183   3126    203   2226
1988 Q1  478217  59328  93941  27746   9990   9469   4934   3240   1955   1519
1989 Q1  107344 431773  43195  45973  13212   5356   5275   3059   2009   2154
1990 Q1  215074  96956 326549  23539  24493   7762   3248   3495   2027   2758
1991 Q1   80254 191237  72513 194137  12764  13160   4330   1898   2043   2796
1992 Q1  381296  71217 139946  41090  99289   6461   6947   2408   1056   2691
1993 Q1   79493 338496  52346  80072  21264  50868   3449   3902   1352   2104
1994 Q1   56289  70457 244495  28820  39539  10386  25977   1861   2106   1865
1995 Q1   93096  49820  50108 130088  13650  18510   5099  13528    969   2068
1996 Q1   58653  82509  35960  27546  64117   6655   9436   2747   7289   1636
1997 Q1  237351  51535  54193  16056  10536  24146   2670   4095   1192   3873
1998 Q1  107233 209495  35567  26987   7015   4543  10985   1298   1990   2462
1999 Q1   86844  94489 141956  17010  11224   2877   1973   5120    605   2075
2000 Q1  116629  76739  66021  72641   7682   5006   1350    987   2560   1340
2001 Q1   63615 102808  52218  31868  30555   3187   2197    636    464   1836
2002 Q1  174067  56320  73340  27972  15219  14425   1577   1152    333   1206
2003 Q1   80685 154112  40194  39324  13374   7193   7145    828    605    808
2004 Q1   43963  71459 110381  21722  18983   6383   3596   3782    438    748
2005 Q1   47661  38947  51343  60070  10576   9139   3216   1917   2016    632
2006 Q1  170809  42154  27488  26863  27875   4849   4401   1646    981   1356
2007 Q1   68076 151573  30843  15571  13733  14105   2559   2446    915   1299
2008 Q1   65737  60395 110610  17370   7904   6899   7393   1414   1352   1223
2009 Q1   81254  58486  45459  66694   9583   4322   3912   4385    839   1527
2010 Q1  164586  72111  42841  25815  34200   4864   2287   2180   2444   1318
2011 Q1  206918 145731  51516  23023  12376  16210   2415   1203   1147   1980
2012 Q1   52556 183709 107226  29544  11948   6359   8676   1360    678   1761
2013 Q1   89640  46542 131473  57845  14231   5690   3172   4584    718   1288
2014 Q1  135376  79526  33966  74048  29366   7150   2983   1753   2533   1109
2015 Q1   94553 120160  58346  19356  38134  14971   3799   1668    980   2037
2016 Q1   61557  83999  89007  33959  10228  19956   8150   2172    954   1725
2017 Q1   99372  54482  59733  47348  16080   4787   9796   4244   1131   1395
2018 Q1   74364  87911  38553  31433  22126   7426   2321   5043   2185   1300
2019 Q1  199171  65758  61913  20075  14502  10085   3556   1182   2568   1775
2020 Q1   31553 175637  44938  30170   8542   6087   4475   1690    562   2064
2021 Q1   59042  28008 128962  25654  15570   4364   3241   2507    947   1471
2022 Q1   91379  52727  21967  85139  15806   9527   2747   2113   1634   1576
2023 Q1   88714  82009  43638  16327  60611  11204   6873   2025   1558   2368
